22	5	80	40
0	31.7390	45.7859	3	854	854
1	10.7934	42.2108	3	890	890
2	10.0953	44.7677	3	806	806
3	25.6913	45.7615	3	646	646
4	26.8470	14.8644	3	943	943
5	7.8562	8.5538	3	603	603
6	0.3859	5.0441	3	780	780
7	42.3830	29.7980	3	826	826
8	7.8302	24.5039	3	796	796
9	1.3697	26.6057	3	804	804
10	13.0877	27.7405	3	578	578
11	27.0630	42.1927	3	578	578
12	33.2780	13.9296	3	1034	1034
13	48.4802	15.0170	3	600	600
14	9.7155	9.2736	3	563	563
15	7.2279	19.7438	3	979	979
16	39.7105	17.3232	3	878	878
17	14.5114	42.9098	3	859	859
18	38.0610	40.2027	3	1014	1014
19	38.6713	14.9080	3	853	853
20	5.0672	46.5275	3	768	768
21	23.4618	5.4531	3	628	628
22	1.5716	15.8447	3	829	829
23	35.2511	9.4019	3	636	636
24	40.3486	36.6209	3	575	575
25	36.0076	3.4364	3	568	568
26	14.3614	13.0706	3	1020	1020
27	45.6291	47.6394	3	664	664
28	12.6564	36.7157	3	830	830
29	3.3828	19.8843	3	932	932
30	6.4594	43.0934	3	729	729
31	37.2075	20.9709	3	997	997
32	36.0032	25.2684	3	654	654
33	40.1764	16.2408	3	847	847
34	21.2020	13.6381	3	955	955
35	21.6939	22.7737	3	909	909
36	29.4828	6.9450	3	890	890
37	32.1755	19.8315	3	567	567
38	43.5659	18.1831	3	567	567
39	23.2679	7.9273	3	999	999
40	31.2537	18.8970	3	811	811
41	5.5668	8.2538	3	585	585
42	13.0063	18.2232	3	1017	1017
43	38.1075	1.4289	3	805	805
44	9.4825	25.3150	3	977	977
45	22.3998	45.4857	3	892	892
46	0.5834	33.5735	3	617	617
47	20.1602	40.7598	3	815	815
48	49.8143	41.3622	3	711	711
49	14.1358	33.8807	3	591	591
50	3.7122	22.0191	3	981	981
51	14.4945	26.9801	3	919	919
52	29.9464	45.7481	3	1012	1012
53	45.8771	35.5132	3	642	642
54	4.0019	8.8834	3	867	867
55	25.2725	41.8439	3	1027	1027
56	0.4004	34.7550	3	650	650
57	6.3737	0.4009	3	847	847
58	41.7630	12.8999	3	1003	1003
59	27.6961	5.8989	3	792	792
60	46.7806	6.1493	3	611	611
61	27.4730	8.1148	3	692	692
62	12.4528	23.3501	3	621	621
63	43.6280	16.4548	3	577	577
64	32.2335	47.3643	3	851	851
65	15.4262	7.5060	3	1016	1016
66	39.2082	15.8266	3	926	926
67	24.1093	45.0005	3	702	702
68	22.9026	32.6113	3	1023	1023
69	1.1884	14.6657	3	806	806
70	45.5112	28.8845	3	661	661
71	35.0338	22.7748	3	794	794
72	39.4795	20.2576	3	831	831
73	21.3169	1.9323	3	990	990
74	18.3870	25.8412	3	560	560
75	33.3473	1.5175	3	769	769
76	49.6399	25.6083	3	842	842
77	7.8845	38.2667	3	617	617
78	48.1101	31.9938	3	896	896
79	33.2672	21.0127	3	865	865
80	29.7586	43.1968	-3	854	854
81	8.9948	42.6147	-3	890	890
82	9.3325	44.1604	-3	806	806
83	28.4532	46.3114	-3	646	646
84	25.2863	13.7781	-3	943	943
85	5.4413	8.6400	-3	603	603
86	1.5193	4.0920	-3	780	780
87	44.9621	30.8355	-3	826	826
88	10.4622	26.9894	-3	796	796
89	1.8354	23.8541	-3	804	804
90	11.1736	24.6745	-3	578	578
91	27.0002	44.1093	-3	578	578
92	33.8672	14.1329	-3	1034	1034
93	44.9695	16.3891	-3	600	600
94	9.5459	8.8965	-3	563	563
95	4.3979	21.5081	-3	979	979
96	39.8953	14.8699	-3	878	878
97	20.5645	42.2918	-3	859	859
98	40.0259	41.5314	-3	1014	1014
99	37.7750	14.6960	-3	853	853
100	5.2361	43.0382	-3	768	768
101	22.3511	6.4395	-3	628	628
102	2.3466	12.2228	-3	829	829
103	33.5447	7.9228	-3	636	636
104	41.3322	39.1580	-3	575	575
105	35.3474	2.1138	-3	568	568
106	12.4440	12.6896	-3	1020	1020
107	44.9778	49.6228	-3	664	664
108	14.6051	34.4556	-3	830	830
109	6.3602	22.8327	-3	932	932
110	10.0280	42.2584	-3	729	729
111	38.6268	22.5018	-3	997	997
112	34.6090	24.3574	-3	654	654
113	41.5132	13.5681	-3	847	847
114	22.0546	14.7287	-3	955	955
115	20.6788	21.5201	-3	909	909
116	26.2399	9.4858	-3	890	890
117	30.2407	17.7422	-3	567	567
118	43.8549	19.5492	-3	567	567
119	19.5327	7.7263	-3	999	999
120	28.1684	16.7047	-3	811	811
121	9.4493	6.7221	-3	585	585
122	12.9777	16.1481	-3	1017	1017
123	40.6961	2.9834	-3	805	805
124	6.7034	26.0857	-3	977	977
125	23.1383	41.8206	-3	892	892
126	5.0180	30.9249	-3	617	617
127	17.4416	40.1540	-3	815	815
128	47.8379	38.8165	-3	711	711
129	14.1815	37.1431	-3	591	591
130	1.6361	24.2414	-3	981	981
131	12.6857	28.2501	-3	919	919
132	29.0177	45.1927	-3	1012	1012
133	48.3734	32.2802	-3	642	642
134	9.6786	6.4735	-3	867	867
135	22.2798	40.2024	-3	1027	1027
136	2.4138	39.3153	-3	650	650
137	7.6908	0.7677	-3	847	847
138	42.7847	13.2021	-3	1003	1003
139	30.7573	3.8719	-3	792	792
140	42.2611	6.3671	-3	611	611
141	26.9506	2.1979	-3	692	692
142	13.1956	19.5265	-3	621	621
143	43.6077	14.9449	-3	577	577
144	28.6600	44.3614	-3	851	851
145	13.0456	7.8227	-3	1016	1016
146	36.8597	17.7034	-3	926	926
147	26.9405	48.1464	-3	702	702
148	24.2409	31.6143	-3	1023	1023
149	2.8993	20.9227	-3	806	806
150	45.0169	26.9161	-3	661	661
151	36.0039	20.3009	-3	794	794
152	37.7886	20.1339	-3	831	831
153	27.1867	2.4833	-3	990	990
154	23.0539	24.5153	-3	560	560
155	39.7743	1.4098	-3	769	769
156	48.2133	21.3681	-3	842	842
157	5.2455	42.6128	-3	617	617
158	43.9184	27.9498	-3	896	896
159	34.4423	22.8432	-3	865	865
160	35.6784	10.1162	1	780	840
161	13.3402	6.2429	1	787	847
162	15.4503	32.8930	1	944	1004
163	20.4294	9.0581	1	904	964
164	34.8993	10.1472	1	929	989
165	22.6297	18.2466	1	561	621
166	11.6646	22.2696	1	773	833
167	1.5430	43.8035	1	751	811
168	28.2591	48.6561	1	840	900
169	26.2643	41.5993	1	547	607
170	39.9732	33.9166	1	826	886
171	23.8650	1.5493	1	771	831
172	11.6597	33.2727	1	801	861
173	42.4274	34.2895	1	997	1057
174	6.5591	45.3742	1	820	880
175	37.3392	25.1842	1	833	893
176	10.8989	0.3169	1	774	834
177	48.9730	17.5965	1	788	848
178	46.2689	20.7305	1	787	847
179	39.0023	24.7053	1	927	987
180	41.0954	31.4297	1	844	904
181	35.5217	15.5539	1	820	880
182	34.3471	43.5481	1	734	794
183	25.6451	25.6793	1	746	806
184	43.2758	13.4633	1	592	652
185	34.1938	16.2786	1	726	786
186	6.4809	19.1279	1	595	655
187	44.2319	18.0460	1	804	864
188	33.6276	3.2267	1	725	785
189	10.6607	19.1493	1	823	883
190	18.7805	48.6496	1	801	861
191	28.3122	1.4297	1	965	1025
192	38.3385	27.6838	1	1003	1063
193	41.1472	2.7309	1	667	727
194	21.1591	25.3409	1	860	920
195	19.0094	30.8377	1	854	914
196	31.8145	25.4904	1	620	680
197	49.9656	45.0101	1	555	615
198	42.4755	5.6227	1	596	656
199	49.9848	11.2560	1	920	980
200	40.3724	6.6882	-1	850	910
201	14.2655	5.5794	-1	860	920
202	17.6569	35.9908	-1	1013	1073
203	20.1862	4.3536	-1	973	1033
204	37.9889	9.1629	-1	1004	1064
205	24.4547	12.4115	-1	630	690
206	13.0238	22.2232	-1	842	902
207	7.2073	39.1003	-1	823	883
208	22.8752	44.5859	-1	910	970
209	28.4900	39.5447	-1	615	675
210	39.1113	31.0273	-1	900	960
211	23.0801	10.0889	-1	845	905
212	11.0905	33.1705	-1	867	927
213	47.0548	37.5426	-1	1068	1128
214	3.5873	48.2215	-1	894	954
215	38.1185	23.6769	-1	907	967
216	12.2491	4.4940	-1	846	906
217	48.5277	16.2493	-1	859	919
218	47.3688	16.2471	-1	854	914
219	32.7060	24.6180	-1	999	1059
220	46.8134	32.5208	-1	917	977
221	31.5804	11.1191	-1	890	950
222	32.2971	47.2825	-1	805	865
223	27.8729	29.2947	-1	816	876
224	45.2801	6.7761	-1	663	723
225	29.8314	15.3298	-1	798	858
226	8.9619	15.2872	-1	669	729
227	46.2356	24.6388	-1	879	939
228	41.0014	3.8762	-1	798	858
229	12.8515	24.6179	-1	896	956
230	15.1728	49.1647	-1	873	933
231	17.8151	3.4588	-1	1041	1101
232	32.1824	29.2225	-1	1075	1135
233	40.9562	7.6635	-1	743	803
234	21.8093	23.3191	-1	927	987
235	20.9091	27.0217	-1	927	987
236	39.7875	25.8679	-1	686	746
237	42.5034	43.1750	-1	631	691
238	34.9852	0.0273	-1	669	729
239	49.3445	12.8714	-1	993	1053
240	3.7364	48.9715	0	540	1140
241	14.5780	18.9990	0	540	1140
242	23.6412	17.0954	0	540	1140
243	32.6492	25.3282	0	540	1140
244	28.4722	49.4855	0	540	1140
245	3.1993	20.7378	0	540	1140
246	2.4080	48.3739	0	540	1140
247	23.9778	12.6592	0	540	1140
248	48.3953	46.0901	0	540	1140
249	4.8990	28.6723	0	540	1140
250	29.2606	17.7531	0	540	1140
251	47.2080	39.2488	0	540	1140
252	2.2102	0.4929	0	540	1140
253	43.2024	5.3865	0	540	1140
254	17.1588	22.8002	0	540	1140
255	11.5761	18.4972	0	540	1140
256	10.5363	41.9650	0	540	1140
257	10.0283	30.4370	0	540	1140
258	13.9809	49.3956	0	540	1140
259	12.3092	33.8133	0	540	1140
260	8.5020	6.1879	0	540	1140
261	4.3865	4.3229	0	540	1140
