26	5	100	50
0	21.0845	24.6654	3	564	564
1	34.5770	17.5471	3	883	883
2	44.6563	24.0291	3	994	994
3	8.0650	3.6164	3	838	838
4	13.7781	46.9089	3	636	636
5	11.4511	23.8470	3	740	740
6	29.2220	11.3395	3	705	705
7	3.3398	27.8140	3	769	769
8	6.9540	46.7753	3	680	680
9	42.5711	46.2418	3	637	637
10	12.7183	7.2572	3	804	804
11	17.2773	35.5095	3	685	685
12	40.6686	9.8537	3	973	973
13	23.9666	21.1595	3	767	767
14	30.5038	17.2517	3	1035	1035
15	24.3456	1.5883	3	697	697
16	41.9172	8.9225	3	743	743
17	19.1354	36.5735	3	886	886
18	32.9517	27.2004	3	710	710
19	24.1092	1.6410	3	577	577
20	12.9805	23.9165	3	737	737
21	31.1453	19.9345	3	867	867
22	20.6918	23.7163	3	892	892
23	16.1763	33.4102	3	668	668
24	30.9735	33.4536	3	803	803
25	18.9197	21.6421	3	898	898
26	43.3072	42.8862	3	619	619
27	10.1380	17.1472	3	639	639
28	25.3993	2.0552	3	770	770
29	26.0697	44.5347	3	721	721
30	21.7351	28.8186	3	728	728
31	5.7511	45.8444	3	646	646
32	30.4596	26.3278	3	564	564
33	49.1756	43.4401	3	683	683
34	0.2443	30.3209	3	924	924
35	13.3746	20.9362	3	992	992
36	4.3464	35.0108	3	735	735
37	13.0045	23.2660	3	589	589
38	6.6529	6.3117	3	593	593
39	16.1522	49.4545	3	855	855
40	30.1227	26.2902	3	1018	1018
41	16.6017	5.5220	3	838	838
42	28.3454	42.6714	3	852	852
43	0.0567	16.9740	3	823	823
44	1.6928	21.7918	3	917	917
45	45.7926	7.4440	3	848	848
46	17.6362	26.2522	3	960	960
47	33.7718	16.8118	3	972	972
48	47.1327	33.0669	3	566	566
49	4.9523	1.1699	3	631	631
50	12.6179	9.2987	3	861	861
51	36.1807	25.6223	3	743	743
52	32.5647	42.8335	3	810	810
53	31.9341	48.7169	3	585	585
54	42.2881	12.0568	3	723	723
55	25.0072	8.8898	3	573	573
56	17.5788	3.3525	3	924	924
57	1.5612	17.6356	3	782	782
58	20.3266	3.2540	3	1004	1004
59	42.3714	44.4698	3	1006	1006
60	23.8754	12.0637	3	943	943
61	45.1306	33.4382	3	565	565
62	42.7368	8.3587	3	612	612
63	33.3708	25.3015	3	820	820
64	24.0184	43.4803	3	688	688
65	27.3617	49.0256	3	848	848
66	2.3701	44.9405	3	772	772
67	2.3781	3.9312	3	735	735
68	38.8239	17.8832	3	749	749
69	9.0670	31.1952	3	806	806
70	43.2589	40.8388	3	1031	1031
71	24.2770	26.1286	3	727	727
72	46.1380	17.0138	3	956	956
73	34.4874	29.5088	3	843	843
74	42.3154	35.6796	3	991	991
75	29.1599	22.1754	3	705	705
76	17.1159	17.7375	3	1003	1003
77	10.5297	40.7624	3	911	911
78	23.7049	3.7202	3	990	990
79	13.7215	27.6555	3	1009	1009
80	42.1098	37.9985	3	854	854
81	3.7841	38.2478	3	811	811
82	5.0124	38.2715	3	584	584
83	17.7567	47.3277	3	624	624
84	13.6615	3.1110	3	837	837
85	34.6410	1.8617	3	748	748
86	46.7585	20.1022	3	990	990
87	31.5536	37.2007	3	593	593
88	16.4668	23.2784	3	842	842
89	46.1611	27.7163	3	826	826
90	30.6483	9.8826	3	1039	1039
91	5.3718	22.7581	3	746	746
92	47.8811	9.1559	3	831	831
93	11.0059	2.8935	3	963	963
94	47.4274	28.7626	3	878	878
95	27.9405	39.6622	3	959	959
96	29.2327	9.4942	3	771	771
97	26.8629	41.9814	3	610	610
98	22.7432	43.3296	3	1007	1007
99	20.2577	11.4209	3	960	960
100	21.0426	22.0300	-3	564	564
101	38.5759	18.2516	-3	883	883
102	42.8016	23.8110	-3	994	994
103	9.7427	5.5243	-3	838	838
104	17.5473	46.5870	-3	636	636
105	10.4613	22.8827	-3	740	740
106	31.9505	9.5508	-3	705	705
107	5.6085	26.2387	-3	769	769
108	3.4516	47.6839	-3	680	680
109	40.1899	46.7297	-3	637	637
110	14.0364	7.6173	-3	804	804
111	19.6923	34.0161	-3	685	685
112	38.6287	9.0214	-3	973	973
113	23.6642	19.1846	-3	767	767
114	28.4859	21.0081	-3	1035	1035
115	25.8528	3.1233	-3	697	697
116	41.2380	7.2647	-3	743	743
117	17.1194	39.2556	-3	886	886
118	34.7458	29.0209	-3	710	710
119	20.5767	3.3313	-3	577	577
120	12.8667	24.2420	-3	737	737
121	29.6972	22.1799	-3	867	867
122	19.3191	22.2480	-3	892	892
123	15.3594	31.5300	-3	668	668
124	31.2302	30.3246	-3	803	803
125	15.0960	20.2845	-3	898	898
126	43.2588	43.2286	-3	619	619
127	10.0704	15.5710	-3	639	639
128	29.8185	1.7517	-3	770	770
129	25.5933	42.0548	-3	721	721
130	18.7978	27.2443	-3	728	728
131	4.2667	43.5057	-3	646	646
132	31.8033	29.5696	-3	564	564
133	46.6308	45.3320	-3	683	683
134	1.0009	26.6952	-3	924	924
135	13.4327	22.2994	-3	992	992
136	5.7786	32.6234	-3	735	735
137	12.5760	22.7047	-3	589	589
138	10.6980	7.0636	-3	593	593
139	21.2371	49.3879	-3	855	855
140	31.6954	29.2661	-3	1018	1018
141	16.8479	4.4381	-3	838	838
142	29.4946	45.7656	-3	852	852
143	1.1923	15.3049	-3	823	823
144	0.2212	21.3784	-3	917	917
145	47.1383	5.4875	-3	848	848
146	18.9277	25.4407	-3	960	960
147	30.1563	18.8555	-3	972	972
148	46.7101	34.3901	-3	566	566
149	7.1853	2.0034	-3	631	631
150	17.7770	9.1982	-3	861	861
151	36.0039	27.6788	-3	743	743
152	33.8121	43.0039	-3	810	810
153	36.4180	49.2217	-3	585	585
154	42.9037	9.1305	-3	723	723
155	24.6413	10.2438	-3	573	573
156	21.4994	6.3156	-3	924	924
157	5.3607	21.4635	-3	782	782
158	22.1780	7.7485	-3	1004	1004
159	42.6384	41.0224	-3	1006	1006
160	23.9511	12.5704	-3	943	943
161	47.6993	33.6207	-3	565	565
162	41.2425	11.2119	-3	612	612
163	34.8482	23.7780	-3	820	820
164	20.9028	43.1683	-3	688	688
165	26.6064	47.3854	-3	848	848
166	1.5880	43.2705	-3	772	772
167	0.6359	0.5196	-3	735	735
168	41.3330	13.8828	-3	749	749
169	12.3530	32.9425	-3	806	806
170	40.4422	42.6465	-3	1031	1031
171	24.4895	26.0788	-3	727	727
172	44.8137	16.3338	-3	956	956
173	35.4612	29.6919	-3	843	843
174	40.1493	31.5658	-3	991	991
175	35.1745	21.8822	-3	705	705
176	14.1472	17.6845	-3	1003	1003
177	9.1977	42.6474	-3	911	911
178	30.0534	4.6641	-3	990	990
179	15.2598	26.7546	-3	1009	1009
180	40.3991	32.5613	-3	854	854
181	1.4605	41.1397	-3	811	811
182	5.2554	41.3562	-3	584	584
183	18.6922	44.8629	-3	624	624
184	13.2000	1.8346	-3	837	837
185	36.0651	5.7282	-3	748	748
186	46.2624	20.7998	-3	990	990
187	30.7423	38.9115	-3	593	593
188	14.6304	21.6987	-3	842	842
189	49.4813	28.3217	-3	826	826
190	30.0840	7.5645	-3	1039	1039
191	6.6026	20.8665	-3	746	746
192	44.7263	12.0907	-3	831	831
193	17.3585	7.3955	-3	963	963
194	45.5924	31.3802	-3	878	878
195	24.9929	40.6438	-3	959	959
196	30.7144	6.7070	-3	771	771
197	26.5141	40.7537	-3	610	610
198	20.3993	44.5025	-3	1007	1007
199	21.3035	9.8427	-3	960	960
200	18.9986	34.6701	1	918	978
201	22.0782	16.4260	1	628	688
202	37.8044	4.7657	1	557	617
203	36.1822	12.2939	1	616	676
204	30.8446	29.0859	1	913	973
205	21.4243	8.7851	1	990	1050
206	18.2792	45.6109	1	892	952
207	38.9405	7.8982	1	639	699
208	10.1043	40.6227	1	882	942
209	9.8073	1.0893	1	592	652
210	18.4385	31.8855	1	830	890
211	17.5153	31.8713	1	568	628
212	4.1848	5.3197	1	855	915
213	36.6370	40.3670	1	967	1027
214	19.4529	39.0379	1	555	615
215	39.6949	44.5459	1	574	634
216	35.5683	22.7523	1	627	687
217	0.1734	7.6839	1	987	1047
218	25.8233	9.9807	1	727	787
219	8.7732	44.2618	1	939	999
220	41.8662	26.2885	1	733	793
221	26.1331	46.0510	1	878	938
222	31.6082	12.7701	1	977	1037
223	1.0641	27.8836	1	915	975
224	10.2880	36.6324	1	963	1023
225	39.9777	32.5865	1	755	815
226	23.2549	0.4645	1	546	606
227	8.3166	20.8594	1	564	624
228	33.6295	44.5598	1	548	608
229	39.1465	13.8811	1	733	793
230	8.0959	23.0221	1	546	606
231	13.6446	30.2498	1	858	918
232	36.4825	36.8995	1	753	813
233	46.3001	26.9396	1	966	1026
234	43.8106	21.9301	1	935	995
235	16.4327	39.0826	1	589	649
236	4.7313	43.7693	1	946	1006
237	11.8409	20.8996	1	749	809
238	41.8429	17.4494	1	688	748
239	42.3870	28.4136	1	750	810
240	38.5590	0.1544	1	801	861
241	12.0438	23.8946	1	910	970
242	14.8777	11.7357	1	779	839
243	34.3209	24.9105	1	646	706
244	48.1367	13.8155	1	867	927
245	10.0193	44.4888	1	726	786
246	36.9569	5.1122	1	613	673
247	34.8173	45.1590	1	954	1014
248	19.4010	37.7725	1	703	763
249	22.5944	17.5377	1	800	860
250	20.2245	32.0282	-1	984	1044
251	17.6136	17.4816	-1	694	754
252	40.2316	3.3453	-1	623	683
253	38.0400	9.7632	-1	682	742
254	32.0907	33.7684	-1	979	1039
255	22.3862	15.6487	-1	1056	1116
256	16.1683	48.0736	-1	958	1018
257	38.2596	6.5183	-1	705	765
258	8.1418	39.9248	-1	948	1008
259	4.7869	8.2594	-1	658	718
260	17.1691	29.9296	-1	896	956
261	13.5131	34.7099	-1	634	694
262	9.0993	6.9973	-1	921	981
263	35.6734	38.8188	-1	1033	1093
264	19.3449	40.7317	-1	621	681
265	38.1046	45.9273	-1	640	700
266	29.4059	21.4150	-1	693	753
267	2.6778	3.3692	-1	1053	1113
268	30.2516	5.8709	-1	793	853
269	5.8195	43.8985	-1	1005	1065
270	38.3413	25.7260	-1	799	859
271	23.0254	41.0322	-1	944	1004
272	34.3293	8.4354	-1	1043	1103
273	0.4307	27.4062	-1	981	1041
274	7.5391	37.2758	-1	1029	1089
275	36.4129	32.1309	-1	821	881
276	30.7487	2.0010	-1	612	672
277	7.9938	17.8933	-1	630	690
278	35.9925	43.8708	-1	614	674
279	33.7218	14.2100	-1	799	859
280	4.8012	22.7652	-1	612	672
281	11.8058	29.8948	-1	924	984
282	34.7461	39.5795	-1	819	879
283	44.1581	26.7564	-1	1032	1092
284	45.1037	27.5666	-1	1001	1061
285	18.5795	44.0036	-1	655	715
286	4.3983	49.7993	-1	1012	1072
287	5.1587	20.8969	-1	815	875
288	45.8283	18.2558	-1	754	814
289	45.3537	31.1220	-1	816	876
290	40.6913	7.1385	-1	867	927
291	8.0756	27.9887	-1	976	1036
292	15.0699	11.3222	-1	845	905
293	34.8081	17.6217	-1	712	772
294	45.4743	6.6599	-1	933	993
295	6.5442	39.7165	-1	792	852
296	41.9046	3.4108	-1	679	739
297	33.8723	41.8042	-1	1020	1080
298	20.1466	43.5199	-1	769	829
299	25.1247	25.7339	-1	866	926
300	15.3006	12.7303	0	540	1140
301	4.0114	26.9281	0	540	1140
302	13.0303	29.1560	0	540	1140
303	3.2284	45.8956	0	540	1140
304	10.4790	9.3902	0	540	1140
305	0.9187	24.4132	0	540	1140
306	8.0587	40.8945	0	540	1140
307	40.3278	11.3147	0	540	1140
308	23.6720	24.5302	0	540	1140
309	3.8543	9.1255	0	540	1140
310	17.6562	2.3724	0	540	1140
311	3.9506	38.3895	0	540	1140
312	44.0718	27.9546	0	540	1140
313	26.2666	38.2009	0	540	1140
314	4.0372	29.5509	0	540	1140
315	32.9091	6.6406	0	540	1140
316	33.8118	32.3334	0	540	1140
317	39.4274	16.1192	0	540	1140
318	4.4709	0.9060	0	540	1140
319	20.6761	36.2412	0	540	1140
320	33.9612	14.0953	0	540	1140
321	39.7755	7.5788	0	540	1140
322	41.0758	5.5828	0	540	1140
323	12.7487	13.2490	0	540	1140
324	3.5384	13.3311	0	540	1140
325	18.7480	0.6570	0	540	1140
