22	5	80	40
0	3.2054	0.1457	3	571	571
1	34.9631	45.9987	3	992	992
2	31.1782	10.7392	3	965	965
3	4.7042	35.8826	3	958	958
4	7.1722	19.7906	3	987	987
5	12.0123	18.2286	3	650	650
6	10.8425	0.8388	3	783	783
7	49.0404	8.0991	3	732	732
8	40.7240	10.3144	3	586	586
9	17.2533	44.2804	3	899	899
10	3.9048	5.3314	3	818	818
11	39.8362	25.4458	3	610	610
12	6.7356	15.4265	3	856	856
13	0.0680	19.2752	3	700	700
14	8.8797	36.0400	3	995	995
15	46.8131	12.7881	3	780	780
16	3.2465	3.9854	3	963	963
17	32.5788	15.2589	3	812	812
18	22.2140	43.4213	3	945	945
19	16.0976	21.2544	3	958	958
20	1.5204	6.8216	3	847	847
21	31.5688	18.7737	3	784	784
22	1.1020	35.4736	3	849	849
23	10.9194	30.8407	3	753	753
24	6.3647	10.9874	3	824	824
25	0.1159	15.2445	3	996	996
26	47.0274	1.2267	3	739	739
27	27.3297	33.2132	3	713	713
28	37.3006	35.4136	3	675	675
29	48.2017	3.8236	3	915	915
30	38.0991	30.7804	3	569	569
31	19.0825	10.3131	3	1038	1038
32	24.2017	35.1801	3	739	739
33	31.5675	25.7221	3	846	846
34	42.0018	13.1363	3	829	829
35	44.4958	43.1038	3	1038	1038
36	48.6099	18.6009	3	936	936
37	34.0420	9.5293	3	572	572
38	49.4415	40.4068	3	602	602
39	20.5167	49.5574	3	962	962
40	5.6512	17.5441	3	911	911
41	0.7572	38.0848	3	732	732
42	18.3945	1.3343	3	885	885
43	22.1985	16.5962	3	600	600
44	47.3766	24.2405	3	872	872
45	20.6107	21.5784	3	840	840
46	9.4206	2.1782	3	820	820
47	15.3144	41.7963	3	667	667
48	10.3972	28.5682	3	612	612
49	23.4536	9.8387	3	725	725
50	9.3961	24.6262	3	937	937
51	11.5143	10.1803	3	900	900
52	7.6071	12.2715	3	821	821
53	13.6059	20.4635	3	747	747
54	42.5978	18.7639	3	965	965
55	30.7611	39.9744	3	605	605
56	43.0044	1.3718	3	575	575
57	3.8474	18.8644	3	664	664
58	0.6495	48.3736	3	631	631
59	32.7887	11.0467	3	563	563
60	26.9418	6.2422	3	891	891
61	20.8854	45.9168	3	992	992
62	0.2124	30.2815	3	561	561
63	40.4618	28.1501	3	942	942
64	23.9983	38.7269	3	799	799
65	9.1904	46.7494	3	830	830
66	6.3681	39.9515	3	812	812
67	41.3233	48.2766	3	567	567
68	1.7975	44.8733	3	842	842
69	7.1298	5.6449	3	854	854
70	13.7376	7.7794	3	842	842
71	4.0185	46.5263	3	586	586
72	18.8261	30.9603	3	1027	1027
73	2.7685	39.7115	3	687	687
74	25.5701	38.7060	3	626	626
75	49.1817	29.7217	3	731	731
76	48.3237	13.1950	3	839	839
77	32.0507	39.6470	3	758	758
78	11.4716	33.8481	3	711	711
79	34.5203	18.6014	3	763	763
80	1.7805	0.5831	-3	571	571
81	36.2540	43.2035	-3	992	992
82	30.5741	10.3903	-3	965	965
83	4.1516	37.6042	-3	958	958
84	8.0839	17.3640	-3	987	987
85	12.9539	16.9059	-3	650	650
86	11.5528	2.4250	-3	783	783
87	49.5505	10.0365	-3	732	732
88	41.8911	8.2343	-3	586	586
89	18.9750	43.9702	-3	899	899
90	4.6889	3.8642	-3	818	818
91	40.5910	23.2887	-3	610	610
92	4.5687	15.7405	-3	856	856
93	0.4318	19.6291	-3	700	700
94	10.8442	36.5629	-3	995	995
95	47.6520	12.8624	-3	780	780
96	0.5336	4.9113	-3	963	963
97	32.1340	15.1873	-3	812	812
98	25.0161	44.0894	-3	945	945
99	14.9874	22.1032	-3	958	958
100	1.5914	9.5482	-3	847	847
101	33.1000	20.9418	-3	784	784
102	0.5771	34.1137	-3	849	849
103	11.2347	32.4654	-3	753	753
104	5.1580	10.2976	-3	824	824
105	3.9472	14.5479	-3	996	996
106	47.3005	1.4224	-3	739	739
107	28.2648	35.4574	-3	713	713
108	39.2183	33.7236	-3	675	675
109	49.9141	3.4275	-3	915	915
110	36.0056	30.3056	-3	569	569
111	20.5430	11.7267	-3	1038	1038
112	26.4711	32.6782	-3	739	739
113	32.5418	23.7505	-3	846	846
114	44.5262	13.9243	-3	829	829
115	43.4850	44.2054	-3	1038	1038
116	47.9520	15.1711	-3	936	936
117	35.3595	7.6456	-3	572	572
118	47.2693	37.3837	-3	602	602
119	19.9930	47.4200	-3	962	962
120	5.3731	14.3421	-3	911	911
121	1.6422	37.5617	-3	732	732
122	15.1445	0.4497	-3	885	885
123	22.0757	14.2096	-3	600	600
124	48.2650	26.0016	-3	872	872
125	22.9620	25.2206	-3	840	840
126	11.0156	0.6199	-3	820	820
127	17.4234	37.7034	-3	667	667
128	11.5855	25.3211	-3	612	612
129	18.7227	11.5936	-3	725	725
130	7.3569	22.0301	-3	937	937
131	14.7077	10.4548	-3	900	900
132	6.6535	8.9192	-3	821	821
133	13.3062	22.0433	-3	747	747
134	41.5196	20.1917	-3	965	965
135	29.7664	39.6854	-3	605	605
136	43.6688	0.1805	-3	575	575
137	4.0847	21.1682	-3	664	664
138	2.5560	48.3562	-3	631	631
139	31.5891	9.5539	-3	563	563
140	27.2935	3.6046	-3	891	891
141	24.4718	47.5527	-3	992	992
142	4.0607	30.2574	-3	561	561
143	38.0410	26.8340	-3	942	942
144	23.8158	41.0431	-3	799	799
145	9.7171	47.4823	-3	830	830
146	7.5848	40.4793	-3	812	812
147	39.4930	48.2579	-3	567	567
148	2.3926	46.2553	-3	842	842
149	6.7930	4.3294	-3	854	854
150	13.8876	6.4773	-3	842	842
151	6.3380	49.2363	-3	586	586
152	20.2628	29.1751	-3	1027	1027
153	1.1948	40.9429	-3	687	687
154	26.7775	38.7998	-3	626	626
155	48.7852	32.2637	-3	731	731
156	47.7179	13.6525	-3	839	839
157	31.5412	39.1314	-3	758	758
158	13.5299	32.0689	-3	711	711
159	38.8297	18.7282	-3	763	763
160	26.3808	43.5115	1	996	1056
161	44.7842	45.2068	1	988	1048
162	34.9183	1.3488	1	795	855
163	48.7689	15.2413	1	957	1017
164	15.3661	24.3390	1	1005	1065
165	22.9200	30.5318	1	560	620
166	12.9356	21.2437	1	865	925
167	43.7268	44.9863	1	613	673
168	10.8907	5.1983	1	657	717
169	28.8344	45.4109	1	798	858
170	23.7997	18.3274	1	626	686
171	45.3873	36.3107	1	620	680
172	37.6595	36.5392	1	680	740
173	15.1310	14.8280	1	577	637
174	9.2946	39.0866	1	673	733
175	43.9070	20.1853	1	641	701
176	15.5962	18.0847	1	738	798
177	41.0687	9.2650	1	905	965
178	18.2652	2.9076	1	729	789
179	29.7582	24.0736	1	632	692
180	38.9016	13.7562	1	702	762
181	12.4200	17.6330	1	561	621
182	29.3251	28.0162	1	908	968
183	35.7177	20.3939	1	971	1031
184	37.2812	3.9829	1	990	1050
185	17.6354	12.5198	1	606	666
186	39.3977	38.9855	1	592	652
187	15.4161	15.6791	1	961	1021
188	21.8166	3.0110	1	657	717
189	40.9217	1.1418	1	625	685
190	31.0272	26.6394	1	946	1006
191	3.3074	48.2577	1	643	703
192	49.4585	22.0444	1	604	664
193	21.1468	26.2360	1	732	792
194	28.5210	6.0662	1	992	1052
195	27.8565	13.3278	1	1001	1061
196	17.9642	31.1639	1	684	744
197	3.1940	21.4367	1	847	907
198	40.1956	46.6856	1	604	664
199	39.5810	18.7166	1	733	793
200	27.7710	44.8892	-1	1066	1126
201	48.4244	45.6825	-1	1061	1121
202	34.8179	3.8717	-1	864	924
203	49.9406	15.2328	-1	1026	1086
204	14.2425	22.5722	-1	1080	1140
205	23.3015	34.9991	-1	629	689
206	9.8690	20.2231	-1	934	994
207	45.3598	48.9207	-1	685	745
208	10.7674	5.7277	-1	727	787
209	34.7473	44.1353	-1	866	926
210	19.2589	17.8474	-1	700	760
211	47.5716	34.6083	-1	694	754
212	35.9851	38.0510	-1	746	806
213	15.4815	13.4081	-1	648	708
214	8.6901	41.6056	-1	747	807
215	44.2849	22.7413	-1	715	775
216	15.0771	17.6834	-1	810	870
217	42.5828	5.9999	-1	976	1036
218	14.2995	6.1213	-1	796	856
219	28.6330	25.5101	-1	704	764
220	41.9152	13.4002	-1	775	835
221	11.0288	20.5269	-1	631	691
222	27.5105	27.7662	-1	979	1039
223	32.7056	23.1271	-1	1041	1101
224	40.7687	2.7039	-1	1061	1121
225	16.3901	12.3394	-1	678	738
226	40.6514	39.8431	-1	666	726
227	10.4983	14.6855	-1	1036	1096
228	26.1789	2.8276	-1	730	790
229	42.7701	1.7767	-1	698	758
230	34.8523	28.0978	-1	1018	1078
231	9.8512	46.7546	-1	719	779
232	45.6513	21.2039	-1	676	736
233	18.4242	28.6966	-1	808	868
234	27.6108	3.3019	-1	1059	1119
235	28.9026	15.0755	-1	1074	1134
236	16.9286	33.6718	-1	750	810
237	3.6939	22.0452	-1	923	983
238	37.4359	43.4067	-1	677	737
239	43.3257	17.2449	-1	806	866
240	3.5499	8.8533	0	540	1140
241	30.6223	44.8371	0	540	1140
242	11.8389	38.4530	0	540	1140
243	24.1051	40.9383	0	540	1140
244	35.1781	21.9769	0	540	1140
245	26.3101	8.3721	0	540	1140
246	1.1108	12.0852	0	540	1140
247	23.3481	6.5838	0	540	1140
248	43.6935	15.7188	0	540	1140
249	0.7841	32.9809	0	540	1140
250	43.9582	26.8778	0	540	1140
251	34.9191	41.8558	0	540	1140
252	47.7703	47.0982	0	540	1140
253	36.1857	36.0739	0	540	1140
254	12.6769	42.2347	0	540	1140
255	36.7238	49.3724	0	540	1140
256	32.9401	34.2615	0	540	1140
257	26.8771	2.9809	0	540	1140
258	22.0567	21.5342	0	540	1140
259	35.2170	36.4284	0	540	1140
260	21.5356	18.3083	0	540	1140
261	16.9918	0.6572	0	540	1140
