0.0 847.3735893925418 422.6819134999746 627.6471938916002 502.8807015585307 340.93107807883985 462.52459394068984 827.377181217853 816.6057800432226 611.72869803533 497.12976173228657 893.4450178942183 1141.944394443092 677.7905281132217 690.1420143709554 813.5139826702427 954.5475367942657 1047.0878664180957 1184.1368164194541 448.06472746691406 565.5174621530267 
847.3735893925418 0.0 424.7752346830027 234.26694175662087 348.05890306096177 615.5745283879118 584.8221952012424 79.02531240052139 144.5441109142811 299.4294574687 356.6623052692841 245.60537453402765 296.9663280575763 304.3451987464235 209.11719202399405 581.3028470599469 446.07286400318054 325.123053627392 479.0093944798995 400.0 334.1496670655232 
422.6819134999746 424.7752346830027 0.0 211.00947846009194 90.33825324855468 265.10752535527917 319.3195891266303 409.46428415675035 404.4119187165482 225.7432169523594 85.05292469985967 503.62684598817805 719.4588243951143 307.14817271147814 287.31167745150907 571.9484242482009 617.8875302188902 652.8100795790457 801.5684624534575 27.459060435491963 186.51005334833832 
627.6471938916002 234.26694175662087 211.00947846009194 0.0 163.22989922192565 451.9966814037466 464.8978382397578 247.34186867572583 193.54586019855861 91.67878707749138 130.58713566044705 393.3255648950371 518.0154437852216 153.91231269784754 201.43733516902967 602.6342174155066 560.8921464952064 521.5246878144887 678.0361347302959 183.74166647769363 108.06016842481785 
502.8807015585307 348.05890306096177 90.33825324855468 163.22989922192565 0.0 289.1729586251107 307.2751210234893 324.64442086689246 350.9643856575764 213.86210510513544 90.0499861188218 413.2952939485278 644.9123971517372 295.6568957423452 197.0913493789111 507.3263249625432 532.5448337933624 562.6224311205517 711.2418716582988 77.10382610480494 189.0952141118331 
340.93107807883985 615.5745283879118 265.10752535527917 451.9966814037466 289.1729586251107 0.0 123.58397954427588 571.2836423353989 639.2002816019404 487.7396846679589 345.3983207834109 591.4879542306842 908.5290309065529 570.2718649907252 419.15390967996467 473.34237080574144 621.8367953088656 743.1318860067842 867.3741983711528 289.0882218285622 450.9944567286831 
462.52459394068984 584.8221952012424 319.3195891266303 464.8978382397578 307.2751210234893 123.58397954427588 0.0 528.0946884792537 636.0644621420065 520.6582372343686 384.974025097798 514.4171459039833 866.0958376530856 602.8440926143343 376.9204160031664 351.00142449853394 515.6064390598706 660.5104086992119 773.0853769151245 336.71501303030726 491.7367181734551 
827.377181217853 79.02531240052139 409.46428415675035 247.34186867572583 324.64442086689246 571.2836423353989 528.0946884792537 0.0 214.46211786700232 327.72702055216627 353.1019682754544 173.46181135915768 338.8244383157744 350.41261392820894 152.88230767489088 502.8339686218504 371.13070473891 277.2183255125822 434.028800887683 387.40805360756247 354.5941341872423 
816.6057800432226 144.5441109142811 404.4119187165482 193.54586019855861 350.9643856575764 639.2002816019404 636.0644621420065 214.46211786700232 0.0 213.96495040076073 322.2436966024316 387.28929755416686 349.28498393145964 185.23768515072737 290.73871431235295 697.289036196612 585.5083261577072 467.27293951180184 618.7123725932754 377.058350921976 258.42793966597344 
611.72869803533 299.4294574687 225.7432169523594 91.67878707749138 213.86210510513544 487.7396846679589 520.6582372343686 327.72702055216627 213.96495040076073 0.0 142.414886862294 482.0373429517676 560.8110198631978 82.87339742040264 292.9095423505352 688.8112949132004 652.4913792533968 604.6693311223912 761.5142808903848 199.7448372299019 46.238512086787566 
497.12976173228657 356.6623052692841 85.05292469985967 130.58713566044705 90.0499861188218 345.3983207834109 384.974025097798 353.1019682754544 322.2436966024316 142.414886862294 0.0 470.2020842148618 646.703177663447 224.8777445635739 254.57808232446092 596.540861970075 608.0402947173814 612.846636606582 766.1083474287433 58.034472514187634 107.33126291998991 
893.4450178942183 245.60537453402765 503.62684598817805 393.3255648950371 413.2952939485278 591.4879542306842 514.4171459039833 173.46181135915768 387.28929755416686 482.0373429517676 470.2020842148618 0.0 403.8031698736403 516.8713573027625 217.26481537515457 377.22274586774324 201.30822139197394 153.7172729396407 297.95301643044326 487.9364712746937 500.3698632012124 
1141.944394443092 296.9663280575763 719.4588243951143 518.0154437852216 644.9123971517372 908.5290309065529 866.0958376530856 338.8244383157744 349.28498393145964 560.8110198631978 646.703177663447 403.8031698736403 0.0 532.0761223734814 491.63502723056666 780.5664609756174 572.8699677937394 352.23855552735847 441.2493626057719 693.8796725657843 603.2321277916155 
677.7905281132217 304.3451987464235 307.14817271147814 153.91231269784754 295.6568957423452 570.2718649907252 602.8440926143343 350.41261392820894 185.23768515072737 82.87339742040264 224.8777445635739 516.8713573027625 532.0761223734814 0.0 348.9412558010302 756.032406712834 699.2774842650091 625.2591462745667 781.1299507764377 281.6842203603177 121.49897118905987 
690.1420143709554 209.11719202399405 287.31167745150907 201.43733516902967 197.0913493789111 419.15390967996467 376.9204160031664 152.88230767489088 290.73871431235295 292.9095423505352 254.57808232446092 217.26481537515457 491.63502723056666 348.9412558010302 0.0 413.83209155405046 361.9350770511198 365.5311204261547 514.9951456081892 270.79512551004314 300.0966510976089 
813.5139826702427 581.3028470599469 571.9484242482009 602.6342174155066 507.3263249625432 473.34237080574144 351.00142449853394 502.8339686218504 697.289036196612 688.8112949132004 596.540861970075 377.22274586774324 780.5664609756174 756.032406712834 413.83209155405046 0.0 244.96530366564158 466.27459720641014 518.9807318195927 574.6590293382677 681.5665778190712 
954.5475367942657 446.07286400318054 617.8875302188902 560.8921464952064 532.5448337933624 621.8367953088656 515.6064390598706 371.13070473891 585.5083261577072 652.4913792533968 608.0402947173814 201.30822139197394 572.8699677937394 699.2774842650091 361.9350770511198 244.96530366564158 0.0 231.8361490363399 276.1756687327832 609.476004449724 662.0098186583036 
1047.0878664180957 325.123053627392 652.8100795790457 521.5246878144887 562.6224311205517 743.1318860067842 660.5104086992119 277.2183255125822 467.27293951180184 604.6693311223912 612.846636606582 153.7172729396407 352.23855552735847 625.2591462745667 365.5311204261547 466.27459720641014 231.8361490363399 0.0 156.84705926475002 635.5666762818831 629.5371315498396 
1184.1368164194541 479.0093944798995 801.5684624534575 678.0361347302959 711.2418716582988 867.3741983711528 773.0853769151245 434.028800887683 618.7123725932754 761.5142808903848 766.1083474287433 297.95301643044326 441.2493626057719 781.1299507764377 514.9951456081892 518.9807318195927 276.1756687327832 156.84705926475002 0.0 785.7798673928978 786.0852371085466 
448.06472746691406 400.0 27.459060435491963 183.74166647769363 77.10382610480494 289.0882218285622 336.71501303030726 387.40805360756247 377.058350921976 199.7448372299019 58.034472514187634 487.9364712746937 693.8796725657843 281.6842203603177 270.79512551004314 574.6590293382677 609.476004449724 635.5666762818831 785.7798673928978 0.0 161.91355718407277 
565.5174621530267 334.1496670655232 186.51005334833832 108.06016842481785 189.0952141118331 450.9944567286831 491.7367181734551 354.5941341872423 258.42793966597344 46.238512086787566 107.33126291998991 500.3698632012124 603.2321277916155 121.49897118905987 300.0966510976089 681.5665778190712 662.0098186583036 629.5371315498396 786.0852371085466 161.91355718407277 0.0 
