DIMENSION: 27
N: 15
M: 5
K: 2

SERVICE: 
196 443 380 481 396 120 81 250 209 183 268 188 471 321 490 

DIST MATRIX: 
    0   379   392   510   199   359   458   328   431   585   827   418   114   395   532   453   424   726   339   563   715   295   886   402   870   468   271     0 
  807     0   569   262   832   974   769   495   487    54   331   785   679   763   359   186   658   105   612    81   265   451   351   856   233   602   621     0 
  489   250     0   260   513   662   555   263   342   268   551   549   370   524   334   137   442   413   386   247   443   218   601   593   554   424   348     0 
  664   203   692     0   749   914   870   270   642   290   652   862   644   837   582   257   381   419   701   264   575   533   672   899   484   307   406     0 
  254   254   649   656     0   559   740   189   662   622   948   702   396   679   715   500   156   778   608   594   842   513   993   681   893   227    54     0 
  195   638   562   772    94     0   518   576   635   873  1088   458   263   448   771   742   604  1010   489   852   977   535  1151   375  1157   674   469     0 
  596   808   277   596   448   418     0   776   368   807   846    67   368    92   529   716   900   887   235   801   754   406   916   119  1042   935   748     0 
  432   253   359   295   454   604   521     0   336   327   598   510   313   485   356   196   423   471   355   306   488   197   650   547   612   418   314     0 
  765   794   199   402   656   688   240   788     0   642   571   299   510   297   304   597   950   673   254   647   498   348   640   407   818   957   814     0 
  577   227   480   282   620   774   664   268   428     0   520   662   484   638   377    64   442   338   496   155   422   324   559   710   463   402   387     0 
 1127   759   798   486  1139  1271   992   815   705   378     0  1022   978  1004   543   509   969   226   858   405   324   723   216  1111   123   905   944     0 
  477   569   100   373   381   450   194   546   178   562   663     0   224   164   334   464   691   657    35   554   559   155   731   255   813   712   546     0 
  680   522   253    68   641   748   451   537   163   305   356   477     0   458    59   272   716   357   311   310   248   198   422   564   512   698   611     0 
  217   566   416   631    69   176   392   512   487   749   945   336   122     0   626   622   582   880   344   731   835   391  1009   275  1030   639   433     0 
  646   821   251   565   504   485    60   794   335   786   798   101   407   120     0   704   929   855   228   783   711   398   868   186  1009   957   778     0 
  621   292   457   225   650   798   648   332   394   133   456   652   504   628   325     0   506   284   481   110   358   310   496   709   418   467   446     0 
  408   216   755   700   552   715   870   180   752   610   962   836   538   813   775   506     0   763   725   581   864   604   999   825   855    87   153     0 
  902   548   609   291   916  1053   808   600   520   156   248   831   758   811   372   284   763     0   661   184   212   513   255   911   156   706   724     0 
  511   599    75   373   410   470   169   578   163   573   654   173   257   151   325   481   725   661     0   567   552   172   723   253   817   745   580     0 
  729   365   532   248   759   906   729   416   457    29   392   740   611   717   352   110   581   184   567     0   311   400   420   804   309   529   540     0 
  908   650   486   206   884   996   674   686   392   286   112   709   715   692   228   358   864   212   552   311     0   444   174   803   330   824   790     0 
  491   449   163   242   443   553   340   440   150   409   554   342   272   318   240   310   604   513   172   400   444     0   618   405   668   609   474     0 
 1076   783   655   379  1058  1170   835   827   561   392    70   874   889   859   398   496   999   255   723   420   174   618     0   971   285   950   940     0 
  492   757   317   625   338   299   168   718   411   814   902   109   288   116   575   709   825   911   253   804   803   405   971     0  1068   868   672     0 
 1038   648   765   446  1064  1204   963   707   675   286   315   987   909   967   522   418   855   156   817   309   330   668   285  1068     0   789   839     0 
  481   177   767   674   615   782   898   169   753   558   918   869   581   845   757   467    87   706   745   529   824   609   950   868   789     0   208     0 
  279   204   616   607   408   575   720   137   624   569   895   685   385   662   669   446   153   724   580   540   790   474   940   672   839   208     0     0 
    0     0     0     0     0     0     0     0     0     0     0     0     0     0     0     0     0     0     0     0     0     0     0     0     0     0     0     0 
