
NameOfInst: Instances_M2/sf_data/sfsarp-10-30-1.txt
RunningScen: 1A
Instance Name: sfsarp-10-30-1
Instance type: sf_data
K: 2
Service: 0.0833333
Dist Matrix: 
         0    2.19383    2.34993    3.89939    1.61339    3.42243    1.13966    1.97597    2.87288    3.03258   0.258389    2.74738    3.50778    3.06561    1.42204    3.46308    1.44404    1.36157    3.59163    3.03258    4.08032     2.9598     20.992     4.3108    2.29156    3.06636    3.56432    2.56589    1.24947   0.285664    0.24883     2.1414    1.69411    3.56432    3.16909    2.36018    3.34561    3.34561    3.03554    2.40464    9.35188    4.58596    1.51404    1.83673    3.56432    3.51835      22.34     4.3108     2.9598    4.05879    4.08034    3.14674    5.47601    5.29656    2.76639    3.02606    3.37083    2.20062    2.14114    3.52622    3.09067    1.72039    3.30876    3.37083    3.16909    2.15417    3.53399    3.53399    2.95251    2.96565    4.22323    3.32292    2.80127    2.20337    3.37083    6.27554    3.11344    5.29656    3.14674    3.60776     6.8561     6.8561          0          0 
   2.19383          0    0.80334    2.19096   0.587567    2.25647    1.12609   0.222191    1.11704    1.20553    2.15329    0.88233    2.23854    1.20579   0.787316    2.39503    1.26103    0.88388    2.15039    1.20553    2.81103    2.20117    18.9745    2.19585   0.650362   0.897474    2.35641    2.75128    2.01504    1.93833     2.3766   0.634141    1.98635    2.35641    1.47804    2.72589    2.85987    2.85987     2.1285   0.869769    7.22228    2.67756   0.711773    2.41274    2.35641    1.48534    20.4424    2.19585    2.20117    2.87841    2.79349    1.54764    3.35784    3.21182   0.720897    1.20579    2.07456   0.805826    2.62168    2.08192    1.56459    1.07525    1.74778    2.07456    1.47804    2.61631    2.29925    2.29925      2.119    1.32183    2.03053    1.45013   0.889908    2.55744    2.07456    7.09399    2.04908    3.21182    1.54764    2.45966     4.6623     4.6623          0          0 
   2.34993    0.80334          0    1.59552    1.06456    1.47009    1.54923   0.876172    1.86638   0.683347    2.39787   0.433412    1.46986   0.719136    1.22021    1.60031   0.998764    1.35157    1.42589   0.683347    2.05945    3.00286    19.3071     2.0249   0.153255    1.01339    1.57963    2.09213    1.71308    2.06543    2.46587    1.42967    1.50917    1.57963    2.21494    2.11804     2.0711     2.0711    1.32582    1.67197     7.4682    2.23861    1.20547    1.92205    1.57963    1.20768    20.0202     2.0249    3.00286    2.11009     2.0456    2.30321     3.1684    3.59603   0.602178   0.676511    1.30563   0.156078    2.06219    1.35555    2.33394   0.700868    1.05282    1.30563    2.21494    2.05206    1.52565    1.52565    1.31991    2.08258    2.13509   0.973407    1.61019    1.96972    1.30563    7.80403    1.24794    3.59603    2.30321    1.67606    4.71218    4.71218          0          0 
   3.89939    2.19096    1.59552          0    2.62847   0.966437     3.1394    2.35666    2.88703   0.986949    3.97333    1.31472   0.806345   0.985381    2.80135    1.11449    2.46747    2.93038   0.532097   0.986949   0.959578    4.24011    18.6741    1.23394    1.70185     1.5883   0.901723    2.67165    3.01184    3.61398    3.98295    2.78743    2.63576   0.901723    3.14112    2.83624    1.98393    1.98393    1.34902    2.92034    6.80334   0.791364    2.77294    2.92939   0.901723   0.938596    18.4422    1.23394    4.24011    1.11281   0.926674    3.27018    2.00769    3.48849    1.49192   0.987639   0.796073     1.7268    2.90658   0.549275    3.34273    2.18016   0.600554   0.796073    3.14112     2.8883   0.858322   0.858322    1.44675    3.09784    1.84899    0.75608    2.62417    2.77217   0.796073    9.27816    1.14911    3.48849    3.27018    1.00438    3.81583    3.81583          0          0 
   1.61339   0.587567    1.06456    2.62847          0    2.50284   0.547374   0.365897     1.4208    1.65332    1.56583    1.32752    2.52068    1.66807   0.200532    2.61457   0.955376   0.311607    2.49032    1.65332    3.11584    2.14687     19.475    2.76941   0.934933    1.48123     2.6226    2.59871    1.62542    1.36674    1.80571   0.695422    1.71959     2.6226    1.77032    2.52162    2.91371    2.91371    2.27479     1.0111    7.76462    3.19121   0.144668    2.12465     2.6226    2.02643    20.9806    2.76941    2.14687    3.15606    3.10357    1.79809    3.93497    3.72713    1.24801    1.65059    2.35794     0.9769    2.37828    2.41996     1.7806   0.912265     2.1138    2.35794    1.77032    2.37733    2.57211    2.57211    2.23851    1.57949    2.61636    1.92772    1.27214    2.34246    2.35794     6.7476    2.24606    3.72713    1.79809    2.70998    5.24559    5.24559          0          0 
   3.42243    2.25647    1.47009   0.966437    2.50284          0    2.91799    2.34626     3.2187     1.2415     3.5512    1.45757   0.161941     1.2825    2.62823    0.17481     1.9986    2.75903   0.435587     1.2415   0.658293    4.45307    19.6381    2.14962    1.62053     2.0211   0.143215    1.74465    2.34517    3.14817    3.45173    2.89012    1.90944   0.143215    3.53468     1.9335    1.02478    1.02478   0.450667    3.10827    7.76407    1.72743    2.63503    2.11811   0.143215     1.5942    19.0018    2.14962    4.45307   0.660152   0.657961    3.64474    2.96869    4.31953    1.73252    1.23344   0.230721    1.52881    2.03671   0.435587      3.695    1.77169   0.682521   0.230721    3.53468    2.01699   0.133331   0.133331   0.555443    3.43962    2.66953    1.23345     2.9487    1.89798   0.230721    9.24783   0.310913    4.31953    3.64474   0.207173    4.78223    4.78223          0          0 
   1.13966    1.12609    1.54923     3.1394   0.547374    2.91799          0    0.90451     1.7434    2.17844    1.04899    1.85738    2.95605    2.19728   0.350272    3.01084    1.07692   0.242572    2.95727    2.17844    3.55435    2.10381    19.8627    3.31608    1.43772     2.0234    3.04675     2.7062    1.52883   0.936011    1.35993    1.00384    1.76568    3.04675     2.0559    2.58159     3.1869     3.1869    2.63438    1.28005    8.21317    3.72828    0.41435    2.11583    3.04675    2.57208    21.5214    3.31608    2.10381    3.57789     3.5453    2.04866    4.48096    4.15694    1.79388    2.17483    2.79754    1.43491    2.40442    2.88714    2.00478    1.18246    2.59993    2.79754     2.0559    2.40822    3.00116    3.00116    2.58166    1.85333    3.14097    2.45886    1.66175    2.40018    2.79754    6.34827     2.6387    4.15694    2.04866    3.12294    5.76043    5.76043          0          0 
   1.97597   0.222191   0.876172    2.35666   0.365897    2.34626    0.90451          0    1.19687     1.3702    1.93171    1.04196     2.3424    1.37675   0.565246    2.47505     1.1293   0.662634    2.27683     1.3702    2.92637    2.15023    19.1566    2.41433   0.726494     1.1189     2.4546     2.6911    1.86443     1.7239    2.16273    0.58109    1.87895     2.4546    1.55847     2.6464    2.87818    2.87818    2.17796   0.868941    7.42161    2.87414   0.490176    2.30083     2.4546    1.69084    20.6501    2.41433    2.15023    2.98336    2.91082    1.61084    3.57768    3.39781    0.91682    1.36916    2.17792   0.838365    2.52724    2.20723    1.61339   0.987293    1.88237    2.17792    1.55847    2.52346    2.39977    2.39977    2.15791    1.38486    2.25072     1.6292    1.00201    2.47308    2.17792    6.94976    2.11786    3.39781    1.61084    2.55213    4.88098    4.88098          0          0 
   2.87288    1.11704    1.86638    2.88703     1.4208     3.2187     1.7434    1.19687          0    2.00967    2.74182    1.76116    3.16566    1.98251    1.54743    3.37563    2.32316    1.55379    3.01328    2.00967    3.68464    1.38509    18.1204     2.3785    1.72239    1.29888     3.2945    3.86777    3.03926    2.67926    3.10095   0.747736    3.07582     3.2945   0.362434    3.83643    3.93591    3.93591    3.17175   0.469747    6.52093    3.12533    1.44721    3.49733     3.2945    1.98026    20.5709     2.3785    1.38509    3.78231    3.66105   0.436832    3.40326    2.46208    1.48921    2.01524    3.00946    1.90352    3.72283    2.95203    0.47638    2.17808    2.60745    3.00946   0.362434    3.71866    3.23313    3.23313    3.17753   0.220943    1.87906    2.14855   0.270706    3.66529    3.00946    6.55267    3.06161    2.46208   0.436832    3.40923    4.28682    4.28682          0          0 
   3.03258    1.20553   0.683347   0.986949    1.65332     1.2415    2.17844     1.3702    2.00967          0    3.07457   0.328556    1.16686   0.055662    1.83375    1.40999     1.6659    1.96014    1.00408          0    1.67626    3.31223    18.8185    1.38463   0.752441   0.780082    1.29872    2.43814    2.33795    2.74838    3.14879    1.81299    2.06206    1.29872    2.30868    2.52476    2.12097    2.12097    1.32326    1.97183    6.94948    1.56212    1.79797    2.44143    1.29872   0.575928     19.354    1.38463    3.31223    1.77297    1.65353    2.42486    2.50227    3.22545   0.532183  0.0111325    1.01882   0.835939    2.51966   0.942362    2.48275    1.36505   0.597947    1.01882    2.30868    2.50573    1.23635    1.23635    1.36999      2.229    1.63667   0.290368    1.73924    2.40567    1.01882    8.29788      1.159    3.22545    2.42486    1.41771    4.11224    4.11224          0          0 
  0.258389    2.15329    2.39787    3.97333    1.56583     3.5512    1.04899    1.93171    2.74182    3.07457          0     2.7761    3.62754    3.10376    1.36707    3.60246    1.55437    1.28614    3.69403    3.07457     4.2093    2.73872    20.8475    4.31181    2.32442    3.04238    3.69157    2.78783    1.46332   0.424562   0.486677    2.02817    1.89252    3.69157    3.02181    2.58932    3.53426    3.53426    3.18054    2.27208    9.24748    4.63555    1.45058    2.06566    3.69157    3.53465    22.4139    4.31181    2.73872    4.19671    4.20746    2.99009    5.47923      5.187    2.76865    3.06882    3.48488    2.25446    2.37246    3.62706    2.92809    1.81038    3.39144    3.48488    3.02181    2.38464    3.65788    3.65788    3.10215    2.81899    4.18117    3.36432    2.69194    2.42798    3.48488    6.04282    3.24521      5.187    2.99009    3.74192    6.80637    6.80637          0          0 
   2.74738    0.88233   0.433412    1.31472    1.32752    1.45757    1.85738    1.04196    1.76116   0.328556     2.7761          0    1.40971   0.340596     1.5107    1.61521     1.4303    1.63579    1.28567   0.328556    1.95551    3.02378    18.9032    1.59435   0.456149   0.660898    1.53647    2.41919    2.14487    2.46543    2.87632    1.49971    1.92127    1.53647    2.08109    2.47403    2.23904    2.23904    1.44724     1.6775    7.05321    1.87302    1.47204    2.32426    1.53647    0.78008    19.6678    1.59435    3.02378    2.03818    1.93535    2.18843    2.74449    3.22736   0.283786   0.327233    1.25083   0.588024    2.44028    1.21943    2.23749    1.13378   0.877457    1.25083    2.08109    2.42845    1.47579    1.47579    1.47228    1.98209    1.71744   0.601492    1.49129    2.33782    1.25083    7.97632    1.31436    3.22736    2.18843    1.64949     4.2799     4.2799          0          0 
   3.50778    2.23854    1.46986   0.806345    2.52068   0.161941    2.95605     2.3424    3.16566    1.16686    3.62754    1.40971          0    1.20321    2.65556   0.313687    2.07319    2.78716   0.278449    1.16686   0.598312    4.42511    19.4796    2.00025    1.61641    1.94065   0.133332    1.90306    2.45943    3.23043    3.54661     2.8725    2.03234   0.133332    3.47327    2.08841    1.18007    1.18007   0.595921    3.07809    7.60686    1.56557    2.65627    2.25771   0.133332    1.47494    18.8886    2.00025    4.42511    0.64104   0.589833    3.58694    2.80697    4.18817    1.67645    1.15978   0.164492    1.54379    2.18636   0.289353    3.64108    1.83178   0.581665   0.164492    3.47327    2.16684  0.0709437  0.0709437   0.700728    3.38617    2.53658    1.12636    2.89502    2.04806   0.164492    9.26818   0.427939    4.18817    3.58694   0.255396    4.62207    4.62207          0          0 
   3.06561    1.20579   0.719136   0.985381    1.66807     1.2825    2.19728    1.37675    1.98251   0.055662    3.10376   0.340596    1.20321          0    1.85108    1.45221     1.7076    1.97636    1.03118   0.055662    1.70212    3.29414    18.7632    1.33519   0.779543    0.73888    1.33566    2.49379    2.38557    2.78189    3.18489    1.80598    2.11385    1.33566    2.27693    2.58023    2.17164    2.17164    1.37449    1.95685    6.89456    1.53632    1.81256    2.49478    1.33566   0.523514    19.3304    1.33519    3.29414    1.80261    1.67864    2.39465    2.45817    3.17071   0.516227  0.0667943    1.05791   0.873282    2.57452   0.971185    2.45426    1.40686   0.628761    1.05791    2.27693    2.56065    1.27315    1.27315    1.42258    2.20117    1.58102    0.26234     1.7125     2.4608    1.05791    8.29436    1.20795    3.17071    2.39465    1.45545     4.0603     4.0603          0          0 
   1.42204   0.787316    1.22021    2.80135   0.200532    2.62823   0.350272   0.565246    1.54743    1.83375    1.36707     1.5107    2.65556    1.85108          0    2.73156   0.936785   0.131961    2.64038    1.83375    3.25308    2.14439    19.6355    2.96915    1.10049    1.68174     2.7524    2.59593    1.54045    1.18299    1.62094   0.802738    1.68689     2.7524      1.886    2.50045    2.97823    2.97823    2.37432    1.11106     7.9428    3.37976   0.100577     2.0756     2.7524    2.22185     21.172    2.96915    2.14439    3.28564    3.24231    1.90104    4.13501    3.89805    1.44372    1.83047    2.49452    1.11727    2.34373    2.57004    1.87365   0.957631    2.27302    2.49452      1.886    2.34453    2.70411    2.70411    2.33062    1.68928     2.8142     2.1121    1.42265    2.31941    2.49452    6.62049    2.36042    3.89805    1.90104    2.83478    5.44163    5.44163          0          0 
   3.46308    2.39503    1.60031    1.11449    2.61457    0.17481    3.01084    2.47505    3.37563    1.40999    3.60246    1.61521   0.313687    1.45221    2.73156          0    2.05737    2.86128   0.591654    1.40999    0.63822    4.59504    19.7884    2.31385    1.75246    2.19005   0.218001    1.65118    2.34924    3.19328     3.4801    3.02712    1.90184   0.218001    3.69529     1.8532   0.869439   0.869439   0.433628    3.25284    7.91749    1.85632    2.74354    2.07744   0.218001    1.76891    19.0081    2.31385    4.59504   0.595768   0.647062    3.80363    3.10506    4.49289    1.89296    1.40166   0.405414     1.6475    1.97213   0.600998    3.85201    1.84788   0.857107   0.405414    3.69529    1.95194   0.256196   0.256196   0.529434    3.59657    2.84237    1.40804    3.10618    1.83286   0.405414    9.35158   0.372143    4.49289    3.80363   0.166014    4.92757    4.92757          0          0 
   1.44404    1.26103   0.998764    2.46747   0.955376     1.9986    1.07692     1.1293    2.32316     1.6659    1.55437     1.4303    2.07319     1.7076   0.936785    2.05737          0     1.0306    2.14779     1.6659    2.65618    3.08043    20.1988    3.02363   0.997217    1.92398    2.13825    1.65924   0.764326    1.16205    1.51549    1.63834   0.764816    2.13825    2.68308    1.56837      2.121      2.121    1.64513    1.95237    8.39865    3.18206     1.0074    1.17709    2.13825    2.20634    20.9005    3.02363    3.08043    2.64866    2.65377    2.72658    4.16452    4.44098    1.54211    1.65766    1.93154   0.842903    1.42313    2.08222    2.71881   0.300845    1.87148    1.93154    2.68308    1.42201    2.10376    2.10376    1.57558    2.50271    3.09152    1.95013       2.13    1.38839    1.93154    7.38215    1.69487    4.44098    2.72658    2.19201    5.69756    5.69756          0          0 
   1.36157    0.88388    1.35157    2.93038   0.311607    2.75903   0.242572   0.662634    1.55379    1.96014    1.28614    1.63579    2.78716    1.97636   0.131961    2.86128     1.0306          0    2.77229    1.96014    3.38478    2.06241    19.6624    3.07576    1.23048    1.78132    2.88361    2.68797     1.5905    1.13849    1.57187   0.806346    1.76721    2.88361    1.88137    2.58377    3.09576    3.09576    2.50123    1.10214    7.99159    3.50208   0.172776    2.14518    2.88361    2.33771    21.2922    3.07576    2.06241    3.41675    3.37407    1.88663    4.23997    3.93969    1.55932    1.95707    2.62623    1.24923    2.42047    2.70194    1.85214    1.07472    2.40432    2.62623    1.88137     2.4222    2.83551    2.83551      2.456    1.68136    2.89936    2.23677    1.45054    2.40225    2.62623     6.4904     2.4899    3.93969    1.88663    2.96547    5.52078    5.52078          0          0 
   3.59163    2.15039    1.42589   0.532097    2.49032   0.435587    2.95727    2.27683    3.01328    1.00408    3.69403    1.28567   0.278449    1.03118    2.64038   0.591654    2.14779    2.77229          0    1.00408   0.672492    4.30817    19.2025    1.72359    1.56197    1.75367   0.390676    2.15075    2.60446    3.30978    3.64839    2.77921    2.19759   0.390676    3.30661    2.32482    1.45834    1.45834     0.8285    2.96283    7.32896    1.30636    2.63055    2.45617   0.390676    1.23356    18.7657    1.72359    4.30817     0.7736   0.650712    3.42547    2.53833     3.9257     1.5327   0.998942   0.277525    1.52395    2.40854  0.0703799    3.48543    1.88412   0.409143   0.277525    3.30661     2.3896   0.338117   0.338117   0.929758    3.23222    2.27385   0.909121    2.74302    2.27186   0.277525    9.22459   0.635219     3.9257    3.42547   0.507035     4.3472     4.3472          0          0 
   3.03258    1.20553   0.683347   0.986949    1.65332     1.2415    2.17844     1.3702    2.00967          0    3.07457   0.328556    1.16686   0.055662    1.83375    1.40999     1.6659    1.96014    1.00408          0    1.67626    3.31223    18.8185    1.38463   0.752441   0.780082    1.29872    2.43814    2.33795    2.74838    3.14879    1.81299    2.06206    1.29872    2.30868    2.52476    2.12097    2.12097    1.32326    1.97183    6.94948    1.56212    1.79797    2.44143    1.29872   0.575928     19.354    1.38463    3.31223    1.77297    1.65353    2.42486    2.50227    3.22545   0.532183  0.0111325    1.01882   0.835939    2.51966   0.942362    2.48275    1.36505   0.597947    1.01882    2.30868    2.50573    1.23635    1.23635    1.36999      2.229    1.63667   0.290368    1.73924    2.40567    1.01882    8.29788      1.159    3.22545    2.42486    1.41771    4.11224    4.11224          0          0 
   4.08032    2.81103    2.05945   0.959578    3.11584   0.658293    3.55435    2.92637    3.68464    1.67626     4.2093    1.95551   0.598312    1.70212    3.25308    0.63822    2.65618    3.38478   0.672492    1.67626          0    4.97914    19.4604    2.17475    2.20301    2.41623   0.517948     2.2324    2.98582    3.80641    4.10666    3.44277    2.53993   0.517948    3.97426    2.45068    1.31709    1.31709    1.06991    3.63299    7.62352    1.50791    3.25239     2.7083   0.517948    1.84794      18.37    2.17475    4.97914    0.16791  0.0345365    4.09461    2.74976    4.44468    2.20516    1.67126   0.758605    2.13943    2.58619   0.736641    4.15595    2.42395    1.08126   0.758605    3.97426    2.56566   0.556007   0.556007     1.1675    3.90319    2.80849    1.56093    3.41457    2.44729   0.758605    9.86232   0.967001    4.44468    4.09461   0.478839    4.59775    4.59775          0          0 
    2.9598    2.20117    3.00286    4.24011    2.14687    4.45307    2.10381    2.15023    1.38509    3.31223    2.73872    3.02378    4.42511    3.29414    2.14439    4.59504    3.08043    2.06241    4.30817    3.31223    4.97914          0    18.3737    3.75086     2.8496    2.66297    4.54719    4.73827    3.63164    2.88737    3.20834    1.57512     3.8289    4.54719    1.26253    4.64426    5.02617    5.02617    4.32349    1.34722    7.15543    4.51037    2.07426    4.20545    4.54719    3.35487    21.8369    3.75086          0    5.05994    4.95859    1.12448    4.72215     3.2796    2.78005    3.31595     4.2627    2.98567    4.48288     4.2427    1.02081    3.05786     3.8991     4.2627    1.26253    4.48459    4.48843    4.48843    4.30701    1.20595     3.1952    3.48875    1.62874      4.463     4.2627    5.18492    4.25009     3.2796    1.12448    4.65409    5.34826    5.34826          0          0 
    20.992    18.9745    19.3071    18.6741     19.475    19.6381    19.8627    19.1566    18.1204    18.8185    20.8475    18.9032    19.4796    18.7632    19.6355    19.7884    20.1988    19.6624    19.2025    18.8185    19.4604    18.3737          0    17.5251    19.2491    18.3008     19.574    21.2391    20.9629    20.7974    21.2213    18.8602    20.8162     19.574    17.8261     21.342    20.6578    20.6578    19.9735    18.5876    11.8809    17.9637    19.5356    21.2265     19.574    18.2556    18.5587    17.5251    18.3737    19.6267    19.4273    17.8588     16.712    15.7632    18.7071    18.8295    19.4463    19.4421    21.3347    19.2074    17.9252    19.9467    19.0765    19.4463    17.8261    21.3215    19.5323    19.5323    20.0571    18.0293    17.1908    18.6263    18.2138    21.2236    19.4463    20.9416    19.7708    15.7632    17.8588    19.6699    14.8677    14.8677          0          0 
    4.3108    2.19585     2.0249    1.23394    2.76941    2.14962    3.31608    2.41433     2.3785    1.38463    4.31181    1.59435    2.00025    1.33519    2.96915    2.31385    3.02363    3.07576    1.72359    1.38463    2.17475    3.75086    17.5251          0    2.04248    1.30586    2.11278    3.72208    3.71964    4.03417     4.4555    2.61046    3.44349    2.11278    2.50982    3.84358    3.17259    3.17259    2.45104    2.60651     5.6442   0.894042    2.90299    3.81242    2.11278   0.818499    18.2829          0    3.75086    2.33535    2.14063     2.6505    1.16746     2.2816    1.54495    1.39457    1.94041    2.18073    3.86518    1.71422    2.74596    2.72533    1.55162    1.94041    2.50982    3.84969     2.0617     2.0617    2.53257    2.54496   0.720179    1.13667    2.17143    3.74294    1.94041    8.93039    2.24958     2.2816     2.6505    2.22413    2.73856    2.73856          0          0 
   2.29156   0.650362   0.153255    1.70185   0.934933    1.62053    1.43772   0.726494    1.72239   0.752441    2.32442   0.456149    1.61641   0.779543    1.10049    1.75246   0.997217    1.23048    1.56197   0.752441    2.20301     2.8496    19.2491    2.04248          0   0.948435    1.72811    2.20524     1.7383    2.00936    2.42062    1.27654    1.57265    1.72811    2.07364    2.21848    2.21884    2.21884    1.47831    1.51943    7.42307    2.31444    1.07797    1.99301    1.72811    1.23348    20.1059    2.04248     2.8496    2.25723    2.18835    2.15909    3.19796    3.51893   0.549276     0.7474    1.45197   0.203449    2.15057    1.49182     2.1876   0.711915    1.17936    1.45197    2.07364    2.14153    1.67337    1.67337    1.47083     1.9373    2.09994    1.04087    1.46933    2.06447    1.45197    7.66359    1.40108    3.51893    2.15909    1.82606    4.70035    4.70035          0          0 
   3.06636   0.897474    1.01339     1.5883    1.48123     2.0211     2.0234     1.1189    1.29888   0.780082    3.04238   0.660898    1.94065    0.73888    1.68174    2.19005    1.92398    1.78132    1.75367   0.780082    2.41623    2.66297    18.3008    1.30586   0.948435          0    2.07346    3.07519    2.67921    2.80001    3.23339    1.32728    2.51775    2.07346     1.5622     3.1203    2.87861    2.87861    2.08089    1.38178    6.47783    1.88936    1.60905    2.93421    2.07346   0.696514    19.5794    1.30586    2.66297     2.5272    2.39042    1.68725    2.46242    2.58367   0.411992   0.788535    1.79677    1.14216    3.07356    1.69806    1.75632    1.65336    1.36187    1.79677     1.5622    3.06293    2.01089    2.01089    2.11567    1.50981    1.17607   0.859218    1.03803    2.97755    1.79677    7.76924    1.92921    2.58367    1.68725    2.19374    3.80624    3.80624          0          0 
   3.56432    2.35641    1.57963   0.901723     2.6226   0.143215    3.04675     2.4546     3.2945    1.29872    3.69157    1.53647   0.133332    1.33566     2.7524   0.218001    2.13825    2.88361   0.390676    1.29872   0.517948    4.54719     19.574    2.11278    1.72811    2.07346          0    1.85837     2.4879    3.28956    3.59464    2.99055    2.05095          0    3.60384    2.05415    1.08417    1.08417   0.586694    3.20063     7.7049    1.63832    2.75645    2.25336          0    1.60542    18.8593    2.11278    4.54719   0.533544   0.516174    3.71685    2.88743    4.31322    1.80541     1.2915   0.285689    1.64636    2.16416   0.413765     3.7702    1.90747   0.714993   0.285689    3.60384    2.14424  0.0625908  0.0625908   0.690559    3.51515    2.66132    1.25915    3.02394     2.0251   0.285689    9.36971   0.454075    4.31322    3.71685   0.122438    4.71166    4.71166          0          0 
   2.56589    2.75128    2.09213    2.67165    2.59871    1.74465     2.7062     2.6911    3.86777    2.43814    2.78783    2.41919    1.90306    2.49379    2.59593    1.65118    1.65924    2.68797    2.15075    2.43814     2.2324    4.73827    21.2391    3.72208    2.20524    3.07519    1.85837          0    1.32598    2.37357    2.47095    3.25172   0.948898    1.85837    4.22925   0.249933    1.00261    1.00261    1.32323    3.55604    9.36041    3.45667    2.66401   0.736864    1.85837    2.98768    20.4873    3.72208    4.73827    2.12181    2.25195    4.29463     4.6735    5.64347    2.66882      2.427    1.87713     2.0042   0.459521    2.12353    4.30299    1.70772    2.18063    1.87713    4.22925   0.441035     1.8748     1.8748    1.22496    4.06814    4.07445    2.61352    3.63707   0.364882    1.87713    8.82779    1.52262    5.64347    4.29463     1.8123    6.44235    6.44235          0          0 
   1.24947    2.01504    1.71308    3.01184    1.62542    2.34517    1.52883    1.86443    3.03926    2.33795    1.46332    2.14487    2.45943    2.38557    1.54045    2.34924   0.764326     1.5905    2.60446    2.33795    2.98582    3.63164    20.9629    3.71964     1.7383    2.67921     2.4879    1.32598          0    1.04759    1.18791     2.3203   0.463978     2.4879    3.39335     1.1388    2.11207    2.11207    1.91608    2.63553    9.15687    3.77291    1.63212   0.623218     2.4879    2.90234    21.3466    3.71964    3.63164    2.93703    2.99184    3.42351    4.83425    5.20521    2.28753    2.32847    2.34853    1.56262   0.930895    2.54775    3.40445    1.02689    2.41431    2.34853    3.39335   0.940183    2.47012    2.47012    1.82059    3.20448    3.83816    2.60705    2.86464   0.970051    2.34853    7.50182    2.03674    5.20521    3.42351     2.5071    6.42477    6.42477          0          0 
  0.285664    1.93833    2.06543    3.61398    1.36674    3.14817   0.936011     1.7239    2.67926    2.74838   0.424562    2.46543    3.23043    2.78189    1.18299    3.19328    1.16205    1.13849    3.30978    2.74838    3.80641    2.88737    20.7974    4.03417    2.00936    2.80001    3.28956    2.37357    1.04759          0   0.439025    1.93715    1.46916    3.28956    2.99012    2.18175    3.10972    3.10972    2.76821    2.21583    9.12544    4.30071    1.27916    1.65957    3.28956    3.23834     22.055    4.03417    2.88737    3.78857    3.80573    2.97808     5.1982     5.0772    2.49106    2.74177    3.09172    1.91564    1.96791    3.24403    2.92914    1.43553    3.02389    3.09172    2.99012    1.97908    3.25801    3.25801    2.68757    2.78713    3.96306    3.03867     2.5887    2.01653    3.09172    6.45423    2.84018     5.0772    2.97808    3.33573     6.5975     6.5975          0          0 
   0.24883     2.3766    2.46587    3.98295    1.80571    3.45173    1.35993    2.16273    3.10095    3.14879   0.486677    2.87632    3.54661    3.18489    1.62094     3.4801    1.51549    1.57187    3.64839    3.14879    4.10666    3.20834    21.2213     4.4555    2.42062    3.23339    3.59464    2.47095    1.18791   0.439025          0    2.36376    1.64859    3.59464    3.40317    2.25279    3.29997    3.29997    3.04827    2.63435    9.56218    4.68974    1.71636    1.73459    3.59464    3.65348    22.4116     4.4555    3.20834    4.07506    4.10877    3.38419    5.61673    5.51154    2.91593    3.14163    3.41646    2.31293    2.03096    3.58489    3.33013    1.80622    3.38652    3.41646    3.40317    2.04565    3.56817    3.56817     2.9602    3.19975    4.39923    3.43816    3.01969    2.10612    3.41646    6.41098    3.14102    5.51154    3.38419    3.63011    7.03392    7.03392          0          0 
    2.1414   0.634141    1.42967    2.78743   0.695422    2.89012    1.00384    0.58109   0.747736    1.81299    2.02817    1.49971     2.8725    1.80598   0.802738    3.02712    1.63834   0.806346    2.77921    1.81299    3.44277    1.57512    18.8602    2.61046    1.27654    1.32728    2.99055    3.25172     2.3203    1.93715    2.36376          0    2.40246    2.99055    1.08342    3.19234    3.45832    3.45832    2.74837   0.315772    7.21935    3.20512   0.703324    2.81388    2.99055    2.00069    20.8933    2.61046    1.57512    3.51209    3.42466    1.10381    3.73659    3.15939    1.29568    1.81459     2.7086    1.41106    3.05923    2.71131    1.08529    1.54421    2.37396     2.7086    1.08342    3.05718    2.93336    2.93336    2.73251   0.888043    2.28539    2.03434   0.663817    3.01553     2.7086     6.4914    2.67761    3.15939    1.10381    3.09362     4.8486     4.8486          0          0 
   1.69411    1.98635    1.50917    2.63576    1.71959    1.90944    1.76568    1.87895    3.07582    2.06206    1.89252    1.92127    2.03234    2.11385    1.68689    1.90184   0.764816    1.76721    2.19759    2.06206    2.53993     3.8289    20.8162    3.44349    1.57265    2.51775    2.05095   0.948898   0.463978    1.46916    1.64859    2.40246          0    2.05095    3.43732   0.817578    1.65367    1.65367    1.47101    2.71583    8.97406    3.41307    1.76431   0.427488    2.05095    2.63734    20.9083    3.44349     3.8289     2.4844    2.54756    3.48561    4.52335    5.09085    2.10946    2.05172    1.93264    1.37563   0.658828    2.14513    3.48064   0.914039    2.04861    1.93264    3.43732   0.658488    2.03753    2.03753    1.37244    3.26073    3.63843    2.31072    2.87106   0.635896    1.93264    7.90891    1.60542    5.09085    3.48561    2.06242    6.17415    6.17415          0          0 
   3.56432    2.35641    1.57963   0.901723     2.6226   0.143215    3.04675     2.4546     3.2945    1.29872    3.69157    1.53647   0.133332    1.33566     2.7524   0.218001    2.13825    2.88361   0.390676    1.29872   0.517948    4.54719     19.574    2.11278    1.72811    2.07346          0    1.85837     2.4879    3.28956    3.59464    2.99055    2.05095          0    3.60384    2.05415    1.08417    1.08417   0.586694    3.20063     7.7049    1.63832    2.75645    2.25336          0    1.60542    18.8593    2.11278    4.54719   0.533544   0.516174    3.71685    2.88743    4.31322    1.80541     1.2915   0.285689    1.64636    2.16416   0.413765     3.7702    1.90747   0.714993   0.285689    3.60384    2.14424  0.0625908  0.0625908   0.690559    3.51515    2.66132    1.25915    3.02394     2.0251   0.285689    9.36971   0.454075    4.31322    3.71685   0.122438    4.71166    4.71166          0          0 
   3.16909    1.47804    2.21494    3.14112    1.77032    3.53468     2.0559    1.55847   0.362434    2.30868    3.02181    2.08109    3.47327    2.27693      1.886    3.69529    2.68308    1.88137    3.30661    2.30868    3.97426    1.26253    17.8261    2.50982    2.07364     1.5622    3.60384    4.22925    3.39335    2.99012    3.40317    1.08342    3.43732    3.60384          0    4.19885    4.28009    4.28009    3.50861   0.779317    6.28898     3.3087    1.78674     3.8582    3.60384    2.21368    20.5886    2.50982    1.26253    4.07929    3.94927   0.140791    3.45963    2.25175    1.80242    2.31514    3.32034    2.25843    4.08501    3.24784   0.241721     2.5405    2.90551    3.32034          0    4.08091    3.54188    3.54188    3.51842   0.203451    1.93302    2.42134   0.604752    4.02772    3.32034    6.44416    3.39114    2.25175   0.140791    3.72069    4.18535    4.18535          0          0 
   2.36018    2.72589    2.11804    2.83624    2.52162     1.9335    2.58159     2.6464    3.83643    2.52476    2.58932    2.47403    2.08841    2.58023    2.50045     1.8532    1.56837    2.58377    2.32482    2.52476    2.45068    4.64426     21.342    3.84358    2.21848     3.1203    2.05415   0.249933     1.1388    2.18175    2.25279    3.19234   0.817578    2.05415    4.19885          0    1.24776    1.24776    1.49746    3.50194    9.46843    3.62583    2.57491   0.523759    2.05415    3.08689    20.7307    3.84358    4.64426    2.34661     2.4687    4.25684    4.82711    5.70064    2.70963    2.51367    2.04822    2.01516   0.222405    2.29237    4.25907    1.65946    2.31923    2.04822    4.19885   0.207135    2.06565    2.06565    1.39515    4.03058    4.15917    2.72016    3.61566   0.181682    2.04822    8.63213     1.6905    5.70064    4.25684    2.01699    6.57499    6.57499          0          0 
   3.34561    2.85987     2.0711    1.98393    2.91371    1.02478     3.1869    2.87818    3.93591    2.12097    3.53426    2.23904    1.18007    2.17164    2.97823   0.869439      2.121    3.09576    1.45834    2.12097    1.31709    5.02617    20.6578    3.17259    2.21884    2.87861    1.08417    1.00261    2.11207    3.10972    3.29997    3.45832    1.65367    1.08417    4.28009    1.24776          0          0   0.798552    3.72706    8.78667    2.71523    3.01832    1.64444    1.08417    2.56964    19.4847    3.17259    5.02617    1.18063    1.34288    4.37255    3.96808    5.30614    2.52167    2.11087    1.23366    2.05463    1.43196    1.46004    4.40495    2.02116    1.65792    1.23366    4.28009    1.41142    1.12561    1.12561   0.767088     4.1531    3.66521    2.19179    3.67611    1.30502    1.23366    9.49695   0.969141    5.30614    4.37255   0.993804    5.79574    5.79574          0          0 
   3.34561    2.85987     2.0711    1.98393    2.91371    1.02478     3.1869    2.87818    3.93591    2.12097    3.53426    2.23904    1.18007    2.17164    2.97823   0.869439      2.121    3.09576    1.45834    2.12097    1.31709    5.02617    20.6578    3.17259    2.21884    2.87861    1.08417    1.00261    2.11207    3.10972    3.29997    3.45832    1.65367    1.08417    4.28009    1.24776          0          0   0.798552    3.72706    8.78667    2.71523    3.01832    1.64444    1.08417    2.56964    19.4847    3.17259    5.02617    1.18063    1.34288    4.37255    3.96808    5.30614    2.52167    2.11087    1.23366    2.05463    1.43196    1.46004    4.40495    2.02116    1.65792    1.23366    4.28009    1.41142    1.12561    1.12561   0.767088     4.1531    3.66521    2.19179    3.67611    1.30502    1.23366    9.49695   0.969141    5.30614    4.37255   0.993804    5.79574    5.79574          0          0 
   3.03554     2.1285    1.32582    1.34902    2.27479   0.450667    2.63438    2.17796    3.17175    1.32326    3.18054    1.44724   0.595921    1.37449    2.37432   0.433628    1.64513    2.50123     0.8285    1.32326    1.06991    4.32349    19.9735    2.45104    1.47831    2.08089   0.586694    1.32323    1.91608    2.76821    3.04827    2.74837    1.47101   0.586694    3.50861    1.49746   0.798552   0.798552          0    2.99772    8.09314    2.13358    2.39611    1.66754   0.586694    1.79207    19.4374    2.45104    4.32349    1.02688    1.07673    3.60678    3.35415    4.52411    1.73086    1.31306   0.553905    1.33961    1.59054   0.800374    3.64513    1.45652   0.901895   0.553905    3.50861    1.57107   0.583614   0.583614      0.105     3.3911    2.89368    1.41061     2.9075    1.45238   0.553905    8.98256   0.203449    4.52411    3.60678    0.59158    5.14105    5.14105          0          0 
   2.40464   0.869769    1.67197    2.92034     1.0111    3.10827    1.28005   0.868941   0.469747    1.97183    2.27208     1.6775    3.07809    1.95685    1.11106    3.25284    1.95237    1.10214    2.96283    1.97183    3.63299    1.34722    18.5876    2.60651    1.51943    1.38178    3.20063    3.55604    2.63553    2.21583    2.63435   0.315772    2.71583    3.20063   0.779317    3.50194    3.72706    3.72706    2.99772          0    6.98688    3.26979    1.01302    3.12859    3.20063    2.07649    20.8705    2.60651    1.34722    3.71275    3.61283   0.790365    3.69577    2.92631    1.44075      1.975    2.91589    1.67257    3.37177    2.89688    0.76953    1.84865    2.55403    2.91589   0.779317    3.36942    3.14165    3.14165    2.98875   0.579486    2.20128    2.16456   0.483209    3.32594    2.91589    6.38777    2.91355    2.92631   0.790365    3.30831     4.6996     4.6996          0          0 
   9.35188    7.22228     7.4682    6.80334    7.76462    7.76407    8.21317    7.42161    6.52093    6.94948    9.24748    7.05321    7.60686    6.89456     7.9428    7.91749    8.39865    7.99159    7.32896    6.94948    7.62352    7.15543    11.8809     5.6442    7.42307    6.47783     7.7049    9.36041    9.15687    9.12544    9.56218    7.21935    8.97406     7.7049    6.28898    9.46843    8.78667    8.78667    8.09314    6.98688          0    6.11665    7.84629    9.37577     7.7049    6.38194     16.447     5.6442    7.15543    7.79117    7.58974     6.3576    4.88025    4.06136    6.87504    6.96046     7.5688    7.60943    9.46907    7.33158    6.44457    8.13114    7.19568     7.5688    6.28898     9.4552    7.66131    7.66131    8.17631    6.48208    5.33577    6.74936     6.5557    9.35465     7.5688    11.3241    7.89073    4.06136     6.3576    7.80412    3.03635    3.03635          0          0 
   4.58596    2.67756    2.23861   0.791364    3.19121    1.72743    3.72828    2.87414    3.12533    1.56212    4.63555    1.87302    1.56557    1.53632    3.37976    1.85632    3.18206    3.50208    1.30636    1.56212    1.50791    4.51037    17.9637   0.894042    2.31444    1.88936    1.63832    3.45667    3.77291    4.30071    4.68974    3.20512    3.41307    1.63832     3.3087    3.62583    2.71523    2.71523    2.13358    3.26979    6.11665          0    3.33456    3.71743    1.63832    1.20461    17.7948   0.894042    4.51037    1.67578    1.47392    3.44732    1.25475    3.11549    1.95819    1.56746    1.57977    2.38569    3.69794    1.33403    3.53557    2.88551    1.36452    1.57977     3.3087    3.67965    1.60633    1.60633    2.23326    3.31381     1.6142     1.2741    2.88817    3.56346    1.57977    9.65401    1.93621    3.11549    3.44732    1.72151    3.09632    3.09632          0          0 
   1.51404   0.711773    1.20547    2.77294   0.144668    2.63503    0.41435   0.490176    1.44721    1.79797    1.45058    1.47204    2.65627    1.81256   0.100577    2.74354     1.0074   0.172776    2.63055    1.79797    3.25239    2.07426    19.5356    2.90299    1.07797    1.60905    2.75645    2.66401    1.63212    1.27916    1.71636   0.703324    1.76431    2.75645    1.78674    2.57491    3.01832    3.01832    2.39611    1.01302    7.84629    3.33456          0    2.15847    2.75645    2.16659    21.1227    2.90299    2.07426       3.29    3.24061     1.8033    4.06725     3.7999    1.38834    1.79524    2.49404      1.113    2.42242    2.56017    1.77738    1.00308    2.25614    2.49404    1.78674    2.42267    2.70673    2.70673    2.35639    1.59056    2.73155    2.07204    1.32242    2.39436    2.49404    6.61329    2.37377     3.7999     1.8033    2.84202    5.35593    5.35593          0          0 
