
NameOfInst: Instances_M/sf_data/sfsarp-10-10-1.txt
RunningScen: 1A
Instance Name: sfsarp-10-10-1
Instance type: sf_data
K: 2
Service: 0.0833333
Dist Matrix: 
         0    2.87148    1.07203    2.08469    3.63129   0.170469     1.4915    2.16226    2.08531    4.17913   0.176502    3.29318    3.26971    2.10531    3.27685     2.2333    3.33922    2.81651    1.94723    3.46257    7.04851     1.7325     1.7325    3.38412    1.93944    1.83273     3.2437    3.51382    3.63193    2.27219    3.17096    2.73089    2.73089    3.27276    1.92627   0.635466    1.45134    3.49659     2.7285    1.81351    4.97142    4.97142          0          0 
   2.87148          0    2.37922    1.53243     1.5087    2.71006    3.39552    3.29093    4.70717    2.38364    3.02089   0.464153    1.10126     1.5304    2.15159    1.02111    3.14834    3.77983    4.56299    1.31297    6.20529    2.21265    2.21265    2.96104    3.46847    2.93262    3.10456    1.38816    1.64234     1.0162    2.89963    1.27631    1.27631     2.5855    3.30084    2.74176    1.91781    1.35397    3.35387    1.17547    3.35649    3.35649          0          0 
   1.07203    2.37922          0    1.15588    2.74789    0.93648    2.47725    2.99745    3.13096    4.24319    1.23975    2.84154    2.44659    1.17432     2.2415    1.48094    2.28137    3.66363    2.99738    2.60593    7.54823   0.662792   0.662792    2.31441    1.26878   0.913025    2.18717    2.64446    2.71627     1.5105     3.6746    1.83471    1.83471    2.20357    1.16234    1.52532   0.512188    2.63378    1.76853    1.20401    5.14407    5.14407          0          0 
   2.08469    1.53243    1.15588          0    1.59227    1.91897    3.22852    3.51048    4.16461    3.78693    2.26111    1.97867    1.30257  0.0208208    1.26245   0.513068    1.82783    4.14028    4.02429    1.45159    7.43728   0.723838   0.723838    1.72314    1.98384     1.4309      1.759    1.48877     1.5667   0.516302    3.74205   0.678849   0.678849    1.44354    1.80529    2.31315   0.655953    1.47861    1.83951   0.674917    4.74994    4.74994          0          0 
   3.63129     1.5087    2.74789    1.59227          0    3.46152    4.57067     4.6425    5.67868    3.74133    3.80533    1.64389   0.434171    1.57363    1.07997    1.42145    2.23326    5.19169    5.53545   0.204213       7.62     2.2319     2.2319    1.97693    3.37734    2.83063    2.23288   0.131513   0.175129    1.38021    4.40387   0.914344   0.914344    1.58914    3.18745    3.74295    2.24591   0.161678    2.82115    1.87633    4.68835    4.68835          0          0 
  0.170469    2.71006    0.93648    1.91897    3.46152          0    1.57191    2.19394    2.24734     4.0755   0.344042    3.13555    3.09927    1.93964    3.11957    2.06283    3.21491    2.85532    2.10818    3.29239    7.01951    1.59075    1.59075     3.2507    1.89351    1.74114    3.12007    3.34382    3.46314    2.10173    3.13201    2.56219    2.56219    3.12795    1.86432   0.658282    1.29093    3.32648    2.63529    1.64384    4.88513    4.88513          0          0 
    1.4915    3.39552    2.47725    3.22852    4.57067    1.57191          0   0.851558    1.49773    3.76305    1.38416    3.69702    4.15351     3.2488    4.48971    3.17023    4.75135    1.41381    1.37279    4.37582    5.90322    3.09545    3.09545    4.76048    3.42423    3.31298    4.65859    4.44118    4.61962    3.21177    2.24378     3.7621     3.7621    4.58932    3.41744   0.955436    2.70802    4.41591    4.20713    2.71351    4.33208    4.33208          0          0 
   2.16226    3.29093    2.99745    3.51048     4.6425    2.19394   0.851558          0    2.21038     3.1282    2.09843    3.49896    4.20997    3.52906    4.75679    3.32819    5.19571   0.666701    2.10792    4.43964    5.05297    3.54355    3.54355    5.16434    4.08744    3.89114    5.10812      4.511    4.72121    3.36762    1.45857    3.93514    3.93514    4.93941    4.05277    1.53637    3.10515    4.48173     4.7656    2.89854    3.58654    3.58654          0          0 
   2.08531    4.70717    3.13096    4.16461    5.67868    2.24734    1.49773    2.21038          0    5.25819    1.90926    5.06149    5.29429    4.18535    5.36007    4.26009    5.31832    2.52111   0.144695    5.49986    7.05468    3.79225    3.79225    5.40036    3.60069    3.72276    5.22132    5.55632    5.69305    4.30084    3.66841    4.79512    4.79512    5.32908    3.67251    1.97288    3.53664    5.53627    4.57576    3.81321    5.79065    5.79065          0          0 
   4.17913    2.38364    4.24319    3.78693    3.74133     4.0755    3.76305     3.1282    5.25819          0    4.25252    2.10468    3.40652    3.79149    4.53089    3.29304    5.51934    3.19675    5.13566     3.5774    3.88306     4.3468     4.3468    5.34128    5.49424     5.0264    5.47002    3.64591    3.90412    3.30388    1.80126    3.65764    3.65764     4.9687    5.35891    3.70296    3.93319    3.61208    5.61831    3.20722   0.973434   0.973434          0          0 
  0.176502    3.02089    1.23975    2.26111    3.80533   0.344042    1.38416    2.09843    1.90926    4.25252          0     3.4363    3.44137    2.28173    3.45203    2.40423    3.49704    2.74265    1.77151    3.63561    7.03711    1.90179    1.90179    3.54762    2.04087     1.9706    3.40115    3.68737    3.80716     2.4434    3.17528    2.90619    2.90619    3.44265    2.04104   0.613864    1.62751    3.66986    2.86512    1.98009    5.02399    5.02399          0          0 
   3.29318   0.464153    2.84154    1.97867    1.64389    3.13555    3.69702    3.49896    5.06149    2.10468     3.4363          0    1.30323    1.97509    2.45633    1.47244    3.51361    3.93091    4.91834    1.47392    5.97745    2.67037    2.67037    3.30891    3.92918     3.3904    3.47736    1.54353    1.80273    1.46363    2.91066    1.64135    1.64135    2.92223    3.76004    3.11487    2.38195    1.50945     3.7805    1.63752    3.06388    3.06388          0          0 
   3.26971    1.10126    2.44659    1.30257   0.434171    3.09927    4.15351    4.20997    5.29429    3.40652    3.44137    1.30323          0     1.2865    1.19327     1.0379    2.31924    4.75752    5.15039    0.23013    7.27043     1.9964     1.9964    2.08597    3.20747     2.6508    2.30069   0.303498   0.544377   0.998242    3.98311   0.647594   0.647594    1.69052    3.01988    3.34414    1.93556    0.27255    2.77658    1.48136     4.3671     4.3671          0          0 
   2.10531     1.5304    1.17432  0.0208208    1.57363    1.93964     3.2488    3.52906    4.18535    3.79149    2.28173    1.97509     1.2865          0    1.24247   0.512713    1.81594    4.15829    4.04504    1.43395     7.4467   0.734531   0.734531    1.70895    1.99275    1.43901    1.74778    1.47065    1.54716   0.514266    3.75551   0.660637   0.660637    1.42688    1.81356     2.3338   0.675485    1.46072    1.83748   0.688639    4.75516    4.75516          0          0 
   3.27685    2.15159     2.2415    1.26245    1.07997    3.11957    4.48971    4.75679    5.36007    4.53089    3.45203    2.45633    1.19327    1.24247          0    1.47391     1.1543    5.37401    5.22329    1.11965     8.3502    1.59964    1.59964   0.903651     2.5099     2.0093    1.15307    1.08524   0.926183    1.44041    4.84415    0.91552    0.91552   0.510769    2.32351    3.56606    1.83034    1.10701    1.79621    1.86418    5.50159    5.50159          0          0 
    2.2333    1.02111    1.48094   0.513068    1.42145    2.06283    3.17023    3.32819    4.26009    3.29304    2.40423    1.47244     1.0379   0.512713    1.47391          0    2.25782    3.92507    4.11652    1.23977    6.99278     1.2011     1.2011    2.11545    2.46447    1.92018    2.19892     1.2971    1.45317  0.0416427    3.38027   0.607001   0.607001    1.78476    2.29174    2.32237   0.976427    1.27638    2.34861   0.458075    4.26062    4.26062          0          0 
   3.33922    3.14834    2.28137    1.82783    2.23326    3.21491    4.75135    5.19571    5.31832    5.51934    3.49704    3.51361    2.31924    1.81594     1.1543    2.25782          0    5.85083    5.19509    2.26972    9.24987    1.66081    1.66081   0.272471    1.91511    1.60808  0.0970176    2.23849    2.07516    2.23911    5.56505    1.87615    1.87615   0.644122    1.76672    3.79604    2.09091    2.25924   0.923271    2.50049    6.49222    6.49222          0          0 
   2.81651    3.77983    3.66363    4.14028    5.19169    2.85532    1.41381   0.666701    2.52111    3.19675    2.74265    3.93091    4.75752    4.15829    5.37401    3.92507    5.85083          0    2.44737    4.98761    4.55961    4.20319    4.20319    5.81258    4.74834    4.55781    5.76419     5.0607    5.28184    3.96327    1.39979    4.52963    4.52963    5.57715    4.71681    2.19705    3.76003    5.03007    5.43197    3.51005    3.47558    3.47558          0          0 
   1.94723    4.56299    2.99738    4.02429    5.53545    2.10818    1.37279    2.10792   0.144695    5.13566    1.77151    4.91834    5.15039    4.04504    5.22329    4.11652    5.19509    2.44737          0    5.35629    6.99372    3.65931    3.65931    5.27355    3.49503    3.60338    5.09812    5.41292    5.55052     4.1573    3.56356    4.65299    4.65299     5.1975     3.5621    1.82821     3.3983    5.39277    4.46195    3.66923    5.68088    5.68088          0          0 
   3.46257    1.31297    2.60593    1.45159   0.204213    3.29239    4.37582    4.43964    5.49986     3.5774    3.63561    1.47392    0.23013    1.43395    1.11965    1.23977    2.26972    4.98761    5.35629          0    7.45094    2.11845    2.11845    2.02323    3.29704    2.74453    2.26065  0.0754966   0.332406    1.19904    4.20422   0.774877   0.774877    1.62912    3.10785    3.55682    2.09876  0.0425663    2.79794    1.69075    4.53089    4.53089          0          0 
   7.04851    6.20529    7.54823    7.43728       7.62    7.01951    5.90322    5.05297    7.05468    3.88306    7.03711    5.97745    7.27043     7.4467     8.3502    6.99278    9.24987    4.55961    6.99372    7.45094          0    7.85483    7.85483     9.1034    8.80106    8.43966    9.18829    7.52095    7.78018    7.01297    3.89325    7.44765    7.44765     8.7522    8.70969    6.42496    7.39473    7.48682    9.17925     6.7836    2.97881    2.97881          0          0 
    1.7325    2.21265   0.662792   0.723838     2.2319    1.59075    3.09545    3.54355    3.79225     4.3468    1.90179    2.67037     1.9964   0.734531    1.59964     1.2011    1.66081    4.20319    3.65931    2.11845    7.85483          0          0    1.66757    1.26455   0.720069    1.57025    2.14423    2.17284    1.21503    4.04321    1.35093    1.35093    1.54093    1.09065    2.14027    0.46756    2.13976    1.32535    1.14076    5.28976    5.28976          0          0 
    1.7325    2.21265   0.662792   0.723838     2.2319    1.59075    3.09545    3.54355    3.79225     4.3468    1.90179    2.67037     1.9964   0.734531    1.59964     1.2011    1.66081    4.20319    3.65931    2.11845    7.85483          0          0    1.66757    1.26455   0.720069    1.57025    2.14423    2.17284    1.21503    4.04321    1.35093    1.35093    1.54093    1.09065    2.14027    0.46756    2.13976    1.32535    1.14076    5.28976    5.28976          0          0 
   3.38412    2.96104    2.31441    1.72314    1.97693     3.2507    4.76048    5.16434    5.40036    5.34128    3.54762    3.30891    2.08597    1.70895   0.903651    2.11545   0.272471    5.81258    5.27355    2.02323     9.1034    1.66757    1.66757          0    2.09171    1.72914   0.315003    1.98842     1.8157    2.09289    5.46352    1.68474    1.68474   0.395652    1.93113    3.80615    2.06627    2.01057    1.14428    2.39754    6.31472    6.31472          0          0 
   1.93944    3.46847    1.26878    1.98384    3.37734    1.89351    3.42423    4.08744    3.60069    5.49424    2.04087    3.92918    3.20747    1.99275     2.5099    2.46447    1.91511    4.74834    3.49503    3.29704    8.80106    1.26455    1.26455    2.09171          0   0.558006    1.82438    3.30977    3.28515    2.47931    4.91499     2.5623     2.5623    2.20781   0.190011     2.5515    1.58266    3.31156    1.03104    2.34426     6.4065     6.4065          0          0 
   1.83273    2.93262   0.913025     1.4309    2.83063    1.74114    3.31298    3.89114    3.72276     5.0264     1.9706     3.3904     2.6508    1.43901     2.0093    1.92018    1.60808    4.55781    3.60338    2.74453    8.43966   0.720069   0.720069    1.72914   0.558006          0    1.51145    2.75935    2.74463    1.93289    4.57869    2.00496    2.00496    1.76804   0.374741    2.38302    1.09324    2.76013   0.895785    1.83771    5.95613    5.95613          0          0 
    3.2437    3.10456    2.18717      1.759    2.23288    3.12007    4.65859    5.10812    5.22132    5.47002    3.40115    3.47736    2.30069    1.74778    1.15307    2.19892  0.0970176    5.76419    5.09812    2.26065    9.18829    1.57025    1.57025   0.315003    1.82438    1.51145          0     2.2324    2.07833    2.18152    5.49143    1.83694    1.83694   0.648854    1.67394     3.7034     2.0042    2.25195    0.84295    2.42955    6.44235    6.44235          0          0 
   3.51382    1.38816    2.64446    1.48877   0.131513    3.34382    4.44118      4.511    5.55632    3.64591    3.68737    1.54353   0.303498    1.47065    1.08524     1.2971    2.23849     5.0607    5.41292  0.0754966    7.52095    2.14423    2.14423    1.98842    3.30977    2.75935     2.2324          0   0.259795    1.25606    4.27972   0.810031   0.810031    1.59589    3.12022    3.61706    2.13943  0.0345365    2.78841    1.75043    4.59775    4.59775          0          0 
   3.63193    1.64234    2.71627     1.5667   0.175129    3.46314    4.61962    4.72121    5.69305    3.90412    3.80716    1.80273   0.544377    1.54716   0.926183    1.45317    2.07516    5.28184    5.55052   0.332406    7.78018    2.17284    2.17284     1.8157    3.28515    2.74463    2.07833   0.259795          0    1.41153     4.5274   0.901068   0.901068    1.43163    3.09515    3.77301    2.22263   0.294215      2.691     1.9112    4.85423    4.85423          0          0 
   2.27219     1.0162     1.5105   0.516302    1.38021    2.10173    3.21177    3.36762    4.30084    3.30388     2.4434    1.46363   0.998242   0.514266    1.44041  0.0416427    2.23911    3.96327     4.1573    1.19904    7.01297    1.21503    1.21503    2.09289    2.47931    1.93289    2.18152    1.25606    1.41153          0    3.41036   0.567556   0.567556    1.75847     2.3053    2.36385    1.00394     1.2355    2.34595   0.499718    4.27255    4.27255          0          0 
   3.17096    2.89963     3.6746    3.74205    4.40387    3.13201    2.24378    1.45857    3.66841    1.80126    3.17528    2.91066    3.98311    3.75551    4.84415    3.38027    5.56505    1.39979    3.56356    4.20422    3.89325    4.04321    4.04321    5.46352    4.91499    4.57869    5.49143    4.27972     4.5274    3.41036          0    3.93519    3.93519    5.15788    4.83102    2.56184    3.57593    4.24608    5.36352    3.06715    2.13249    2.13249          0          0 
   2.73089    1.27631    1.83471   0.678849   0.914344    2.56219     3.7621    3.93514    4.79512    3.65764    2.90619    1.64135   0.647594   0.660637    0.91552   0.607001    1.87615    4.52963    4.65299   0.774877    7.44765    1.35093    1.35093    1.68474     2.5623    2.00496    1.83694   0.810031   0.901068   0.567556    3.93519          0          0    1.31208    2.37541    2.88987    1.33156   0.800547    2.19225    1.05213    4.63098    4.63098          0          0 
   2.73089    1.27631    1.83471   0.678849   0.914344    2.56219     3.7621    3.93514    4.79512    3.65764    2.90619    1.64135   0.647594   0.660637    0.91552   0.607001    1.87615    4.52963    4.65299   0.774877    7.44765    1.35093    1.35093    1.68474     2.5623    2.00496    1.83694   0.810031   0.901068   0.567556    3.93519          0          0    1.31208    2.37541    2.88987    1.33156   0.800547    2.19225    1.05213    4.63098    4.63098          0          0 
   3.27276     2.5855    2.20357    1.44354    1.58914    3.12795    4.58932    4.93941    5.32908     4.9687    3.44265    2.92223    1.69052    1.42688   0.510769    1.78476   0.644122    5.57715     5.1975    1.62912     8.7522    1.54093    1.54093   0.395652    2.20781    1.76804   0.648854    1.59589    1.43163    1.75847    5.15788    1.31208    1.31208          0    2.03131    3.64247    1.88161    1.61735    1.37031    2.10695    5.94183    5.94183          0          0 
   1.92627    3.30084    1.16234    1.80529    3.18745    1.86432    3.41744    4.05277    3.67251    5.35891    2.04104    3.76004    3.01988    1.81356    2.32351    2.29174    1.76672    4.71681     3.5621    3.10785    8.70969    1.09065    1.09065    1.93113   0.190011   0.374741    1.67394    3.12022    3.09515     2.3053    4.83102    2.37541    2.37541    2.03131          0    2.52156    1.43304    3.12216   0.914065     2.1898    6.27886    6.27886          0          0 
  0.635466    2.74176    1.52532    2.31315    3.74295   0.658282   0.955436    1.53637    1.97288    3.70296   0.613864    3.11487    3.34414     2.3338    3.56606    2.32237    3.79604    2.19705    1.82821    3.55682    6.42496    2.14027    2.14027    3.80615     2.5515    2.38302     3.7034    3.61706    3.77301    2.36385    2.56184    2.88987    2.88987    3.64247    2.52156          0    1.76142    3.59483    3.27187    1.86668    4.44125    4.44125          0          0 
   1.45134    1.91781   0.512188   0.655953    2.24591    1.29093    2.70802    3.10515    3.53664    3.93319    1.62751    2.38195    1.93556   0.675485    1.83034   0.976427    2.09091    3.76003     3.3983    2.09876    7.39473    0.46756    0.46756    2.06627    1.58266    1.09324     2.0042    2.13943    2.22263    1.00394    3.57593    1.33156    1.33156    1.88161    1.43304    1.76142          0    2.12762    1.78985   0.763582    4.86432    4.86432          0          0 
   3.49659    1.35397    2.63378    1.47861   0.161678    3.32648    4.41591    4.48173    5.53627    3.61208    3.66986    1.50945    0.27255    1.46072    1.10701    1.27638    2.25924    5.03007    5.39277  0.0425663    7.48682    2.13976    2.13976    2.01057    3.31156    2.76013    2.25195  0.0345365   0.294215     1.2355    4.24608   0.800547   0.800547    1.61735    3.12216    3.59483    2.12762          0    2.80013    1.72844    4.56431    4.56431          0          0 
    2.7285    3.35387    1.76853    1.83951    2.82115    2.63529    4.20713     4.7656    4.57576    5.61831    2.86512     3.7805    2.77658    1.83748    1.79621    2.34861   0.923271    5.43197    4.46195    2.79794    9.17925    1.32535    1.32535    1.14428    1.03104   0.895785    0.84295    2.78841      2.691    2.34595    5.36352    2.19225    2.19225    1.37031   0.914065    3.27187    1.78985    2.80013          0    2.42529    6.57491    6.57491          0          0 
   1.81351    1.17547    1.20401   0.674917    1.87633    1.64384    2.71351    2.89854    3.81321    3.20722    1.98009    1.63752    1.48136   0.688639    1.86418   0.458075    2.50049    3.51005    3.66923    1.69075     6.7836    1.14076    1.14076    2.39754    2.34426    1.83771    2.42955    1.75043     1.9112   0.499718    3.06715    1.05213    1.05213    2.10695     2.1898    1.86668   0.763582    1.72844    2.42529          0    4.15482    4.15482          0          0 
   4.97142    3.35649    5.14407    4.74994    4.68835    4.88513    4.33208    3.58654    5.79065   0.973434    5.02399    3.06388     4.3671    4.75516    5.50159    4.26062    6.49222    3.47558    5.68088    4.53089    2.97881    5.28976    5.28976    6.31472     6.4065    5.95613    6.44235    4.59775    4.85423    4.27255    2.13249    4.63098    4.63098    5.94183    6.27886    4.44125    4.86432    4.56431    6.57491    4.15482          0          0          0          0 
   4.97142    3.35649    5.14407    4.74994    4.68835    4.88513    4.33208    3.58654    5.79065   0.973434    5.02399    3.06388     4.3671    4.75516    5.50159    4.26062    6.49222    3.47558    5.68088    4.53089    2.97881    5.28976    5.28976    6.31472     6.4065    5.95613    6.44235    4.59775    4.85423    4.27255    2.13249    4.63098    4.63098    5.94183    6.27886    4.44125    4.86432    4.56431    6.57491    4.15482          0          0          0          0 
         0          0          0          0          0          0          0          0          0          0          0          0          0          0          0          0          0          0          0          0          0          0          0          0          0          0          0          0          0          0          0          0          0          0          0          0          0          0          0          0          0          0          0          0 
         0          0          0          0          0          0          0          0          0          0          0          0          0          0          0          0          0          0          0          0          0          0          0          0          0          0          0          0          0          0          0          0          0          0          0          0          0          0          0          0          0          0          0          0 
service: 0.0833333

Threads: 1
Version identifier: 12.10.0.0 | 2019-11-26 | 843d4de
CPXPARAM_Threads                                 1
CPXPARAM_TimeLimit                               7200
Tried aggregator 2 times.
MIP Presolve eliminated 2196 rows and 1845 columns.
Aggregator did 13 substitutions.
Reduced MIP has 127 rows, 254 columns, and 842 nonzeros.
Reduced MIP has 210 binaries, 0 generals, 0 SOSs, and 0 indicators.
Presolve time = 0.01 sec. (6.04 ticks)
Found incumbent of value 27.194361 after 0.02 sec. (7.99 ticks)
Probing time = 0.01 sec. (1.69 ticks)
Tried aggregator 2 times.
MIP Presolve eliminated 76 rows and 42 columns.
MIP Presolve modified 74 coefficients.
Aggregator did 2 substitutions.
Reduced MIP has 49 rows, 210 columns, and 620 nonzeros.
Reduced MIP has 210 binaries, 0 generals, 0 SOSs, and 0 indicators.
Presolve time = 0.00 sec. (0.82 ticks)
Probing time = 0.00 sec. (1.44 ticks)
Tried aggregator 1 time.
Detecting symmetries...
Reduced MIP has 49 rows, 210 columns, and 620 nonzeros.
Reduced MIP has 210 binaries, 0 generals, 0 SOSs, and 0 indicators.
Presolve time = 0.00 sec. (0.50 ticks)
Probing time = 0.00 sec. (1.44 ticks)
Clique table members: 633.
MIP emphasis: balance optimality and feasibility.
MIP search method: dynamic search.
Parallel mode: none, using 1 thread.
Root relaxation solution time = 0.00 sec. (0.38 ticks)

        Nodes                                         Cuts/
   Node  Left     Objective  IInf  Best Integer    Best Bound    ItCnt     Gap

*     0+    0                           27.1944       39.1801            44.07%
*     0     0      integral     0       29.6741       29.6741       68    0.00%
Elapsed time = 0.04 sec. (15.31 ticks, tree = 0.00 MB, solutions = 2)

Root node processing (before b&c):
  Real time             =    0.04 sec. (15.38 ticks)
Sequential b&c:
  Real time             =    0.00 sec. (0.00 ticks)
                          ------------
Total (root+branch&cut) =    0.04 sec. (15.38 ticks)

Sol status: Optimal
 Total Time: 0.04
 LB: 29.6741
 UB: 29.6741

Obj Val: 29.6740507417212

Solve Time: 0.04
x(0, 10, 0)
x(1, 11, 0)
x(3, 13, 0)
x(4, 14, 0)
x(5, 15, 0)
x(6, 16, 0)
x(7, 17, 0)
x(8, 18, 0)
x(10, 7, 0)
x(11, 0, 0)
x(13, 8, 0)
x(14, 1, 0)
x(15, 4, 0)
x(16, 3, 0)
x(17, 42, 0)
x(18, 5, 0)
x(40, 6, 0)
x(2, 12, 1)
x(9, 19, 1)
x(12, 43, 1)
x(19, 2, 1)
x(41, 9, 1)
b(0): 14
b(1): 13.1
b(2): 15.3666666666667
b(3): 11.0166666666667
b(4): 12.5166666666667
b(5): 12.2333333333333
b(6): 10.4166666666667
b(7): 16.55
b(8): 11.3
b(9): 14.5833333333333
b(10): 14.0876382619786
b(11): 13.1946541389339
b(12): 15.5096728663945
b(13): 11.1005078243428
b(14): 12.7096740890711
b(15): 12.3669795612082
b(16): 10.6158866588638
b(17): 16.6495943321655
b(18): 11.3868624906836
b(19): 14.7539204277838
b(20): 8.89959433216551
b(21): 8.89959433216551
b(22): 7.50979781678695e-322
b(23): 8.20148972096469e-322
b(24): 8.89318162514244e-322
b(25): 9.43665383556781e-322
b(26): 9.98012604599318e-322
b(27): 1.08694442085074e-321
b(28): 1.17587623710217e-321
b(29): 1.24998608397835e-321
b(30): 1.32409593085454e-321
b(31): 1.40314643418914e-321
b(32): 1.48219693752374e-321
b(33): 1.03259719980821e-321
b(34): 6.92019270109761e-310
b(35): 4.64185446236307e-310
b(36): 1.83792420252944e-321
b(37): 1.89721208003039e-321
b(38): 1.95649995753134e-321
b(39): 2.01084717857387e-321
b(40): 2.06519439961641e-321
b(41): 2.11954162065895e-321
b(42): 2.17388884170148e-321
b(43): 2.23317671920243e-321


Customer profit: 48.2527472097104
Parcel profit: 0
Costs: 18.5786964679892

Number of Vehicles: 2

Solution: 
Vehicle 0: 40 - 6 - 16 - 3 - 13 - 8 - 18 - 5 - 15 - 4 - 14 - 1 - 11 - 0 - 10 - 7 - 17 - 42 - Total time: 16.6495943321655
Vehicle 1: 41 - 9 - 19 - 2 - 12 - 43 - Total time: 15.5096728663945


Solution structure: 
Vehicle 0: d - P - d - P - d - P - d - P - d - P - d - P - d - P - d - P - f
Vehicle 1: d - P - d - P - f


size of n: 10

size of m: 10

*************


Served parcels: 10

Unserved parcels: 0

*************

Total time: 2.6517513150224

Total passenger time: 0.166666666666667

Total parcel time: 1.48587488305205

Total combined transportation time: 0.666666666666667

Total idle time: 0.332543098637022

*************

Total distance: 6.22180391591858

Total passenger distance: -6.83333333333333

Total parcel distance: 26.7542035384674

Total combined transportation distance: -27.3333333333333

Total idle distance: 13.6342670441179

*************

Waiting time passenger: 29.5908492168709

Waiting time goods: 0.0833333333333381

Total waiting time: 29.6741825502043


______PART II_____


Threads: 1
Version identifier: 12.10.0.0 | 2019-11-26 | 843d4de
CPXPARAM_Threads                                 1
CPXPARAM_TimeLimit                               7200
Found incumbent of value 0.000000 after 0.00 sec. (0.22 ticks)
Tried aggregator 2 times.
MIP Presolve eliminated 588 rows and 2999 columns.
MIP Presolve modified 214 coefficients.
Aggregator did 3 substitutions.
Reduced MIP has 113 rows, 158 columns, and 1609 nonzeros.
Reduced MIP has 151 binaries, 0 generals, 0 SOSs, and 0 indicators.
Presolve time = 0.01 sec. (6.41 ticks)
Probing fixed 34 vars, tightened 0 bounds.
Probing time = 0.00 sec. (0.91 ticks)
Tried aggregator 2 times.
MIP Presolve eliminated 28 rows and 37 columns.
MIP Presolve modified 14 coefficients.
Aggregator did 1 substitutions.
Reduced MIP has 84 rows, 120 columns, and 965 nonzeros.
Reduced MIP has 117 binaries, 0 generals, 0 SOSs, and 0 indicators.
Presolve time = 0.00 sec. (1.60 ticks)
Probing time = 0.00 sec. (0.56 ticks)
Tried aggregator 1 time.
Detecting symmetries...
Reduced MIP has 84 rows, 120 columns, and 965 nonzeros.
Reduced MIP has 117 binaries, 0 generals, 0 SOSs, and 0 indicators.
Presolve time = 0.00 sec. (0.63 ticks)
Probing time = 0.00 sec. (0.55 ticks)
Clique table members: 326.
MIP emphasis: balance optimality and feasibility.
MIP search method: dynamic search.
Parallel mode: none, using 1 thread.
Root relaxation solution time = 0.00 sec. (0.40 ticks)

        Nodes                                         Cuts/
   Node  Left     Objective  IInf  Best Integer    Best Bound    ItCnt     Gap

*     0+    0                            0.0000      165.5729              --- 
      0     0       12.6954     8        0.0000       12.6954       47     --- 
*     0+    0                           10.0372       12.6954            26.48%
*     0     0      integral     0       12.3659       Cuts: 6       62    0.00%
      0     0        cutoff             12.3659       12.3659       62    0.00%
Elapsed time = 0.02 sec. (12.95 ticks, tree = 0.01 MB, solutions = 2)

Zero-half cuts applied:  2
Lift and project cuts applied:  1
Gomory fractional cuts applied:  3

Root node processing (before b&c):
  Real time             =    0.02 sec. (13.08 ticks)
Sequential b&c:
  Real time             =    0.00 sec. (0.00 ticks)
                          ------------
Total (root+branch&cut) =    0.02 sec. (13.08 ticks)

Sol status: Optimal
 Total Time: 0.02
 LB: 12.3658719639207
 UB: 12.3658719638964
6 22 0: 1
10 35 0: 1
11 38 0: 1
13 36 0: 1
14 28 0: 1
15 32 0: 1
16 26 0: 1
18 25 0: 1

b(0, 6): 10.4166666666667
b(0, 10): 14.0876382619786
b(0, 11): 13.3613208056006
b(0, 13): 11.1972651305903
b(0, 14): 12.6804262817277
b(0, 15): 12.3669795612082
b(0, 16): 10.6993398180536
b(0, 18): 11.5535291573502
s(22): 24
s(25): 24
s(26): 24
s(28): 24
s(32): 24
s(35): 24
s(36): 24
s(38): 24
k, i: 6
k, j: 6
k, i: 16
k, j: 16
k, i: 3
k, i: 13
k, j: 13
k, i: 8
k, i: 18
k, j: 18
k, i: 5
k, i: 15
k, j: 15
k, i: 4
k, i: 14
k, j: 14
k, i: 1
k, i: 11
k, j: 11
k, i: 0
k, i: 10
k, j: 10
k, i: 7
k, i: 17
k, i: 9
k, i: 19
k, i: 2
k, i: 12


Full solution: 
Vehicle: 40: 6 - 22 - 16 - 26 - 3 - 13 - 36 - 8 - 18 - 25 - 5 - 15 - 32 - 4 - 14 - 28 - 1 - 11 - 38 - 0 - 10 - 35 - 7 - 17
Vehicle: 41: 9 - 19 - 2 - 12


Full solution with times: 
Vehicle: 6(10.4166666666667) - 22(10.5754988541911) - 16(10.6993398180536) - 26(10.7850394331761) - 3(11.0166666666667) - 13(11.1005078243428) - 36(11.2003163975818) - 8(11.3699093604192) - 18(11.4567718511027) - 25(11.6279924158545) - 5(12.2333333333333) - 15(12.3669795612082) - 32(12.465117792747) - 4(12.5707521926566) - 14(12.6804262817277) - 28(12.7863494518616) - 1(13.1) - 11(13.1946541389339) - 38(13.3701947645133) - 0(14) - 10(14.0876382619786) - 35(14.1859438764464) - 7(16.55) - 17(16.6495943321655)
 --> Total travel time: 6.23292766549884
Vehicle: 9(14.5833333333333) - 19(14.7539204277838) - 2(15.3666666666667) - 12(15.5096728663945)
 --> Total travel time: 0.92633953306118


Full solution value: 44.3731355053158


Served parcels: 4


Profit of customers: 48.2527472097104


Profit of parcels: 17.9561890601809


Costs: 21.8358007645755

*************

Total time: 3.4911170430139

Total passenger time: 0.572019813868242

Total parcel time: 1.63517220607578

Total combined transportation time: 0.72015733008073

Total idle time: 0.563767692989143

*************

Total distance: 47.4691320969032

Total passenger distance: 9.78614570193126

Total parcel distance: 22.6253937824405

Total combined transportation distance: 5.60978386664327

Total idle distance: 9.44780874588817


Passenger detour (%): 0: 0 1: 0 2: 0 3: 0 4: 0 5: 0 6: 41.8899520422153 7: 0 8: 0 9: 0 


NameOfInst: Instances_M/sf_data/sfsarp-10-10-2.txt
RunningScen: 1A
Instance Name: sfsarp-10-10-2
Instance type: sf_data
K: 2
Service: 0.0833333
Dist Matrix: 
         0    4.43437    7.67325    4.56743    5.23974     1.1264    4.10955    6.28081    6.19707     4.0666    2.73767    6.36968    6.16159    4.62328    5.25528    2.01951    4.55816    4.55835    6.65122    4.34949    5.98978    4.61537     19.938    6.55736    4.28275     3.4007    19.8909    5.00788    24.1508    5.90621    6.49206     6.2848    19.9374     6.5261     5.8339    3.47427    7.01145    5.81683    5.97786    5.84842    7.64255    7.64255          0          0 
   4.43437          0    6.47367   0.180036    2.12682    5.56049    2.04118    1.93919    2.04382    2.30508    1.76311    1.98864    4.39836   0.407339    2.10982    2.51402    1.75165     1.3838    2.36097    2.95588    1.77335    1.72016     18.838    2.27864     1.5004    1.09565    18.7045    2.15001    20.0272    1.52511    2.24481     1.9517    18.7771    2.24023    1.42461    1.40192     2.9419    1.46057    1.88041    1.45516     4.2856     4.2856          0          0 
   7.67325    6.47367          0    6.35836    4.42326     8.3556    8.36542    7.47478    7.92601    4.41488    6.98786    7.35585     2.0781    6.11704    4.44923    7.26554    8.20469     7.8503    7.84944    3.78897    5.76102    4.75536    12.5315    7.83088    5.02222     6.1937    12.4366    8.62365    18.6976     7.1468    7.88252    7.50687    12.4972    7.79119    6.98072    5.62353    5.39463    7.19993    7.89576    7.06932    3.85805    3.85805          0          0 
   4.56743   0.180036    6.35836          0    1.98578    5.69382    2.20649    1.86852    2.01932    2.25368    1.91994    1.90252    4.28096   0.248832    1.96717    2.66779    1.89377    1.52018    2.29952    2.89349    1.59596    1.61513    18.6984    2.22128    1.42608     1.1959    18.5626    2.27162    19.8574     1.4456    2.19569    1.88368    18.6358    2.18158    1.33094    1.43538    2.76297    1.39345    1.87143    1.37072     4.1115     4.1115          0          0 
   5.23974    2.12682    4.42326    1.98578          0    6.29751    4.14296    3.14673    3.54804    1.32012    3.23658    3.06006    2.35291    1.73735  0.0345363    3.82449    3.87736    3.50565    3.56014    1.58242    1.56501   0.642533    16.7128    3.52311    1.00827    2.27271     16.578    4.25197    18.9275    2.77638    3.55603    3.17654    16.6508    3.48122    2.60884    1.87806    2.00803    2.81335    3.49478    2.69446    2.45793    2.45793          0          0 
    1.1264    5.56049     8.3556    5.69382    6.29751          0    5.12585    7.39819    7.29987    5.07624     3.8535    7.49016    7.01457    5.74833    6.31507    3.12164     5.6069    5.63495    7.76292    5.28406    7.10685    5.68494     20.388    7.66842    5.36394    4.52512    20.3613    6.03439    25.2238    7.02757     7.6007    7.40147    20.4015    7.63792    6.95746    4.57705    8.11224    6.93667    7.07835    6.97077    8.66276    8.66276          0          0 
   4.10955    2.04118    8.36542    2.20649    4.14296    5.12585          0    2.84618    2.51513     3.9882    1.77813    3.00808    6.31703    2.44813    4.12917    2.20309   0.581268   0.856666    3.05847     4.6497    3.65206    3.65423    20.8193    2.96264    3.35205    2.21893    20.6949   0.910877    21.5502    2.65159    2.86455    2.83262    20.7648    2.94747    2.68767     2.7973    4.81379    2.52821    2.28886    2.64392    6.30626    6.30626          0          0 
   6.28081    1.93919    7.47478    1.86852    3.14673    7.39819    2.84618          0   0.538678    3.93309     3.5447   0.188243    5.45187    1.95327    3.11495     4.2833     2.2756    2.01416    0.44219    4.49913    1.72315     3.1098    19.3788   0.383098    3.08265    3.03275     19.209    2.24389    18.7086   0.428741    0.41029  0.0333972     19.292   0.340532   0.575837    3.29895    2.53279   0.478742   0.665019   0.510819    4.34942    4.34942          0          0 
   6.19707    2.04382    7.92601    2.01932    3.54804    7.29987    2.51513   0.538678          0    4.21019     3.4682   0.721472    5.88307    2.16035     3.5179    4.17955    1.93392    1.73997    0.54864    4.80968    2.20989    3.43456    19.8985   0.456609    3.35695    3.09752    19.7312     1.8105    19.0986   0.779219   0.351837   0.507035    19.8135   0.450636   0.945507    3.44443    3.06948   0.735114   0.229801   0.857357    4.87873    4.87873          0          0 
    4.0666    2.30508    4.41488    2.25368    1.32012    5.07624     3.9882    3.93309    4.21019          0     2.5925    3.89957    2.44398    2.06516    1.34689    2.98329    3.90623    3.58535    4.37387   0.666701    2.66842   0.890582    16.9343     4.3143   0.853867    1.78431    16.8292    4.37332    20.1827      3.513    4.31728    3.95707    16.8932    4.27193    3.35752    1.20952    3.31811    3.50629    4.09233    3.42815    3.58654    3.58654          0          0 
   2.73767    1.76311    6.98786    1.91994    3.23658     3.8535    1.77813     3.5447     3.4682     2.5925          0    3.63839    5.03514    2.03751    3.23699   0.753097    2.02768    1.91704    3.91389    3.19889    3.47442    2.61575    19.5175    3.82029    2.24898   0.967131    19.4164     2.5347    21.7577    3.17758    3.75649     3.5481    19.4794    3.78875    3.11495    1.42636    4.60323    3.08436      3.253    3.12341    5.66655    5.66655          0          0 
   6.36968    1.98864    7.35585    1.90252    3.06006    7.49016    3.00808   0.188243   0.721472    3.89957    3.63839          0    5.34482    1.96414     3.0276     4.3824    2.44175    2.16835   0.500606    4.44962    1.59562     3.0595    19.2186   0.475121    3.05443    3.08421     19.047    2.42532    18.5428   0.466068   0.536955   0.216705    19.1305   0.436004   0.573946     3.3201    2.35862   0.554364   0.853132   0.533539    4.18314    4.18314          0          0 
   6.16159    4.39836     2.0781    4.28096    2.35291    7.01457    6.31703    5.45187    5.88307    2.44398    5.03514    5.34482          0    4.03915    2.38014    5.40411    6.13536    5.77771     5.8436    1.89697    3.76326    2.68327    14.5172    5.81761    2.96522    4.18385    14.4039    6.54821    18.8063    5.10546    5.86186    5.48318    14.4702    5.77686    4.93828    3.62951    3.60432    5.15165    5.84127    5.02589     2.5381     2.5381          0          0 
   4.62328   0.407339    6.11704   0.248832    1.73735    5.74833    2.44813    1.95327    2.16035    2.06516    2.03751    1.96414    4.03915          0    1.71855    2.77343    2.14259    1.76894    2.39251    2.69192      1.439    1.38377    18.4498    2.32042    1.22196    1.22382    18.3139    2.51778     19.721    1.52467    2.30574    1.97193    18.3871    2.27937    1.39116    1.35892    2.58817    1.49105    2.03044    1.44418    3.88171    3.88171          0          0 
   5.25528    2.10982    4.44923    1.96717  0.0345363    6.31507    4.12917    3.11495     3.5179    1.34689    3.23699     3.0276    2.38014    1.71855          0    3.82948    3.85962    3.48729    3.52775    1.61577    1.53062   0.651614    16.7312    3.49105    1.01486    2.27218    16.5958    4.23171    18.9093    2.74568    3.52436    3.14483    16.6688    3.44918    2.57812    1.88465    1.97837    2.78336    3.46577    2.66391    2.45107    2.45107          0          0 
   2.01951    2.51402    7.26554    2.66779    3.82449    3.12164    2.20309     4.2833    4.17955    2.98329   0.753097     4.3824    5.40411    2.77343    3.82948          0    2.58286    2.54865    4.64203    3.51537    4.20346     3.1858    19.7859    4.54729    2.81704    1.62442    19.6987    3.06126    22.4833    3.92381    4.47907    4.28542    19.7575    4.51712    3.86496    1.94978    5.31438    3.82804    3.95932    3.87142    6.27913    6.27913          0          0 
   4.55816    1.75165    8.20469    1.89377    3.87736     5.6069   0.581268     2.2756    1.93392    3.90623    2.02768    2.44175    6.13536    2.14259    3.85962    2.58286          0   0.379888    2.47777     4.5729    3.20802    3.45216    20.5896    2.38213    3.18825    2.21605    20.4554   0.514239    20.9839    2.10566    2.28357    2.26076    20.5282    2.36747    2.15652    2.77026    4.34856    1.98147    1.70792    2.10552    5.91779    5.91779          0          0 
   4.55835     1.3838     7.8503    1.52018    3.50565    5.63495   0.856666    2.01416    1.73997    3.58535    1.91704    2.16835    5.77771    1.76894    3.48729    2.54865   0.379888          0    2.26626    4.25086    2.83726    3.09512    20.2184      2.169    2.84341    1.95035    20.0828   0.788023    20.7033    1.79738    2.07873    2.00332     20.156    2.14898      1.831    2.48231    3.98513    1.67454    1.51018    1.78783    5.53953    5.53953          0          0 
