
NameOfInst: Instances_M/csarp/sarp-10-10-A-1.txt
RunningScen: 1A
Instance Name: sarp-10-10-A-1
Instance type: csarp

n: 10
m: 10
K: 3
Dist Matrix: 
         0    15.0395    16.7003    15.0776     4.8961    12.8255     17.702    11.0805    16.0354    11.7609    3.57692    15.5444    15.9822    17.9334    4.71266    15.8049    20.0637    12.8072    17.8738    14.3411    10.0457    14.9984    6.44348    14.5438    19.9104    25.8184    17.1865    2.83441    4.80367    12.7641    10.2472    12.2464    10.9088    14.8293    20.5701    19.5194    16.8794    5.98952    4.49651    9.71292    19.3415    16.6181    5.12371          0          0          0 
   15.0395          0    18.4391    13.3565    13.3786    18.4451    21.4207    24.0383    10.4493    4.91154     18.509    2.33916    15.4387    14.9379    18.8411     20.536    22.0339    23.7396    12.6077    3.96263    13.0499    25.6642    15.3788    23.5063    25.2961    21.3343    2.47661    17.3279    18.9959    21.8468    10.4483    21.7155    18.2464    22.4558    21.9618    14.7282    2.58972    19.7087    11.1853    12.1355    18.8347     17.442    19.8133          0          0          0 
   16.7003    18.4391          0    5.26491    20.3006    4.88576    3.29329    15.2025    8.95823    19.8507    17.2938     16.696    3.27203    5.49969    20.9287    3.68556    3.78789    12.0584    8.09593    14.6154    7.19068    12.6283    10.4127    9.46742    7.33571    10.6285    18.5628    19.1726    20.9516    9.06182    8.86924     9.5161    7.03901    7.49904    4.03453     7.5805    17.8589    22.2611    13.8601    7.95666    3.20263    1.21327    17.0005          0          0          0 
   15.0776    13.3565    5.26491          0    17.6289    7.50466    8.49428    17.2109    3.78376    15.3438    16.7336    11.5007    2.08731    2.85753    19.7191    8.22949    8.69095    14.9203    3.73456    9.45541    5.19878    16.1007    9.87048    13.1252    12.5365     10.792    13.3275    17.8467    19.7846     12.086    5.18807    12.3195    8.80631    11.4086    8.60708    4.62576    12.6206    21.0333    11.2292    5.36862    5.63475    4.15342    16.9613          0          0          0 
    4.8961    13.3786    20.3006    17.6289          0    17.0157    21.7862    15.8685    17.5785    9.01546     7.8317    14.5846    18.9554    20.4274    6.02644    19.9959    23.8972    17.7008    19.7245     14.019    13.1847    19.8932    10.7285    19.3357    24.3666    28.3647    15.7975     5.1987    6.19995     17.529    12.4491      17.04    15.3134    19.4698    24.3028     21.647    15.6862    6.56758    6.49317    12.5738    22.5778    19.9939    9.51598          0          0          0 
   12.8255    18.4451    4.88576    7.50466    17.0157          0    4.88668    10.3906    11.0693    18.6094    12.8185    17.1949    6.49859    9.25624    16.6613    2.98893    7.44424    7.55001    11.1828     15.091    5.43512    8.59754    6.38808    5.65133    7.53132    15.4877    19.2052    15.0162    16.6621    4.61825    7.99867    4.92972    2.21452    4.12204     8.0807    11.4508    18.5508    17.9728    10.9816    6.37376    8.07991    5.52807    12.3346          0          0          0 
    17.702    21.4207    3.29329    8.49428    21.7862    4.88668          0    13.9676    12.2307    22.4289    17.6318    19.7858    6.55684    8.70994    21.5245     1.9996    2.88017    10.3957    11.3713    17.6826    9.26243    10.4539     11.259    7.36604    4.04892    12.4693    21.6941    19.8975    21.5207    7.56792    11.4027    8.14952    6.97772    5.39684    3.68279    10.6968    20.9962     22.829    15.5668    10.1543     5.4801    4.50098    17.0287          0          0          0 
   11.0805    24.0383    15.2025    17.2109    15.8685    10.3906    13.9676          0    20.1537    22.0208    8.22278    23.6859    16.7099    19.4403    11.8787    12.1275    16.8472    3.85323    20.9253    21.8673    12.8332     5.3106     8.8109    7.07977    13.7785      25.83    25.6454    11.2374    11.7712    6.40017    15.0204    5.82517    8.50702      8.741    17.6443    21.5945    25.1364    12.7859     13.127    13.3712    18.4018    15.9184    6.61625          0          0          0 
   16.0354    10.4493    8.95823    3.78376    17.5785    11.0693    12.2307    20.1537          0    13.3708    18.3327    8.33756     5.6885    4.51195    20.7456    12.0104    12.1127    18.2494    2.33461    6.49706    7.38621    19.5998    12.0055    16.7206    16.2794    11.4054    9.97668    18.8698     20.839    15.5413    5.88628    15.7033    12.0562     15.085    11.8849     4.4946    9.26699    21.9984     11.695    7.06319    8.55857    7.78634     18.871          0          0          0 
   11.7609    4.91154    19.8507    15.3438    9.01546    18.6094    22.4289    22.0208    13.3708          0    15.3378    6.84821    17.2923    17.5328    14.8603    21.1634    23.6211    22.4958    15.6963    7.41926    13.2766    24.5913    14.0395    22.9381    25.9856    24.7441    7.36989    13.5852    15.0267    21.1465    11.0364    20.8773    17.8309    22.2753    23.7211    17.8633    7.48716    15.5543    8.94518     12.345    20.9762    19.0565    16.8427          0          0          0 
   3.57692     18.509    17.2938    16.7336     7.8317    12.8185    17.6318    8.22278    18.3327    15.3378          0    18.8638    17.2437    19.5224     4.0725    15.6436    20.2621    10.7262    19.9217    17.5068     11.535    12.8269    7.01344    13.0745    19.1537    27.1747    20.5832    3.02703    4.02521    11.4697    12.4473    10.8674    10.6571    13.8208    20.8796    21.3319    20.2363    5.28788     7.5468    11.4772     20.231    17.4612    1.68495          0          0          0 
   15.5444    2.33916     16.696    11.5007    14.5846    17.1949    19.7858    23.6859    8.33756    6.84821    18.8638          0    13.5866    12.8492    19.6765    19.0594     20.187    23.0189      10.41     2.1187    11.9381    24.8393    14.8933    22.4839    23.7391    19.0309    2.02688    18.0404    19.8212    20.9078    9.31659    20.8406    17.2516    21.2814    20.0588     12.499    1.45092    20.6502    11.3431    11.0759    16.8396    15.6411    20.0306          0          0          0 
   15.9822    15.4387    3.27203    2.08731    18.9554    6.49859    6.55684    16.7099     5.6885    17.2923    17.2437    13.5866          0    2.75856    20.5088    6.56971    6.60366    14.0486    4.96106    11.5426    5.93952    14.9937    10.2394     11.908    10.6043    9.93286    15.4038    18.6655    20.5584    11.1028    6.71433     11.428    8.20354    10.0633     6.5339    4.95221    14.6958    21.8393    12.4731    6.40228    3.75037    2.10224    17.2697          0          0          0 
   17.9334    14.9379    5.49969    2.85753    20.4274    9.25624    8.70994    19.4403    4.51195    17.5328    19.5224    12.8492    2.75856          0    22.5676      9.095    7.94272    16.8062    2.80767    10.9764    8.00147    17.7207    12.5929     14.614    12.6637     7.9501    14.4674    20.6974    22.6313    13.8555    7.98008    14.1859    10.9346    12.7328    7.58672    2.19726    13.7595    23.8841     14.064    8.22178    4.15222    4.30934    19.6809          0          0          0 
   4.71266    18.8411    20.9287    19.7191    6.02644    16.6613    21.5245    11.8787    20.7456    14.8603     4.0725    19.6765    20.5088    22.5676          0    19.5537    24.0752    14.7122    22.5821     18.692    14.6092    16.7634    10.5163    17.1426    23.1995    30.4046    21.1477     1.8826   0.174776    15.5416    14.9564    14.9399    14.5545    17.8819    24.6526     24.203    20.9273    1.33533    9.13061    14.3515    23.7298    20.9726     5.3567          0          0          0 
   15.8049     20.536    3.68556    8.22949    19.9959    2.98893     1.9996    12.1275    12.0104    21.1634    15.6436    19.0594    6.56971      9.095    19.5537          0    4.80715    8.68602    11.5304    16.9411    7.88909    9.02315    9.37355    5.86369    4.82696    13.9324    21.0224    17.9456    19.5471    5.75942    10.2453    6.30515     4.9993    3.86863    5.55888    11.2273    20.3394    20.8537    13.8923    8.81832    6.61822     4.8037    15.0292          0          0          0 
   20.0637    22.0339    3.78789    8.69095    23.8972    7.44424    2.88017    16.8472    12.1127    23.6211    20.2621     20.187    6.60366    7.94272    24.0752    4.80715          0    13.2532     10.749    18.1461    10.9124    13.1943    13.6491    10.1683    5.35284    9.95794    21.9843    22.3915    24.0816    10.4472    12.6565    11.0297    9.63006    8.23171     0.8505    9.56719    21.2747    25.3938    17.5163    11.7122     3.9229    4.60971    19.7496          0          0          0 
   12.8072    23.7396    12.0584    14.9203    17.7008    7.55001    10.3957    3.85323    18.2494    22.4958    10.7262    23.0189    14.0486    16.8062    14.7122    8.68602    13.2532          0    18.6456    21.0432    11.3404    2.19664    8.48711    3.24467    9.92875    22.5931    25.0351    13.7026    14.6338    2.99869    13.8395    2.62111     6.1942    5.03291    14.0743    19.0007     24.457    15.7834    13.6097    12.0777    15.2028    12.9274    9.36978          0          0          0 
   17.8738    12.6077    8.09593    3.73456    19.7245    11.1828    11.3713    20.9253    2.33461    15.6963    19.9217      10.41    4.96106    2.80767    22.5821    11.5304     10.749    18.6456          0    8.69727     8.5492    19.7757    13.2812    16.7524    15.3757    9.07082     11.895    20.6997    22.6655    15.7878    7.62659    16.0389    12.5408    14.9657    10.3904     2.1688    11.1957    23.8619    13.6602    8.45492    6.94364    6.88275    20.3113          0          0          0 
   14.3411    3.96263    14.6154    9.45541     14.019     15.091    17.6826    21.8673    6.49706    7.41926    17.5068     2.1187    11.5426    10.9764     18.692    16.9411    18.1461    21.0432    8.69727          0    9.87421    22.8246    13.0565    20.4174    21.6268     17.568    4.11431    16.9702    18.8264    18.8655    7.26355    18.8175    15.2015    19.1853    18.0451    10.8417    3.46709    19.7492    9.96415    9.03193    14.8827    13.5784    18.5669          0          0          0 
   10.0457    13.0499    7.19068    5.19878    13.1847    5.43512    9.26243    12.8332    7.38621    13.2766     11.535    11.9381    5.93952    8.00147    14.6092    7.88909    10.9124    11.3404     8.5492    9.87421          0    13.0028    4.73298    10.5461    12.7091    15.7958    13.9637    12.7527    14.6657    9.00244    2.62503    8.98945    5.33359    9.40611    11.2245     9.8079    13.3377    15.9346    6.70277   0.941778    9.42099    6.80967    11.7946          0          0          0 
   14.9984    25.6642    12.6283    16.1007    19.8932    8.59754    10.4539     5.3106    19.5998    24.5913    12.8269    24.8393    14.9937    17.7207    16.7634    9.02315    13.1943    2.19664    19.7757    22.8246    13.0028          0    10.5544    3.16317    9.12976    22.8953    26.8633    15.8254    16.6772    4.06706     15.572    4.01355    7.69558    5.15465    14.0403    19.9141     26.266     17.792    15.7425    13.8009     15.641    13.6243     11.407          0          0          0 
   6.44348    15.3788    10.4127    9.87048    10.7285    6.38808     11.259     8.8109    12.0055    14.0395    7.01344    14.8933    10.2394    12.5929    10.5163    9.37355    13.6491    8.48711    13.2812    13.0565    4.73298    10.5544          0    9.08106    13.6382    20.1656    16.8694    8.76972    10.5406    7.24672    6.38824    6.90116     4.5852    8.85639    14.1849    14.4961    16.3443    11.8491    5.29818    4.94377    13.2536    10.4863    7.09287          0          0          0 
   14.5438    23.5063    9.46742    13.1252    19.3357    5.65133    7.36604    7.07977    16.7206    22.9381    13.0745    22.4839     11.908     14.614    17.1426    5.86369    10.1683    3.24467    16.7524    20.4174    10.5461    3.16317    9.08106          0    6.70493    19.7627    24.5097    15.9094    17.0859    1.83863    13.1678    2.29788    5.25988    1.99927    11.0054    16.8019    23.8827    18.3065     14.377    11.4166    12.4818    10.4762    11.9307          0          0          0 
   19.9104    25.2961    7.33571    12.5365    24.3666    7.53132    4.04892    13.7785    16.2794    25.9856    19.1537    23.7391    10.6043    12.6637    23.1995    4.82696    5.35284    9.92875    15.3757    21.6268    12.7091    9.12976    13.6382    6.70493          0    15.1909    25.6709    21.7553     23.167    7.84174    15.0662    8.48097    9.05426    5.37413    6.12718    14.5563    24.9777    24.4414    18.4958    13.6414    9.05263    8.53586    18.2327          0          0          0 
   25.8184    21.3343    10.6285     10.792    28.3647    15.4877    12.4693      25.83    11.4054    24.7441    27.1747    19.0309    9.93286     7.9501    30.4046    13.9324    9.95794    22.5931    9.07082     17.568    15.7958    22.8953    20.1656    19.7627    15.1909          0    20.1764    28.5479    30.4597    19.6185    15.9251    20.1068    17.5704    17.7649    9.12513    6.92713    19.5278    31.7303    22.0139    16.1157    7.42828    10.0133    27.1557          0          0          0 
   17.1865    2.47661    18.5628    13.3275    15.7975    19.2052    21.6941    25.6454    9.97668    7.36989    20.5832    2.02688    15.4038    14.4674    21.1477    21.0224    21.9843    25.0351     11.895    4.11431    13.9637    26.8633    16.8694    24.5097    25.6709    20.1764          0      19.58    21.2987    22.9346    11.3429     22.866    19.2785    23.2976    21.8173    13.9013   0.710722    22.0567    13.1204    13.1028    18.5328    17.4802    21.8097          0          0          0 
   2.83441    17.3279    19.1726    17.8467     5.1987    15.0162    19.8975    11.2374    18.8698    13.5852    3.02703    18.0404    18.6655    20.6974     1.8826    17.9456    22.3915    13.7026    20.6997    16.9702    12.7527    15.8254    8.76972    15.9094    21.7553    28.5479      19.58          0     1.9693    14.2347    13.0742    13.6562    12.9581    16.4975    22.9468    22.3227    19.3259    3.18665    7.28639    12.4783     21.928    19.1786    4.63431          0          0          0 
   4.80367    18.9959    20.9516    19.7846    6.19995    16.6621    21.5207    11.7712     20.839    15.0267    4.02521    19.8212    20.5584    22.6313   0.174776    19.5471    24.0816    14.6338    22.6655    18.8264    14.6657    16.6772    10.5406    17.0859     23.167    30.4597    21.2987     1.9693          0    15.4943    15.0409    14.8901    14.5478    17.8431    24.6635    24.2767    21.0753    1.31255    9.23874    14.4183    23.7646    21.0054    5.27069          0          0          0 
   12.7641    21.8468    9.06182     12.086     17.529    4.61825    7.56792    6.40017    15.5413    21.1465    11.4697    20.9078    11.1028    13.8555    15.5416    5.75942    10.4472    2.99869    15.7878    18.8655    9.00244    4.06706    7.24672    1.83863    7.84174    19.6185    22.9346    14.2347    15.4943          0    11.6019   0.641075    3.66934     2.4885    11.2467    16.0524    22.3218    16.7399    12.5442    9.83475    12.2153    9.93111    10.4342          0          0          0 
   10.2472    10.4483    8.86924    5.18807    12.4491    7.99867    11.4027    15.0204    5.88628    11.0364    12.4473    9.31659    6.71433    7.98008    14.9564    10.2453    12.6565    13.8395    7.62659    7.26355    2.62503     15.572    6.38824    13.1678    15.0662    15.9251    11.3429    13.0742    15.0409    11.6019          0    11.5609    7.93885    12.0189      12.83    9.33616    10.7221    16.2354    6.11671    1.77115     10.456    8.18782    13.0275          0          0          0 
   12.2464    21.7155     9.5161    12.3195      17.04    4.92972    8.14952    5.82517    15.7033    20.8773    10.8674    20.8406     11.428    14.1859    14.9399    6.30515    11.0297    2.62111    16.0389    18.8175    8.98945    4.01355    6.90116    2.29788    8.48097    20.1068     22.866    13.6562    14.8901   0.641075    11.5609          0    3.69744    3.12937    11.8217      16.38    22.2636    16.1302    12.1948     9.7898    12.6899    10.3432    9.80924          0          0          0 
   10.9088    18.2464    7.03901    8.80631    15.3134    2.21452    6.97772    8.50702    12.0562    17.8309    10.6571    17.2516    8.20354    10.9346    14.5545     4.9993    9.63006     6.1942    12.5408    15.2015    5.33359    7.69558     4.5852    5.25988    9.05426    17.5704    19.2785    12.9581    14.5478    3.66934    7.93885    3.69744          0     4.4646    10.2846    13.0957    18.6608    15.8547    9.62099    6.17572    10.2053    7.56009    10.1269          0          0          0 
   14.8293    22.4558    7.49904    11.4086    19.4698    4.12204    5.39684      8.741     15.085    22.2753    13.8208    21.2814    10.0633    12.7328    17.8819    3.86863    8.23171    5.03291    14.9657    19.1853    9.40611    5.15465    8.85639    1.99927    5.37413    17.7649    23.2976    16.4975    17.8431     2.4885    12.0189    3.12937     4.4646          0    9.06017    14.9093    22.6495    19.1065    14.0438    10.3227    10.4864    8.53852    12.8619          0          0          0 
   20.5701    21.9618    4.03453    8.60708    24.3028     8.0807    3.68279    17.6443    11.8849    23.7211    20.8796    20.0588     6.5339    7.58672    24.6526    5.55888     0.8505    14.0743    10.3904    18.0451    11.2245    14.0403    14.1849    11.0054    6.12718    9.12513    21.8173    22.9468    24.6635    11.2467      12.83    11.8217    10.2846    9.06017          0    9.07705    21.1067    25.9761    17.8821    11.9879    3.46133    4.66595    20.4115          0          0          0 
   19.5194    14.7282     7.5805    4.62576     21.647    11.4508    10.6968    21.5945     4.4946    17.8633    21.3319     12.499    4.95221    2.19726     24.203    11.2273    9.56719    19.0007     2.1688    10.8417     9.8079    19.9141    14.4961    16.8019    14.5563    6.92713    13.9013    22.3227    24.2767    16.0524    9.33616      16.38    13.0957    14.9093    9.07705          0    13.2118    25.5032    15.4455    9.88849    5.64522     6.4238     21.586          0          0          0 
   16.8794    2.58972    17.8589    12.6206    15.6862    18.5508    20.9962    25.1364    9.26699    7.48716    20.2363    1.45092    14.6958    13.7595    20.9273    20.3394    21.2747     24.457    11.1957    3.46709    13.3377     26.266    16.3443    23.8827    24.9777    19.5278   0.710722    19.3259    21.0753    22.3218    10.7221    22.2636    18.6608    22.6495    21.1067    13.2118          0    21.8667    12.7366    12.4871    17.8225    16.7736    21.4288          0          0          0 
   5.98952    19.7087    22.2611    21.0333    6.56758    17.9728     22.829    12.7859    21.9984    15.5543    5.28788    20.6502    21.8393    23.8841    1.33533    20.8537    25.3938    15.7834    23.8619    19.7492    15.9346     17.792    11.8491    18.3065    24.4414    31.7303    22.0567    3.18665    1.31255    16.7399    16.2354    16.1302    15.8547    19.1065    25.9761    25.5032    21.8667          0    10.3422    15.6648    25.0651    22.3078    6.41779          0          0          0 
   4.49651    11.1853    13.8601    11.2292    6.49317    10.9816    15.5668     13.127     11.695    8.94518     7.5468    11.3431    12.4731     14.064    9.13061    13.8923    17.5163    13.6097    13.6602    9.96415    6.70277    15.7425    5.29818     14.377    18.4958    22.0139    13.1204    7.28639    9.23874    12.5442    6.11671    12.1948    9.62099    14.0438    17.8821    15.4455    12.7366    10.3422          0    6.08188    16.0846    13.5113    8.69247          0          0          0 
   9.71292    12.1355    7.95666    5.36862    12.5738    6.37376    10.1543    13.3712    7.06319     12.345    11.4772    11.0759    6.40228    8.22178    14.3515    8.81832    11.7122    12.0777    8.45492    9.03193   0.941778    13.8009    4.94377    11.4166    13.6414    16.1157    13.1028    12.4783    14.4183    9.83475    1.77115     9.7898    6.17572    10.3227    11.9879    9.88849    12.4871    15.6648    6.08188          0    10.0066    7.48211    11.8703          0          0          0 
   19.3415    18.8347    3.20263    5.63475    22.5778    8.07991     5.4801    18.4018    8.55857    20.9762     20.231    16.8396    3.75037    4.15222    23.7298    6.61822     3.9229    15.2028    6.94364    14.8827    9.42099     15.641    13.2536    12.4818    9.05263    7.42828    18.5328     21.928    23.7646    12.2153     10.456    12.6899    10.2053    10.4864    3.46133    5.64522    17.8225    25.0651    16.0846    10.0066          0    2.76981    20.0403          0          0          0 
   16.6181     17.442    1.21327    4.15342    19.9939    5.52807    4.50098    15.9184    7.78634    19.0565    17.4612    15.6411    2.10224    4.30934    20.9726     4.8037    4.60971    12.9274    6.88275    13.5784    6.80967    13.6243    10.4863    10.4762    8.53586    10.0133    17.4802    19.1786    21.0054    9.93111    8.18782    10.3432    7.56009    8.53852    4.66595     6.4238    16.7736    22.3078    13.5113    7.48211    2.76981          0    17.2831          0          0          0 
   5.12371    19.8133    17.0005    16.9613    9.51598    12.3346    17.0287    6.61625     18.871    16.8427    1.68495    20.0306    17.2697    19.6809     5.3567    15.0292    19.7496    9.36978    20.3113    18.5669    11.7946     11.407    7.09287    11.9307    18.2327    27.1557    21.8097    4.63431    5.27069    10.4342    13.0275    9.80924    10.1269    12.8619    20.4115     21.586    21.4288    6.41779    8.69247    11.8703    20.0403    17.2831          0          0          0          0 
         0          0          0          0          0          0          0          0          0          0          0          0          0          0          0          0          0          0          0          0          0          0          0          0          0          0          0          0          0          0          0          0          0          0          0          0          0          0          0          0          0          0          0          0          0          0 
         0          0          0          0          0          0          0          0          0          0          0          0          0          0          0          0          0          0          0          0          0          0          0          0          0          0          0          0          0          0          0          0          0          0          0          0          0          0          0          0          0          0          0          0          0          0 
         0          0          0          0          0          0          0          0          0          0          0          0          0          0          0          0          0          0          0          0          0          0          0          0          0          0          0          0          0          0          0          0          0          0          0          0          0          0          0          0          0          0          0          0          0          0 
service: 0.0833333

Threads: 1
Version identifier: 12.10.0.0 | 2019-11-26 | 843d4de
CPXPARAM_Threads                                 1
CPXPARAM_TimeLimit                               7200
Tried aggregator 2 times.
MIP Presolve eliminated 3306 rows and 2745 columns.
MIP Presolve modified 27 coefficients.
Aggregator did 3 substitutions.
Reduced MIP has 179 rows, 423 columns, and 1311 nonzeros.
Reduced MIP has 357 binaries, 0 generals, 0 SOSs, and 0 indicators.
Presolve time = 0.01 sec. (6.81 ticks)
Found incumbent of value -9.762144 after 0.01 sec. (9.95 ticks)
Probing fixed 105 vars, tightened 0 bounds.
Probing time = 0.00 sec. (2.21 ticks)
Tried aggregator 2 times.
MIP Presolve eliminated 64 rows and 165 columns.
MIP Presolve modified 132 coefficients.
Aggregator did 14 substitutions.
Reduced MIP has 101 rows, 244 columns, and 772 nonzeros.
Reduced MIP has 241 binaries, 0 generals, 0 SOSs, and 0 indicators.
Presolve time = 0.00 sec. (1.36 ticks)
Probing time = 0.00 sec. (1.35 ticks)
Tried aggregator 1 time.
Detecting symmetries...
MIP Presolve modified 60 coefficients.
Reduced MIP has 101 rows, 244 columns, and 772 nonzeros.
Reduced MIP has 241 binaries, 0 generals, 0 SOSs, and 0 indicators.
Presolve time = 0.00 sec. (0.60 ticks)
Probing time = 0.00 sec. (1.32 ticks)
Clique table members: 519.
MIP emphasis: balance optimality and feasibility.
MIP search method: dynamic search.
Parallel mode: none, using 1 thread.
Root relaxation solution time = 0.00 sec. (0.50 ticks)

        Nodes                                         Cuts/
   Node  Left     Objective  IInf  Best Integer    Best Bound    ItCnt     Gap

*     0+    0                           -9.7621       60.9692           724.55%
      0     0       16.0230    55       -9.7621       16.0230       49  264.13%
      0     0       12.8371    55       -9.7621      Cuts: 21       72  231.50%
      0     0       10.5130    55       -9.7621      Cuts: 37      109  207.69%
      0     0        9.6536    55       -9.7621      Cuts: 24      137  198.89%
      0     0        8.9143    55       -9.7621      Cuts: 32      158  191.32%
      0     0        7.4924    55       -9.7621      Cuts: 17      179  176.75%
*     0+    0                           -9.0488        7.4924           182.80%
Detecting symmetries...
      0     0        7.1842    55       -9.0488      Cuts: 23      197  179.39%
      0     0        6.9164    55       -9.0488      Cuts: 13      213  176.44%
      0     0        6.8592    55       -9.0488       Cuts: 9      219  175.80%
      0     0        6.8040    55       -9.0488   ZeroHalf: 6      238  175.19%
*     0+    0                           -6.3656        6.8040           206.89%
      0     0        6.6598    55       -6.3656      Cuts: 13      260  204.62%
      0     0        6.6276    55       -6.3656       Cuts: 3      270  204.12%
      0     0        6.5332    55       -6.3656   ZeroHalf: 6      284  202.63%
Detecting symmetries...
      0     2        6.5332    82       -6.3656        6.5209      284  202.44%
Elapsed time = 0.09 sec. (50.53 ticks, tree = 0.01 MB, solutions = 3)

Clique cuts applied:  3
Implied bound cuts applied:  8
Flow cuts applied:  1
Mixed integer rounding cuts applied:  1
Zero-half cuts applied:  15
Gomory fractional cuts applied:  1

Root node processing (before b&c):
  Real time             =    0.09 sec. (50.64 ticks)
Sequential b&c:
  Real time             =    0.01 sec. (9.45 ticks)
                          ------------
Total (root+branch&cut) =    0.10 sec. (60.09 ticks)

Sol status: Optimal
 Total Time: 0.1
 LB: -6.36555
 UB: -6.36555

Obj Val: -6.36555364844937

Solve Time: 0.1
x(8, 18, 0)
x(18, 43, 0)
x(40, 8, 0)
x(2, 12, 1)
x(4, 14, 1)
x(5, 15, 1)
x(9, 19, 1)
x(12, 44, 1)
x(14, 5, 1)
x(15, 2, 1)
x(19, 4, 1)
x(41, 9, 1)
x(0, 10, 2)
x(1, 11, 2)
x(3, 13, 2)
x(6, 16, 2)
x(7, 17, 2)
x(10, 1, 2)
x(11, 45, 2)
x(13, 6, 2)
x(16, 0, 2)
x(17, 3, 2)
x(42, 7, 2)
b(0): 4.03333333333333
b(1): 7.03333333333333
b(2): 18.6666667055962
b(3): 2.23333333333333
b(4): 13.883333405034
b(5): 16.516666702228
b(6): 2.88333333333333
b(7): 1.56666666666667
b(8): 16.2166666944431
b(9): 12.6571456381053
b(10): 4.20390852349234
b(11): 7.17371923883026
b(12): 18.8298056615408
b(13): 2.38636250760357
b(14): 14.113653000478
b(15): 16.6729006614516
b(16): 3.0369147411532
b(17): 1.74398124361962
b(18): 16.3569416901071
b(19): 12.9214366494997
b(20): 10.9131389948741
b(21): 10.9131389948741
b(22): 1.32196140373926
b(23): 0
b(24): 0
b(25): 0
b(26): 1.10670704668439e-321
b(27): 3.95252516672997e-322
b(28): 4.64293246225978e-310
b(29): 1.32825341295637e-231
b(30): 0
b(31): 0
b(32): 2.12199579047121e-314
b(33): 4.79243676466009e-322
b(34): 6.91302131269277e-310
b(35): 4.64293227952585e-310
b(36): 0
b(37): 3.2114266979681e-322
b(38): 4.64293208090355e-310
b(39): 4.64293231995307e-310
b(40): 0
b(41): 0
b(42): 0
b(43): 0
b(44): 4.74303020007597e-322
b(45): 1.98416763369845e-320


Customer profit: 71.0747170705013
Parcel profit: 0
Costs: 77.4402707189506

Number of Vehicles: 3

Solution: 
Vehicle 0: 40 - 8 - 18 - 43 - Total time: 16.3569416901071
Vehicle 1: 41 - 9 - 19 - 4 - 14 - 5 - 15 - 2 - 12 - 44 - Total time: 18.8298056615408
Vehicle 2: 42 - 7 - 17 - 3 - 13 - 6 - 16 - 0 - 10 - 1 - 11 - 45 - Total time: 7.17371923883026


Solution structure: 
Vehicle 0: d - P - f
Vehicle 1: d - P - d - P - d - P - d - P - f
Vehicle 2: d - P - d - P - d - P - d - P - d - P - f


size of n: 10

size of m: 10

*************


Served parcels: 10

Unserved parcels: 0

*************

Total time: 5.77272555950604

Total passenger time: 0.25

Total parcel time: 3.77260114998781

Total combined transportation time: 0.583333333333333

Total idle time: 1.1667910761849

*************

Total distance: 134.181747939748

Total passenger distance: -10.25

Total parcel distance: 120.509980482834

Total combined transportation distance: -23.9166666666667

Total idle distance: 47.8384341235807

*************

Waiting time passenger: 36.8377410309721

Waiting time goods: 5.28466159721575e-14

Total waiting time: 36.8377410309721


______PART II_____


Threads: 1
Version identifier: 12.10.0.0 | 2019-11-26 | 843d4de
CPXPARAM_Threads                                 1
CPXPARAM_TimeLimit                               7200
Found incumbent of value -0.127955 after 0.00 sec. (0.27 ticks)
Tried aggregator 2 times.
MIP Presolve eliminated 590 rows and 4628 columns.
MIP Presolve modified 195 coefficients.
Aggregator did 8 substitutions.
Reduced MIP has 73 rows, 84 columns, and 367 nonzeros.
Reduced MIP has 72 binaries, 0 generals, 0 SOSs, and 0 indicators.
Presolve time = 0.00 sec. (3.59 ticks)
Probing fixed 17 vars, tightened 0 bounds.
Probing time = 0.00 sec. (0.18 ticks)
Tried aggregator 2 times.
MIP Presolve eliminated 10 rows and 21 columns.
MIP Presolve modified 12 coefficients.
Aggregator did 1 substitutions.
Reduced MIP has 62 rows, 62 columns, and 274 nonzeros.
Reduced MIP has 55 binaries, 0 generals, 0 SOSs, and 0 indicators.
Presolve time = 0.00 sec. (0.37 ticks)
Probing time = 0.00 sec. (0.14 ticks)
Tried aggregator 2 times.
MIP Presolve eliminated 5 rows and 4 columns.
MIP Presolve modified 8 coefficients.
Aggregator did 1 substitutions.
Reduced MIP has 56 rows, 57 columns, and 258 nonzeros.
Reduced MIP has 55 binaries, 0 generals, 0 SOSs, and 0 indicators.
Presolve time = 0.00 sec. (0.36 ticks)
Probing time = 0.00 sec. (0.13 ticks)
Clique table members: 208.
MIP emphasis: balance optimality and feasibility.
MIP search method: dynamic search.
Parallel mode: none, using 1 thread.
Root relaxation solution time = 0.00 sec. (0.15 ticks)

        Nodes                                         Cuts/
   Node  Left     Objective  IInf  Best Integer    Best Bound    ItCnt     Gap

*     0+    0                           -0.0000      134.6781              --- 
*     0     0      integral     0       18.6360       18.6360       31    0.00%
Elapsed time = 0.01 sec. (6.29 ticks, tree = 0.00 MB, solutions = 3)

Root node processing (before b&c):
  Real time             =    0.01 sec. (6.52 ticks)
Sequential b&c:
  Real time             =    0.00 sec. (0.00 ticks)
                          ------------
Total (root+branch&cut) =    0.01 sec. (6.52 ticks)

Sol status: Optimal
 Total Time: 0.01
 LB: 18.6360229124643
 UB: 18.6360229124639
4 28 1: 1
10 39 2: 1
13 24 2: 1
14 38 1: 1
16 34 2: 1
17 29 2: 1

b(1, 4): 13.8833333333333
b(2, 10): 4.20390852349234
b(2, 13): 2.26493083167247
b(1, 14): 14.2054810842293
b(2, 16): 3.0369147411532
b(2, 17): 1.57731462279748
s(24): 24
s(28): 24
s(29): 24
s(34): 24
s(38): 24
s(39): 24
k, i: 8
k, i: 18
k, i: 9
k, i: 19
k, i: 4
k, j: 4
k, i: 14
k, j: 14
k, i: 5
k, i: 15
k, i: 2
k, i: 12
k, i: 7
k, i: 17
k, j: 17
k, i: 3
k, i: 13
k, j: 13
k, i: 6
k, i: 16
k, j: 16
k, i: 0
k, i: 10
k, j: 10
k, i: 1
k, i: 11


Full solution: 
Vehicle: 40: 8 - 18
Vehicle: 41: 9 - 19 - 4 - 28 - 14 - 38 - 5 - 15 - 2 - 12
Vehicle: 42: 7 - 17 - 29 - 3 - 13 - 24 - 6 - 16 - 34 - 0 - 10 - 39 - 1 - 11


Full solution with times: 
Vehicle: 8(16.2166666666667) - 18(16.3569416901071)
 --> Total travel time: 0.140275023440463
Vehicle: 9(12.65) - 19(12.9214366494997) - 4(13.8833333333333) - 28(14.1178849244309) - 14(14.2054810842293) - 38(14.5115122226649) - 5(16.5166666666667) - 15(16.6729006614517) - 2(18.6666666666667) - 12(18.8298056615408)
 --> Total travel time: 6.17980566154076
Vehicle: 7(1.4) - 17(1.57731462279748) - 29(1.73378684513707) - 3(2.11190165740223) - 13(2.26493083167247) - 24(2.65713529393042) - 6(2.83922281882533) - 16(2.9928042266452) - 34(3.09688146370805) - 0(3.86666666666667) - 10(4.0372418993827) - 39(4.4005075238517) - 1(6.86666666666667) - 11(7.00705259999413)
 --> Total travel time: 5.60705259999413


Full solution value: 14.2946259395573


Served parcels: 3


Profit of customers: 71.0747170705013


Profit of parcels: 29.1365604772708


Costs: 85.9166516082148

*************

Total time: 6.28980869138661

Total passenger time: 1.13591600011008

Total parcel time: 2.31082411969847

Total combined transportation time: 0.564781932047432

Total idle time: 2.27828663953062

*************

Total distance: 175.882156346851

Total passenger distance: 26.0725560045135

Total parcel distance: 70.8271222409705

Total combined transportation distance: 9.48939254727805

Total idle distance: 69.4930855540889


Passenger detour (%): 0: 0 1: 0 2: 0 3: -2.22166656425141e-05 4: 39.8698404221127 5: 0 6: -2.23121813188355e-05 7: 0 8: 0 9: 0 


NameOfInst: Instances_M/csarp/sarp-10-10-A-2.txt
RunningScen: 1A
Instance Name: sarp-10-10-A-2
Instance type: csarp

n: 10
m: 10
K: 3
Dist Matrix: 
         0    6.83677    18.5432    14.3562     12.384    5.95503    8.41611    9.54773    17.7109     11.957    2.23394    8.43877    14.0268    12.8516    12.6944     3.8981     9.2086    9.83617    17.3657    12.5745    11.8042    14.0917    12.3891    16.7368    8.23311    17.4164     10.932    16.7455    5.46716    9.96609    10.6587    12.1697    7.48494    14.2675    9.11182     16.236    13.1636    17.1473     6.2614    5.53593     16.772    17.5314      12.26          0          0          0 
   6.83677          0    23.4233    19.0169    19.1681    12.0404    5.81183    11.7905    23.5909    18.3725    6.36482    6.03282    18.9661    17.7206     19.441    8.47817    8.19436    10.7987    23.3898    18.6585     18.482    15.7216    13.5829    22.7059    14.7539     24.248    16.4909    23.4185    11.1245    9.71353    16.9297    14.9476    7.21316    19.4776    14.4291    23.0715    18.0935    23.9558    11.4724    8.72025    23.4203    24.0239    19.0967          0          0          0 
   18.5432    23.4233          0    4.41365      16.42    19.5753    19.7253    26.6455    4.96226    9.42306    20.6897      19.49    4.53046    5.75008    17.0626    21.2906    17.5514    27.6682    5.81889    7.62483     11.338    30.7881    29.6928    24.0734    11.8997    14.8923    22.5564    19.3651    13.0764    28.2487     9.4658    28.1294    25.9646    25.2866    9.43194    14.8925    25.3379    17.2377    12.3392    23.1793    10.8842    21.4538    14.5514          0          0          0 
   14.3562    19.0169    4.41365          0    14.5019    16.0987    15.3818    22.8938    6.57292     7.4151    16.5471    15.1518   0.959482    1.56837     15.167    17.3564    13.2938    23.7584     7.0211    5.59786    9.42705    27.1895    25.9366    22.2017    8.66164    14.6103    19.6804    18.2179    8.92836    24.2068    6.74775    24.6463    21.8295    22.6961    5.35212    14.2414    22.5154    16.5176     8.0982    19.2507    10.9745    20.1817    12.7337          0          0          0 
    12.384    19.1681      16.42    14.5019          0    7.87522     19.904    14.3566    12.4767    7.15584     13.058    19.8322    13.5887    13.2534    0.66515    11.6686    19.5854    16.1699    11.6363    9.03098    5.14262    17.1721    16.9698    7.72283    7.00739      5.828    7.36272    4.61824    10.7285    17.6089    7.82883     14.303    16.5952    9.22564     11.091    4.59326    9.70606    4.81228    11.4468    12.8572    7.59521    6.08282     1.8716          0          0          0 
   5.95503    12.0404    19.5753    16.0987    7.87522          0    14.3639    7.30999    17.2133    10.8585    5.67652     14.378    15.4542    14.5402    7.94642     3.8634    14.9511    8.78288    16.6025    12.2524     9.7153    11.2198    10.2922    10.8185    7.68149    13.6062    5.03526    11.6034     8.1187     9.9774    10.2315    8.56793    8.73113    8.43758    10.9334    12.3599    7.51651    12.6097    9.17531    5.00174    14.2749    12.0136    8.54077          0          0          0 
   8.41611    5.81183    19.7253    15.3818     19.904    14.3639          0    16.5269    20.9862    16.9533    9.47282   0.259085    15.5894    14.3827    20.3404     11.795    2.57178    15.9586    20.9994    16.6488    17.6938    20.8239    18.7758    25.0868    13.8937    24.0455    19.3459    24.4799    9.69512    15.1717    15.3689    19.5671    12.5049    22.6609    11.9366    23.0054    21.4997    24.3938    9.48002    12.8113    22.2817    25.5383    19.2824          0          0          0 
   9.54773    11.7905    26.6455    22.8938    14.3566    7.30999    16.5269          0    24.5133     18.162    7.52392    16.6533    22.3513    21.3264    14.2041    5.75403    18.1061    2.04946    23.9113    19.5013    17.0009    4.54394    3.04846    13.7188    14.8552    20.1719    7.86173    16.9324    14.1961    3.87727    17.4617    3.16177    4.86455    9.42851    17.5623    18.9463    7.83603    18.6345     15.197    4.01636    21.4011    16.5297    15.4528          0          0          0 
   17.7109    23.5909    4.96226    6.57292    12.4767    17.2133    20.9862    24.5133          0    6.35569    19.6312     20.783    5.89286    6.87486    13.0712    19.6875    19.2122    25.8283   0.911997    5.17305    7.81439    28.3054    27.5051    19.8678    9.82524    10.0666    19.2892    14.8115    12.5103    26.7039    7.19534    25.5136     24.723    21.6515    9.22135    10.2085    21.9389    12.5278    12.1248    21.4981    6.04113    16.9272    10.6321          0          0          0 
    11.957    18.3725    9.42306     7.4151    7.15584    10.8585    16.9533     18.162    6.35569          0     13.672     16.799    6.47889    6.31189    7.81752     13.474    15.7732    19.5101    5.76035    1.87548    2.02234     21.966    21.1498    14.8787    3.73505     7.8692    13.2003    10.8362    7.41599    20.4506    1.59284    19.1907    18.5906    15.8637    5.44621    7.20499    15.9489    9.33556    7.47449    15.2402    5.33398    12.7725    5.34121          0          0          0 
   2.23394    6.36482    20.6897    16.5471     13.058    5.67652    9.47282    7.52392    19.6312     13.672          0     9.5509    16.1882    15.0291    13.2662    2.33771    10.7212    7.64621    19.2326    14.4635    13.2717    12.0512    10.2631    16.3832    9.94277    18.4444    10.2501    17.1485    7.62714    7.73239     12.485    10.3297    5.28318    13.4011    11.2628    17.2258    12.1346    17.8703    8.46675    3.53194    18.2193    17.6757     13.239          0          0          0 
