DIMENSION: 47
N: 15
M: 15
K: 2

SERVICE: 
318 231 131 268 316 143 335 279 175 130 185 104 300 207 356 

DIST MATRIX: 
    0   107   344   338   247   223   118   192   544   698   234   471   188   449   313   298   322   482   494   248   326   213   119   178   244   319   507   173   253   329   224   688   722   656   416   604   221   159   409   588   199   454   192   250   518   474   112     0 
  366     0   444   446   351   310   229   325   665   718   307   604   308   592   422   414   449   553   471   206   335   205    34   313   376   355   582   313   377   290   165   827   846   647   415   746   279    79   523   665    92   469   186   389   597   394    95     0 
  486   245     0   418    42    72   271   254   335   864   105   283   287   350   396   370   354   605   695   462   519   422   319    82    78   495   623   117    56   540   440   623   714   846   610   468   395   371   194   385   407   635   403   125   626   690   327     0 
  462   406   507     0   484   525   415   312   471   703   558   358   338   138   276   262   203   410   698   614   549   559   606   390   377   489   404   365   409   643   625   191   268   767   605   240   449   617   468   709   658   581   554   327   389   814   563     0 
  490   340   326   322     0   364   358   260   301   806   396   186   302    58   315   288   230   510   735   584   564   530   520   250   214   513   514   236   241   635   582   333   452   840   639   202   440   549   283   525   591   634   518   173   506   807   494     0 
  571   337    60   475    90     0   363   324   230   942   167   195   363   324   456   427   397   669   791   566   613   524   426   161   106   583   684   190    77   642   545   597   715   935   702   408   485   477    88   303   514   723   505   149   684   795   433     0 
  332   353   653   491   557   522     0   437   862   592   521   787   402   729   474   480   534   519   311   127   255   179   216   495   562   308   550   484   571   152   112   922   895   488   295   893   294   160   725   881   126   362   183   562   571   181   208     0 
  516   354   301   353   300   350   373     0   267   838   382   152   322    81   345   317   260   542   760   600   588   547   527   247   203   538   547   238   226   655   597   354   481   869   665   196   462   559   253   493   601   662   534   168   540   826   504     0 
  851   620   252   737   349   383   646   600     0  1217   388   278   642   497   722   692   651   934  1073   843   895   804   689   444   385   865   945   472   359   922   819   729   891  1216   985   485   767   746   203   110   779  1003   784   417   942  1069   706     0 
  421   659  1034   563   944   935   634   672  1162     0   951  1054   630   885   571   599   656   392   245   507   393   516   690   832   887   410   401   801   915   425   549   921   783    66   303  1036   510   633  1069  1289   632   270   537   856   419   416   638     0 
  723   486   216   686   235   211   508   520   419  1105     0   443   545   594   664   639   627   866   897   637   734   615   455   353   340   726   886   388   306   722   602   868   979  1064   824   671   626   516   293   260   537   863   593   391   892   838   496     0 
  718   504   203   584   281   331   529   464    38  1069   350     0   509   324   571   541   494   780   952   745   773   699   616   334   267   735   788   353   254   816   728   558   717  1082   860   320   643   665   111   261   703   870   681   284   783   976   618     0 
  365   379   577   179   532   564   379   291   582   572   596   467     0   251   197   196   161   282   588   544   456   492   575   421   428   393   274   389   463   559   564   267   239   642   499   372   376   573   556   801   611   467   491   377   258   724   523     0 
  316   176   358   175   299   325   189    85   439   657   356   330   124     0   159   130    96   372   559   408   386   354   372   181   201   337   384   148   236   457   411   425   472   674   464   373   261   389   362   603   431   464   344   153   383   629   335     0 
  435   562   820   332   768   793   553   493   828   442   823   714   483   495     0   375   375   253   579   645   516   603   735   649   667   459   224   615   702   626   677   394   222   560   515   588   496   715   804  1049   745   457   611   617   201   761   675     0 
  208   191   480    48   411   428   187   120   566   528   455   456   111   297    30     0    63   243   452   355   291   301   381   288   322   233   257   253   356   382   371   443   432   552   357   460   188   377   491   730   415   347   298   279   258   553   328     0 
  271   219   453    93   394   418   221   130   517   579   448   404   142   235    87    63     0   286   515   411   354   356   417   274   296   296   295   240   332   442   423   389   399   611   420   397   246   421   453   696   461   408   351   249   291   614   369     0 
  193   385   721   197   646   656   367   350   803   298   681   689   320   501   213   243   286     0   335   402   265   366   520   523   564   213    31   489   597   374   438   537   429   361   263   646   275   489   734   972   514   209   378   522    52   509   458     0 
  245   453   826   432   732   716   427   490   983   287   728   884   446   749   429   452   515   335     0   265   179   283   451   629   691   222   360   603   714   181   306   855   763   179    96   912   309   392   874  1078   388   126   304   668   383   204   402     0 
  210   249   591   365   494   469   227   324   780   518   476   695   285   615   348   355   411   402   265     0   146    55   186   411   478   188   432   394   493    85    43   798   769   441   213   782   168   127   653   834   129   272    66   469   452   231   142     0 
   91   275   650   282   557   544   249   313   805   383   559   707   269   583   273   291   354   265   179   146     0   131   308   451   513    63   296   425   536   110   187   721   663   331    91   749   130   259   695   903   271   134   150   490   317   268   250     0 
  173   198   553   313   457   436   175   270   733   513   446   646   230   561   295   301   356   366   283    55   131     0   178   366   432   156   396   346   450   118    75   744   719   451   214   727   115   129   610   800   148   264    21   420   415   281   122     0 
  334   200   438   412   343   306   196   293   653   691   306   587   275   565   389   381   417   520   451   186   308   178     0   294   359   324   549   291   363   271   148   796   813   625   390   722   246    62   513   667    89   442   158   369   563   387    62     0 
  411   176   203   336   123   144   202   173   369   786   175   293   207   304   315   288   274   523   629   411   451   366   294     0    67   422   541    35    85   484   395   570   645   774   541   442   324   337   245   459   377   562   348    79   545   642   287     0 
  467   239   158   370   107   150   264   218   302   836   183   228   258   272   351   322   296   564   691   478   513   432   359    67     0   480   579    88    35   550   462   545   640   832   601   394   384   403   183   409   443   619   414    51   580   709   354     0 
   28   250   624   221   535   528   225   271   765   379   546   663   226   528   213   233   296   213   222   188    63   156   324   422   480     0   244   393   506   171   225   659   600   352   127   693   101   283   663   879   304   140   171   452   264   331   263     0 
  224   408   737   209   664   676   391   368   810   299   701   696   341   502   228   257   295    31   360   432   296   396   549   541   579   244     0   506   613   404   468   522   406   375   291   642   303   518   746   986   543   235   408   536    24   537   487     0 
  380   151   236   301   158   178   177   139   387   754   208   303   174   288   280   253   240   489   603   394   425   346   291    35    88   393   506     0   114   463   381   547   616   745   514   434   296   329   270   491   370   532   329    78   509   625   277     0 
  494   261   124   404    75   124   287   249   291   867   156   229   288   299   385   356   332   597   714   493   536   450   363    85    35   506   613   114     0   568   475   574   674   858   626   412   409   412   160   378   450   646   431    86   614   724   365     0 
  198   314   671   381   574   551   289   376   850   446   560   760   333   662   368   382   442   374   181    85   110   118   271   484   550   171   404   463   568     0   125   821   771   359   144   829   198   211   728   916   207   210   138   536   426   173   227     0 
  245   243   567   386   470   441   224   326   764   561   446   683   290   617   367   371   423   438   306    43   187    75   148   395   462   225   468   381   475   125     0   812   793   483   256   783   189    87   632   806    86   315    73   458   487   250   113     0 
  631   597   654   440   649   695   605   503   554   808   728   459   528   275   453   443   389   537   855   798   721   744   796   570   545   659   522   547   574   821   812     0   197   897   766   250   631   807   597   819   848   732   740   499   502   988   754     0 
  573   618   775   408   747   785   617   529   720   661   818   614   538   400   429   432   399   429   763   769   663   719   813   645   640   600   406   616   674   771   793   197     0   770   686   434   604   809   734   971   846   638   721   590   383   926   760     0 
  365   600   976   519   885   874   575   619  1111   151   889  1005   575   843   525   552   611   361   179   441   331   451   625   774   832   352   375   745   858   359   483   897   770     0   240   998   451   568  1014  1230   566   213   473   802   395   354   573     0 
  149   365   741   338   648   635   340   397   891   305   650   790   352   653   334   357   420   263    96   213    91   214   390   541   601   127   291   514   626   144   256   766   686   240     0   817   218   337   784   994   342    67   235   576   314   246   336     0 
  668   541   457   483   481   534   559   458   310   941   564   232   497   167   483   460   397   646   912   782   749   727   722   442   394   693   642   434   412   829   783   250   434   998   817     0   631   751   381   581   793   802   717   363   628  1001   696     0 
   98   149   525   197   434   427   124   185   675   479   445   577   140   464   180   188   246   275   309   168   130   115   246   324   384   101   303   296   409   198   189   631   604   451   218   631     0   219   566   779   249   241   118   360   318   370   184     0 
  297   213   494   402   398   364   202   306   702   640   366   630   279   590   380   377   421   489   392   127   259   129    62   337   403   283   518   329   412   211    87   807   809   568   337   751   219     0   565   726    42   391   112   407   534   327    55     0 
  649   421    93   537   173   221   446   397   149  1014   239   150   439   334   521   491   453   734   874   653   695   610   513   245   183   663   746   270   160   728   632   597   734  1014   784   381   566   565     0   246   602   801   591   214   744   882   521     0 
  869   630   255   777   346   365   655   627   273  1244   360   360   665   572   759   730   696   972  1078   834   903   800   667   459   409   879   986   491   378   916   806   819   971  1230   994   581   779   726   246     0   755  1019   780   451   986  1053   693     0 
  320   255   528   438   432   395   244   348   740   647   395   670   320   632   417   415   461   514   388   129   271   148    89   377   443   304   543   370   450   207    86   848   846   566   342   793   249    42   602   755     0   401   136   448   561   301    97     0 
  152   390   765   320   675   667   365   406   899   249   684   794   363   642   321   347   408   209   126   272   134   264   442   562   619   140   235   532   646   210   315   732   638   213    67   802   241   391   801  1019   401     0   284   589   259   308   384     0 
  186   183   533   313   437   415   161   259   716   533   425   630   221   550   294   298   351   378   304    66   150    21   158   348   414   171   408   329   431   138    73   740   721   473   235   717   118   112   591   780   136   284     0   404   425   296   101     0 
  437   223   205   326   158   198   247   184   316   799   230   226   227   229   308   279   249   522   668   469   490   420   369    79    51   452   536    78    86   536   458   499   590   802   576   363   360   407   214   451   448   589   404     0   535   700   355     0 
  242   417   738   210   668   681   401   373   804   314   707   689   347   492   230   258   291    52   383   452   317   415   563   545   580   264    24   509   614   426   487   502   383   395   314   628   318   534   744   986   561   259   425   535     0   560   502     0 
  358   479   817   549   720   690   456   547  1011   485   693   926   505   834   538   553   614   509   204   231   268   281   387   642   709   331   537   625   724   173   250   988   926   354   246  1001   370   327   882  1053   301   308   296   700   560     0   363     0 
  272   159   454   356   357   328   149   252   655   633   334   579   227   535   333   328   369   458   402   142   250   122    62   287   354   263   487   277   365   227   113   754   760   573   336   696   184    55   521   693    97   384   101   355   502   363     0     0 
    0     0     0     0     0     0     0     0     0     0     0     0     0     0     0     0     0     0     0     0     0     0     0     0     0     0     0     0     0     0     0     0     0     0     0     0     0     0     0     0     0     0     0     0     0     0     0     0 
