DIMENSION: 27
N: 15
M: 5
K: 2

SERVICE: 
371 389 429 179 213 749 115 62 245 409 304 235 329 86 426 

DIST MATRIX: 
    0   423   438   306    43   187    75   148   395   462   225   468   381   475   125   184   336   441   112   355   236   418   709   428   529   113   858     0 
  443     0   537   855   798   721   744   796   570   545   659   522   547   574   821   991  1137   480   919   498   593  1195   321   657   561   754   771     0 
  432   399     0   763   769   663   719   813   645   640   600   406   616   674   771   976  1128   561   888   443   558  1201   145   538   676   760   936     0 
  552   611   361     0   441   331   451   625   774   832   352   375   745   858   359   577   693   770   469   447   440   802   631   240   906   573  1260     0 
  357   420   263    96     0    91   214   390   541   601   127   291   514   626   144   392   532   547   279   271   218   634   568   197   676   336  1028     0 
  460   397   646   912   782     0   727   722   442   394   693   642   434   412   829   941  1073   361   895   555   609  1110   528   765   380   696   525     0 
  188   246   275   309   168   130     0   246   324   384   101   303   296   409   198   373   525   332   289   169    49   603   523   306   458   184   811     0 
  377   421   489   392   127   259   129     0   337   403   283   518   329   412   211   191   330   396   170   386   267   393   739   495   466    55   783     0 
  491   453   734   874   653   695   610   513     0   183   663   746   270   160   728   736   833   249   734   598   574   839   771   826   108   521   248     0 
  730   696   972  1078   834   903   800   667   459     0   879   986   491   378   916   868   932   487   894   834   795   908  1016  1057   340   693   100     0 
  415   461   514   388   129   271   148    89   377   443     0   543   370   450   207   148   289   438   139   418   298   356   772   511   504    97   814     0 
  347   408   209   126   272   134   264   442   562   619   140     0   532   646   210   458   599   558   346   248   227   701   514   131   693   384  1048     0 
  298   351   378   304    66   150    21   158   348   414   171   408     0   431   138   256   407   384   181   285   165   486   640   383   485   101   825     0 
  279   249   522   668   469   490   420   369    79    51   452   536    78     0   536   595   717    36   567   384   363   749   596   611   111   355   463     0 
  258   291    52   383   452   317   415   563   545   580   264    24   509   614     0   663   814   499   559   168   271   904   255   157   646   502   989     0 
  552   602   612   403   212   349   258   227   521   586   399   643   517   590   249     0   153   586   113   538   419   244   892   583   644   245   936     0 
  701   749   763   528   365   498   410   351   640   701   551   793   641   699   394   153     0   713   257   691   572   110  1044   727   751   384  1009     0 
  243   213   486   640   450   462   399   362    90    85   422   499    74   120   513   586   713     0   552   349   332   750   563   577   147   343   497     0 
  475   531   507   293   121   242   175   227   502   569   297   538   490   579   137   113   257   552     0   446   331   355   795   472   634   215   952     0 
  109   164   140   363   327   225   280   407   383   425   162   160   348   457   330   538   691   349   446     0   120   771   355   230   495   347   846     0 
  154   215   229   312   211   141   161   293   337   392    91   257   306   420   229   419   572   332   331   120     0   651   475   273   466   231   821     0 
  770   812   854   635   452   593   493   399   670   726   641   884   676   718   492   244   110   750   355   771   651     0  1126   827   767   444   992     0 
  379   367   306   639   680   559   635   753   637   647   499   279   604   682   669   892  1044   563   795   355   475  1126     0   404   696   696   993     0 
  339   391   121   242   386   241   366   538   601   649   214   135   568   680   335   583   727   577   472   230   273   827   404     0   721   477  1074     0 
  390   358   633   765   548   587   503   418   137    74   554   647   162    55   621   644   751   147   634   495   466   767   696   721     0   419   355     0 
  328   369   458   402   142   250   122    62   287   354   263   487   277   365   227   245   384   343   215   347   231   444   696   477   419     0   745     0 
  738   698   981  1116   883   938   844   725   487   429   909   992   516   402   962   936  1009   497   952   846   821   992   993  1074   355   745     0     0 
    0     0     0     0     0     0     0     0     0     0     0     0     0     0     0     0     0     0     0     0     0     0     0     0     0     0     0     0 
