DIMENSION: 27
N: 15
M: 5
K: 2

SERVICE: 
318 231 131 268 316 143 335 279 175 130 185 104 300 207 356 

DIST MATRIX: 
    0   107   344   338   247   223   118   192   544   698   234   471   188   449   313   311   714   427   241   366   314   148   487   494   582   474   598     0 
  366     0   444   446   351   310   229   325   665   718   307   604   308   592   422   454   831   544   206   505   388   228   547   433   694   394   703     0 
  486   245     0   418    42    72   271   254   335   864   105   283   287   350   396   231   731   214   455   215   139   323   305   707   367   690   652     0 
  462   406   507     0   484   525   415   312   471   703   558   358   338   138   276   222   304   459   603   279   576   440   699   786   554   814   295     0 
  490   340   326   322     0   364   358   260   301   806   396   186   302    58   315    94   489   274   573    94   401   402   515   797   382   807   458     0 
  571   337    60   475    90     0   363   324   230   942   167   195   363   324   456   240   744   107   558   174   140   416   256   810   261   795   685     0 
  332   353   653   491   557   522     0   437   862   592   521   787   402   729   474   599   861   744   137   675   603   298   764   234   898   181   714     0 
  516   354   301   353   300   350   373     0   267   838   382   152   322    81   345   109   520   243   590    70   381   419   487   818   348   826   491     0 
  851   620   252   737   349   383   646   600     0  1217   388   278   642   497   722   479   939   197   836   375   310   699   217  1089    95  1069   914     0 
  421   659  1034   563   944   935   634   672  1162     0   951  1054   630   885   571   818   709  1078   507   927  1027   583  1201   340  1228   416   573     0 
  723   486   216   686   235   211   508   520   419  1105     0   443   545   594   664   496  1002   316   633   445   138   551   126   876   391   838   925     0 
  718   504   203   584   281   331   529   464    38  1069   350     0   509   324   571   322   765    86   736   213   295   582   305   985    97   976   744     0 
  365   379   577   179   532   564   379   291   582   572   596   467     0   251   197   277   238   551   533   366   630   389   773   688   664   724   175     0 
  316   176   358   175   299   325   189    85   439   657   356   330   124     0   159    96   479   365   398   204   397   226   553   618   508   629   393     0 
  435   562   820   332   768   793   553   493   828   442   823   714   483   495     0   522   143   799   636   615   866   541  1017   705   911   761    77     0 
  412   246   300   262   263   303   265   170   346   748   336   235   214   138   250     0   506   284   481   110   358   310   496   709   418   717   446     0 
  532   608   804   385   767   801   604   525   771   585   833   661   527   442   408   506     0   763   725   581   864   604   999   825   855   877   153     0 
  658   434   118   540   195   245   459   406   125  1020   264   129   448   323   525   284   763     0   661   184   212   513   255   911   156   899   724     0 
  201   239   585   354   488   463   217   314   771   516   471   686   274   605   337   481   725   661     0   567   552   172   723   253   817   240   580     0 
  517   327   232   372   232   283   350   267   236   858   315   127   312   150   360   110   581   184   567     0   311   400   420   804   309   806   540     0 
  613   371    95   557    99    92   395   392   332   994    82   328   422   459   535   358   864   212   552   311     0   444   174   803   330   775   790     0 
  172    79   454   219   361   352    53   142   615   553   370   522   104   433   197   310   604   513   172   400   444     0   618   405   668   407   474     0 
  787   545   197   720   264   266   569   559   331  1167   252   383   592   569   700   496   999   255   723   420   174   618     0   971   285   939   940     0 
  325   482   837   518   740   715   457   540  1019   409   721   928   496   819   511   709   825   911   253   804   803   405   971     0  1068    76   672     0 
  810   589   251   680   343   387   615   556    85  1165   399   197   600   417   667   418   855   156   817   309   330   668   285  1068     0  1055   839     0 
  358   479   817   549   720   690   456   547  1011   485   693   926   505   834   538   717   877   899   240   806   775   407   939    76  1055     0   724     0 
  383   491   744   260   691   717   483   419   757   455   747   642   411   425   285   446   153   724   580   540   790   474   940   672   839   724     0     0 
    0     0     0     0     0     0     0     0     0     0     0     0     0     0     0     0     0     0     0     0     0     0     0     0     0     0     0     0 
