DIMENSION: 27
N: 15
M: 5
K: 2

SERVICE: 
224 289 314 199 415 112 374 191 432 223 315 221 354 436 241 

DIST MATRIX: 
    0   742   447   468   373   571   391   650   387   211   553   427   461   412   202   930   902   509   839   170  1035   802   502   666   658   357   834     0 
  812     0   643   640   870   578   735   586   735   924   629   726   572   660   928    73   383   541   606   975   347   245   507   996   348   781   224     0 
   93   658     0   333   248   435   254   624   249    99   416   289   398   279    92   828   845   450   701   100   971   718   418   551   553   219   749     0 
  370   278   197     0   426   178   288   477   287   475   225   284   269   210   480   379   530   285   403   528   615   329   185   613   119   333   356     0 
  467   452   243   224     0   121   312   690   315   529   152   284   478   279   536   457   706   498   190   589   766   487   398   484   294   358   507     0 
  289   375    94    97   324     0   186   532   186   382   145   182   293   112   388   480   622   324   387   438   713   428   225   522   221   232   456     0 
  482   898   442   429   267   453     0  1018   378   403   402   356   762   452   412   964  1145   808   513   436  1235   949   724    77   739   355   975     0 
  607   145   545   558   755   561   621     0   618   736   607   633   279   538   737   343   170   228   753   771   298   156   273   989   285   654   172     0 
  544   938   489   474   329   487   427  1071     0   468   436   406   815   503   476   991  1188   860   511   501  1273   987   773    54   776   412  1012     0 
  143   591   344   367   352   466   314   513   309     0   460   352   310   306   217   782   753   359   747   222   884   650   351   660   513   296   682     0 
  322   780   316   310   109   364   234   871   237   246     0   227   615   317   255   876  1019   663   513   286  1119   835   586   212   628   205   863     0 
  144   433   172   196   302   283   192   461   187   270   290     0   207   138   271   601   638   257   568   311   756   493   199   585   326   206   525     0 
  657    87   551   559   775   538   636   319   634   783   588   640     0   553   784   217   179   311   686   824   252    44   317   976   248   675    45     0 
  481   873   422   408   266   424   360  1004   365   412   373   339   748     0   421   932  1122   793   473   450  1209   923   706    47   712   347   948     0 
  338   843   382   379   154   444   293   908   295   234   395   294   655   376     0   950  1075   705   599   256  1180   899   636   256   695   255   928     0 
  739   224   574   572   802   514   666   532   665   852   566   658   502   589   856     0   359   473   567   902   351   188   435   939   275   712   172     0 
  777   256   705   716   921   708   785   293   783   906   756   794   447   702   906   359     0   396   865   940   141   222   441  1143   419   820   211     0 
  387   255   376   396   557   436   434   212   430   516   469   454    52   358   516   473   396     0   687   547   526   309   101   823   258   458   339     0 
  619   617   404   380   511   285   448   876   452   654   288   413   668   442   663   567   865   687     0   714   905   643   587   458   470   486   657     0 
  167   744   356   370   216   469   277   724   274    60   440   306   494   327    52   902   940   547   714     0  1063   804   507   496   628   232   835     0 
  898   339   803   810  1026   787   888   434   885  1025   837   892   576   804  1026   351   141   526   905  1063     0   286   557  1225   497   926   262     0 
  637    60   519   526   746   501   606   344   605   761   551   609   348   523   763   188   222   309   643   804   286     0   301   939   211   647    31     0 
  341   241   285   302   484   335   352   307   349   468   370   368    86   272   469   435   441   101   587   507   557   301     0   733   183   383   333     0 
  522   891   449   432   308   439   393  1035   398   458   389   369   779   465   466   939  1143   823   458   496  1225   939   733     0   729   383   964     0 
  464   163   314   318   543   291   404   413   403   578   340   402   266   323   582   275   419   258   470   628   497   211   183   729     0   447   237     0 
  153   590   139   146   101   239    48   666    47   172   208    75   410   124   180   712   820   458   486   232   926   647   383   383   447     0   676     0 
  668    92   547   553   775   525   635   362   634   792   576   637   379   552   794   172   211   339   657   835   262    31   333   964   237   676     0     0 
    0     0     0     0     0     0     0     0     0     0     0     0     0     0     0     0     0     0     0     0     0     0     0     0     0     0     0     0 
