DIMENSION: 27
N: 15
M: 5
K: 2

SERVICE: 
318 231 131 268 316 143 335 279 175 130 185 104 300 207 356 

DIST MATRIX: 
    0   107   344   338   247   223   118   192   544   698   234   471   188   449   313   403   696   533    35   631   423   501   544   517   654   474   501     0 
  366     0   444   446   351   310   229   325   665   718   307   604   308   592   422   527   679   625   177   604   566   460   684   584   682   394   622     0 
  486   245     0   418    42    72   271   254   335   864   105   283   287   350   396   429   889   320   188   831   304   709   385   327   815   690   523     0 
  462   406   507     0   484   525   415   312   471   703   558   358   338   138   276   160   817   616   469   798   190   745   282   700   648   814   159     0 
  490   340   326   322     0   364   358   260   301   806   396   186   302    58   315   255   889   433   368   854    23   771   166   514   751   807   313     0 
  571   337    60   475    90     0   363   324   230   942   167   195   363   324   456   462   980   227   292   925   271   808   315   265   891   795   547     0 
  332   353   653   491   557   522     0   437   862   592   521   787   402   729   474   596   510   838   351   428   715   280   848   801   569   181   675     0 
  516   354   301   353   300   350   373     0   267   838   382   152   322    81   345   288   918   400   374   881    27   794   144   485   783   826   347     0 
  851   620   252   737   349   383   646   600     0  1217   388   278   642   497   722   701  1261    70   569  1207   447  1089   387   179  1164  1069   770     0 
  421   659  1034   563   944   935   634   672  1162     0   951  1054   630   885   571   649    61  1219   732   138   906   277  1046  1229   171   416   653     0 
  723   486   216   686   235   211   508   520   419  1105     0   443   545   594   664   702  1102   270   399  1034   542   896   572   169  1059   838   795     0 
  718   504   203   584   281   331   529   464    38  1069   350     0   509   324   571   536  1130   170   475  1082   275   976   219   285  1016   976   600     0 
  365   379   577   179   532   564   379   291   582   572   596   467     0   251   197    80   693   711   460   679   295   639   408   780   518   724    31     0 
  316   176   358   175   299   325   189    85   439   657   356   330   124     0   159   170   723   520   234   682   202   593   344   566   604   629   266     0 
  435   562   820   332   768   793   553   493   828   442   823   714   483   495     0   301   605   959   654   622   542   639   643  1025   396   761   218     0 
  303   299   520   110   468   496   299   212   555   559   526   439   220   240   123     0   662   667   381   639   272   585   403   726   504   659    99     0 
  412   644  1020   569   928   916   618   665  1159   181   930  1053   622   893   574   662     0  1206   712    83   911   230  1053  1210   213   363   674     0 
  798   563   189   695   286   316   588   550   186  1168   319   267   590   479   677   667  1206     0   507  1150   426  1029   389   126  1117  1005   742     0 
  324    94   318   323   222   204   111   169   511   705   219   437   171   415   298   381   712   507     0   649   388   523   509   499   660   503   479     0 
  366   588   962   540   868   853   562   618  1113   234   865  1010   574   863   541   639    83  1150   649     0   876   149  1019  1148   249   280   664     0 
  513   362   329   343   326   375   381   283   287   826   407   172   325    54   337   272   911   426   388   876     0   794   143   512   771   830   326     0 
  285   473   840   477   744   724   447   520  1008   337   733   912   475   788   472   585   230  1029   523   149   794     0   937  1018   330   148   631     0 
  656   497   360   483   393   448   517   423   212   961   476   131   466   163   479   403  1053   389   509  1019   143   937     0   499   906   970   438     0 
  812   570   208   736   286   295   595   579   307  1191   285   371   613   566   716   726  1210   126   499  1148   512  1018   499     0  1142   975   810     0 
  336   575   939   432   856   856   552   567  1040    55   877   928   529   744   445   504   213  1117   660   249   771   330   906  1142     0   477   495     0 
  358   479   817   549   720   690   456   547  1011   485   693   926   505   834   538   659   363  1005   503   280   830   148   970   975   477     0   721     0 
  362   395   606   184   560   591   394   311   613   549   622   498   315   282   204    99   674   742   479   664   326   631   438   810   495   721     0     0 
    0     0     0     0     0     0     0     0     0     0     0     0     0     0     0     0     0     0     0     0     0     0     0     0     0     0     0     0 
