DIMENSION: 27
N: 15
M: 5
K: 2

SERVICE: 
99 251 65 260 150 184 221 136 204 170 220 144 383 196 317 

DIST MATRIX: 
    0   591   820   359   624   537   600   388   678   584   624  1207   428   390   699   188   226   502   753  1004   169   201   503  1105   393   178   170     0 
  286     0   465     1   305   272   262    86   331   229   318   887   110   291   420   298   327   176   584   647   427   157   145   817   115   242   188     0 
  786   321     0   501   311   433   287   482   207   276   335   499   444   665   381   764   795   402   644   147   917   659   361   531   488   732   690     0 
  522    28   285     0   296   365   229   286   227   143   326   765   264   372   432   557   509   113   676   436   638   409   126   749   309   458   440     0 
  674   465   325   432     0   173   217   354   232   304   124   509   322   712    13   548   752   481   256   473   829   543   381   397   335   658   567     0 
  323   319   461   109   253     0   233    35   313   238   256   839    65   395   344   255   400   263   481   649   476   190   195   750    22   303   215     0 
  328   298   447    94   246   187     0    14   300   220   251   833    49   384   344   272   398   243   492   634   479   193   174   748    22   303   221     0 
  201   331   551    88   376   319   341     0   413   315   384   962   173   280   478   228   265   249   609   734   349    70   232   881   154   169   101     0 
  590   407   329   349    98    89   161   270     0   247    67   586   239   633    75   470   668   412   287   499   744   459   311   482   250   573   482     0 
  575    73   258   313   316   397   251   336   231     0   347   741   311   413   446   610   558   163   699   394   689   463   177   738   357   510   494     0 
  368   251   395    99   209   177   174    42   250   166     0   795    16   384   322   326   424   207   498   582   516   233   125   719    58   334   263     0 
 1114   802   511   856   550   614   601   787   557   668   539     0   751  1113   451   987  1182   854   510   494  1268   982   767    52   771  1092  1007     0 
  186   594   780   346   561   459   551   345   632   553   556  1131     0   465   617    77   330   512   640   968   295   208   487  1016   340   253   183     0 
  180   512   803   366   672   626   626   440   686   576   684  1250   473     0   783   397    43   425   908   971   138   265   476  1183   460   145   253     0 
  397   213   358   115   194   189   147    84   218   125   210   772    54   383     0   368   441   178   513   544   541   264    87   706   100   357   294     0 
  218   549   715   300   489   384   483   285   565   492   482  1055   320   467   541     0   359   473   567   902   351   188   435   939   275   267   172     0 
  144   485   770   327   632   584   588   399   650   540   644  1213   432   189   742   359     0   396   865   940   141   222   441  1143   419   102   211     0 
  414    91   386   175   332   363   267   230   297   187   358   856   223   268   468   473   396     0   687   547   526   309   101   823   258   347   339     0 
  753   693   579   585   384   325   448   498   483   533   353   626   482   875   266   567   865   687     0   714   905   643   587   458   470   763   657     0 
  932   462   188   647   430   553   421   623   338   420   450   415   585   807   468   902   940   547   714     0  1063   804   507   496   628   878   835     0 
  155   616   887   427   724   657   688   483   757   652   731  1310   521   329   819   351   141   526   905  1063     0   286   557  1225   497   186   262     0 
  135   395   621   158   439   372   407   198   482   385   444  1026   237   284   533   188   222   309   643   804   286     0   301   939   211   120    31     0 
  425   126   330   144   233   264   170   160   214   101   258   780   140   346   368   435   441   101   587   507   557   301     0   733   183   372   333     0 
 1071   775   494   817   512   570   565   745   527   636   499   186   711  1079   407   939  1143   823   458   496  1225   939   733     0   729  1051   964     0 
  344   309   440   116   231   165   211    30   291   219   234   817    47   406   324   275   419   258   470   628   497   211   183   729     0   323   237     0 
   79   438   701   242   544   487   504   305   572   467   553  1129   341   216   647   267   102   347   763   878   186   120   372  1051   323     0   109     0 
  108   425   651   189   467   395   437   226   512   416   471  1053   265   295   557   172   211   339   657   835   262    31   333   964   237   109     0     0 
    0     0     0     0     0     0     0     0     0     0     0     0     0     0     0     0     0     0     0     0     0     0     0     0     0     0     0     0 
