DIMENSION: 27
N: 15
M: 5
K: 2

SERVICE: 
217 133 211 203 342 286 141 301 284 345 378 170 144 302 159 

DIST MATRIX: 
    0   226   554   218   499    97   371   807   376   136   107   348   159   408   221   323   791   339   367   337   186   276   356   617   486   493   691     0 
  328     0   271   379   551   261    75   480   578   320   305   144   201   538   142   236   465   496   295   344   488   142   656   489   644   667   343     0 
  622   540     0   671   674   651   453   460   822   660   663   403   588   736   527   469    52   733   673   550   825   554   964   776   832   864   105     0 
  238   487   552     0   144   414   613  1021    86   295   332   429   420    24   443   329   785    69   728   222   269   577   275   978    92   115   759     0 
   60   189   384   108     0   142   322   751   310    73    90   190   125   288   146   132   630   235   435   149   236   279   392   682   389   408   554     0 
  388   156   332   436   625     0     6   434   638   367   345   221   235   605   185   311   500   560   232   416   529   115   701   412   711   732   364     0 
  413   245   210   465   594   371     0   402   656   419   408   190   310   602   249   290   363   570   368   400   589   243   753   517   709   735   232     0 
  858   609   730   901  1104   713   483     0  1104   820   791   695   684  1082   651   789   758  1032   419   895   960   523  1133   224  1186  1205   612     0 
   92   222   471    97   376   118   369   807     0    15    36   272   143   295   191   220   716   229   437   213   158   302   326   689   383   396   635     0 
  351   556   755   299   409   436   705  1143   179     0   366   583   477   287   527   499  1000   250   738   420   187   630    20   987   270   251   944     0 
  341   567   730   289   351   455   712  1145   127   352     0   571   488   233   533   480   972   210   766   391   216   646    89  1018   202   181   926     0 
  386   329    43   436   481   425   291   525   597   425   429     0   364   520   306   234   277   508   520   323   588   368   730   688   622   652   218     0 
   39   214   411    79   331   148   351   781   282    52    81   219     0   268   173   155   658   210   454   151   207   302   361   702   366   384   584     0 
  344   539   752   293   425   416   689  1128   196   331   350   575   460     0   512   495   998   259   714   421   167   611    12   962   295   277   938     0 
  260   142   505   282   553    73   272   700   466   189   152   304   110   480     0   314   729   415   259   363   294   169   467   511   569   580   615     0 
  153   226   259   202   315   250   307   693   372   205   220   100   204   312   179     0   506   284   481   110   358   310   496   709   418   445   446     0 
  660   588   247   708   693   697   504   494   851   702   706   446   634   762   574   506     0   763   725   581   864   604   999   825   855   888   153     0 
  174   424   523   135   184   345   554   971    89   227   263   381   354    71   381   284   763     0   661   184   212   513   255   911   156   174   724     0 
  492   257   563   526   774   318   230   523   720   435   401   418   310   721   305   481   725   661     0   567   552   172   723   253   817   832   580     0 
  122   310   339   149   211   290   411   802   274   201   231   210   265   203   262   110   581   184   567     0   311   400   420   804   309   337   540     0 
  205   373   616   163   395   249   522   962   212   171   184   426   293   280   348   358   864   212   552   311     0   444   174   803   330   329   790     0 
  339    91   411   380   610   195   109   531   581   297   268   248   161   567   138   310   604   513   172   400   444     0   618   405   668   686   474     0 
  346   546   753   295   419   424   695  1133   189   336   356   578   466   296   517   496   999   255   723   420   174   618     0   971   285   267   940     0 
  741   496   727   777  1015   571   414   460   973   687   653   630   558   970   544   709   825   911   253   804   803   405   971     0  1068  1083   672     0 
  329   579   630   291   173   501   705  1111   118   383   418   519   510   107   535   418   855   156   817   309   330   668   285  1068     0    33   839     0 
  348   597   661   307   206   514   727  1137   118   396   431   544   527   133   554   445   888   174   832   337   329   686   267  1083    33     0   869     0 
  594   473   212   646   692   594   368   368   814   621   618   364   531   738   469   446   153   724   580   540   790   474   940   672   839   869     0     0 
    0     0     0     0     0     0     0     0     0     0     0     0     0     0     0     0     0     0     0     0     0     0     0     0     0     0     0     0 
