DIMENSION: 37
N: 15
M: 10
K: 2

SERVICE: 
278 62 567 203 365 122 430 140 299 30 314 161 210 118 343 

DIST MATRIX: 
    0   395   533   387   566   478   529   702   530   729    93   655   423   562   529   320   282   578   703   568   233   255   591   265   335   233   452   478   739   646   335   337   525   232   444   355   512     0 
  101     0   436    69   718   543   209   700   703   705   380   654   480   429   405   553   286   300   646   246   298   317   253   239   605   527   150   116   795   304   424   696   263   218   712   716   236     0 
  365   261     0   260   935   742   223   840   931   830   657   800   686   535   527   811   524   257   758   217   551   564   179   484   869   784   263   164   958   173   653   974   321   477   971   992   296     0 
  273   318   705     0   978   812   412   972   959   975   577   926   749   692   671   787   550    67   914   433   550   573   414   500   828   582   391   262  1067   439   685   845   500   470   938   835   470     0 
  476   397    59   510     0   168   376   260   378   267   422   214   143   111    91   373   220   733   218   391   263   240   433   257   443   728   344   480   364   472   193   688   283   300   502   762   303     0 
  533   462   110   572   310     0   443   199   328   213   444   152   123   160   149   357   263   798   179   457   298   273   499   305   426   755   411   546   297   537   198   685   349   347   471   764   370     0 
  424   396   204   487   300   127     0   334   293   359   287   287    63   251   222   230   139   721   335   456   157   130   496   189   301   599   374   494   393   544    44   539   357   224   373   614   368     0 
  771   670   287   790   437   340   601     0   478    94   706   163   374   295   316   590   521   997    85   598   560   535   637   559   651  1018   598   735   257   656   458   925   501   601   666  1011   530     0 
  418   464   405   513   334   273   552   501     0   535   139   458   234   449   418    98   216   739   526   585   177   171   620   244   144   433   480   564   518   674   159   337   505   248   251   411   506     0 
  746   666   282   781   316   248   624    21   359     0   634    65   297   310   321   490   474  1001   101   629   505   479   670   518   546   946   606   744   144   698   385   824   524   559   551   914   550     0 
  118    86   369   151   632   460   219   625   618   633     0   578   396   369   342   472   201   384   578   258   214   232   279   154   526   505   144   183   715   333   338   637   239   135   632   667   218     0 
  772   725   375   828   173   222   715   153   222   197   592     0   286   418   416   401   487  1059   258   728   503   476   770   536   443   893   681   814    61   806   365   720   620   573   420   816   642     0 
  546   451    64   568   394   213   403   215   416   209   507   177     0    91   100   444   303   783   146   410   348   325   451   337   514   813   386   524   339   482   273   767   303   379   563   843   329     0 
  403   322    89   434   415   217   311   335   420   341   382   289   171     0    85   375   165   658   289   330   213   195   372   194   447   679   272   407   437   415   186   670   224   235   520   737   241     0 
  789   696   309   814   399   324   636   104   442    62   702   139   366   325     0   570   528  1027    99   636   564   539   676   569   628  1015   628   766   206   697   453   905   536   611   634   994   564     0 
  515   551   431   608   255   251   627   469   213   508   231   431   235   479   452     0   290   835   513   658   260   248   695   326    71   500   559   652   461   747   190   335   570   337   161   424   574     0 
  285   270   252   351   431   266   337   458   417   476   223   410   201   280   247   290     0   585   437   370    52    45   406    50   354   514   269   370   530   459   137   532   290    87   450   589   289     0 
  320   336   720   234  1016   843   407   991  1000   992   630   947   781   703   685   835   585     0   928   423   590   612   398   536   878   649   399   262  1093   415   722   907   501   510   988   899   471     0 
  691   597   210   715   384   262   539   108   420    76   622   104   292   226   243   513   437   928     0   541   476   451   581   476   577   934   529   667   244   605   375   847   439   518   599   932   466     0 
  345   189   354   284   744   546    39   624   746   613   555   586   497   319   313   658   370   423   541     0   410   414    42   344   724   762   116   176   746    89   481   881   108   355   816   919    89     0 
  278   291   300   357   429   282   376   489   410   510   171   441   219   330   297   260    52   590   476   410     0    27   444    67   319   467   304   392   550   498   140   483   336    81   420   538   333     0 
  303   306   279   378   406   255   381   462   388   483   187   414   192   312   279   248    45   612   451   414    27     0   450    80   310   488   311   407   523   503   114   489   334   103   408   548   334     0 
  354   202   396   281   785   588    68   666   787   654   583   628   538   360   355   695   406   398   581    42   444   450     0   377   760   777   143   166   788    55   521   909   151   385   854   944   131     0 
  236   226   282   302   480   315   309   503   465   518   221   455   251   303   270   326    50   536   476   344    67    80   377     0   386   493   236   327   578   432   186   542   275    42   487   591   270     0 
  558   608   502   656   281   316   691   526   235   566   255   490   305   551   523    71   354   878   577   724   319   310   760   386     0   486   622   708   503   813   261   279   638   392   111   373   641     0 
  427   576   766   525   755   699   723   927   712   956   313   881   649   794   761   500   514   649   934   762   467   488   777   493   486     0   649   637   950   830   562   327   737   457   577   276   720     0 
  241    89   324   206   672   480    78   597   668   595   440   555   424   304   287   559   269   399   529   116   304   311   143   236   622   649     0   138   707   198   392   766   114   242   719   803    86     0 
  211   101   462   119   793   607   150   735   785   733   493   692   548   441   425   652   370   262   667   176   392   407   166   327   708   637   138     0   843   207   504   811   239   316   812   832   209     0 
  814   757   392   864   232   268   736   136   281   173   647   162   331   430   433   461   530  1093   244   746   550   523   788   578   503   950   707   843     0   821   413   781   639   616   480   877   662     0 
  405   255   431   325   829   631   122   695   833   679   638   659   583   391   390   747   459   415   605    89   498   503    55   432   813   830   198   207   821     0   570   964   191   440   905   999   177     0 
  416   405   248   488   294   146   453   366   281   394   249   320    88   294   264   190   137   722   375   481   140   114   521   186   261   562   392   504   413   570     0   495   386   216   339   570   394     0 
  615   722   742   724   553   586   843   803   504   843   326   766   562   785   754   335   532   907   847   881   483   489   909   542   279   327   766   811   781   964   495     0   817   526   319   100   812     0 
  349   202   246   320   638   440   100   518   643   509   495   479   393   214   206   570   290   501   439   108   336   334   151   275   638   737   114   239   639   191   386   817     0   297   724   865    30     0 
  201   216   324   277   508   351   318   544   490   560   200   496   287   343   310   337    87   510   518   355    81   103   385    42   392   457   242   316   616   440   216   526   297     0   497   569   288     0 
  668   712   562   765   247   351   786   531   199   575   366   503   360   613   589   161   450   988   599   816   420   408   854   487   111   577   719   812   480   905   339   319   724   497     0   419   731     0 
  627   750   813   735   651   672   881   893   602   932   370   855   643   854   822   424   589   899   932   919   538   548   944   591   373   276   803   832   877   999   570   100   865   569   419     0   857     0 
  325   174   271   291   654   457    74   544   657   536   488   504   407   241   231   574   289   471   466    89   333   334   131   270   641   720    86   209   662   177   394   812    30   288   731   857     0     0 
    0     0     0     0     0     0     0     0     0     0     0     0     0     0     0     0     0     0     0     0     0     0     0     0     0     0     0     0     0     0     0     0     0     0     0     0     0     0 
