DIMENSION: 37
N: 15
M: 10
K: 2

SERVICE: 
99 251 65 260 150 184 221 136 204 170 220 144 383 196 317 

DIST MATRIX: 
    0   591   820   359   624   537   600   388   678   584   624  1207   428   390   699   811   525   251   763   222   552   564   184   485   869   781   265   163   962   179   655   973   326   478   972   178   300     0 
  286     0   465     1   305   272   262    86   331   229   318   887   110   291   420   473   217   370   612   292   221   242   310   168   523   470   180   195   741   363   353   616   279   140   631   242   257     0 
  786   321     0   501   311   433   287   482   207   276   335   499   444   665   381   178   383   830   687   744   336   338   776   400   135   360   633   696   635   830   333   162   672   391   216   732   669     0 
  522    28   285     0   296   365   229   286   227   143   326   765   264   372   432   353   285   541   714   548   240   264   569   261   372   232   432   449   761   623   353   371   511   225   481   458   497     0 
  674   465   325   432     0   173   217   354   232   304   124   509   322   712    13   221   215   796   299   516   228   202   558   264   290   649   443   566   322   603    92   551   413   299   341   658   427     0 
  323   319   461   109   253     0   233    35   313   238   256   839    65   395   344   442   155   445   507   238   183   194   267   116   502   547   124   216   649   322   289   643   191   118   602   303   176     0 
  328   298   447    94   246   187     0    14   300   220   251   833    49   384   344   431   149   442   519   256   171   185   284   105   490   526   141   222   655   339   285   625   212   102   592   303   197     0 
  201   331   551    88   376   319   341     0   413   315   384   962   173   280   478   553   281   309   632   229   295   313   238   234   606   541   133   108   784   289   418   703   246   216   712   169   219     0 
  590   407   329   349    98    89   161   270     0   247    67   586   239   633    75   247   134   712   326   440   157   131   480   183   319   607   360   481   396   528    60   554   340   220   391   573   351     0 
  575    73   258   313   316   397   251   336   231     0   347   741   311   413   446   341   319   589   739   600   271   292   622   302   349   196   484   504   769   676   370   319   560   268   455   510   547     0 
  368   251   395    99   209   177   174    42   250   166     0   795    16   384   322   386   119   467   528   310   128   146   338    70   442   480   196   266   644   394   255   571   261    50   546   334   249     0 
 1114   802   511   856   550   614   601   787   557   668   539     0   751  1113   451   422   642  1225   538   955   636   613   997   690   417   902   885  1006   313  1039   505   643   848   716   330  1092   865     0 
  186   594   780   346   561   459   551   345   632   553   556  1131     0   465   617   755   464   362   646   110   500   508    68   433   818   804   196   170   856    53   584   955   218   436   914   253   198     0 
  180   512   803   366   672   626   626   440   686   576   684  1250   473     0   783   831   582     5   927   424   587   609   399   533   874   644   398   262  1091   417   719   902   501   506   985   145   471     0 
  397   213   358   115   194   189   147    84   218   125   210   772    54   383     0   358   117   483   546   353   108   132   380    71   411   441   237   299   647   435   245   529   303    31   517   357   291     0 
  754   381   118   472   195   312   212   424   145   257   207   421   384   702   215     0   290   835   513   658   260   248   695   326    71   500   559   652   461   747   190   335   570   337   161   715   574     0 
  476   297   327   218    98    80    96   145   177   151   103   684   110   499   203   290     0   585   437   370    52    45   406    50   354   514   269   370   530   459   137   532   290    87   450   450   289     0 
  179   517   807   369   675   628   629   442   690   580   687  1254   475   201   785   835   585     0   928   423   590   612   398   536   878   649   399   262  1093   415   722   907   501   510   988   146   471     0 
  768   730   622   613   424   358   488   526   525   572   393   659   513   902   309   513   437   928     0   541   476   451   581   476   577   934   529   667   244   605   375   847   439   518   599   782   466     0 
  246   541   693   294   464   355   461   269   543   475   455  1025   302   482   510   658   370   423   541     0   410   414    42   344   724   762   116   176   746    89   481   881   108   355   816   290    89     0 
  495   254   283   221    86   127    51   164   133   101   105   667   125   487   216   260    52   590   476   410     0    27   444    67   319   467   304   392   550   498   140   483   336    81   420   461   333     0 
  512   279   282   242    63   108    53   179   132   122    79   649   141   513   189   248    45   612   451   414    27     0   450    80   310   488   311   407   523   503   114   489   334   103   408   481   334     0 
  219   560   727   311   501   395   495   296   577   504   494  1066   332   473   551   695   406   398   581    42   444   450     0   377   760   777   143   166   788    55   521   909   151   385   854   271   131     0 
  432   269   349   168   142   118   118    99   199   142   151   728    62   450   252   326    50   536   476   344    67    80   377     0   386   493   236   327   578   432   186   542   275    42   487   403   270     0 
  808   400    94   523   262   381   269   481   193   299   276   393   442   734   285    71   354   878   577   724   319   310   760   386     0   486   622   708   503   813   261   279   638   392   111   764   641     0 
  686   228   393   468   510   593   447   512   417   366   541   857   494   450   637   500   514   649   934   762   467   488   777   493   486     0   649   637   950   830   562   327   737   457   577   611   720     0 
  243   426   585   181   366   272   354   154   436   361   363   943   189   409   434   559   269   399   529   116   304   311   143   236   622   649     0   138   707   198   392   766   114   242   719   254    86     0 
  109   435   657   196   468   393   440   229   516   421   471  1054   268   308   556   652   370   262   667   176   392   407   166   327   708   637   138     0   843   207   504   811   239   316   812   119   209     0 
  950   784   578   741   471   469   538   657   538   624   446   448   632  1028   335   461   530  1093   244   746   550   523   788   578   503   950   707   843     0   821   413   781   639   616   480   948   662     0 
  238   614   781   365   553   444   549   352   631   559   544  1112   387   510   597   747   459   415   605    89   498   503    55   432   813   830   198   207   821     0   570   964   191   440   905   301   177     0 
  612   373   269   353    58   127   125   282   150   212    35   551   247   627    79   190   137   722   375   481   140   114   521   186   261   562   392   504   413   570     0   495   386   216   339   587   394     0 
  891   392   227   616   468   589   437   613   361   405   495   566   578   724   543   335   532   907   847   881   483   489   909   542   279   327   766   811   781   964   495     0   817   526   319   828   812     0 
  332   510   617   281   376   260   385   225   466   416   363   922   249   523   408   570   290   501   439   108   336   334   151   275   638   737   114   239   639   191   386   817     0   297   724   358    30     0 
  417   231   345   140   165   160   125    91   200   121   180   748    53   413   287   337    87   510   518   355    81   103   385    42   392   457   242   316   616   440   216   526   297     0   497   381   288     0 
  913   509   197   630   353   465   372   584   300   409   361   286   545   845   340   161   450   988   599   816   420   408   854   487   111   577   719   812   480   905   339   319   724   497     0   872   731     0 
   79   438   701   242   544   487   504   305   572   467   553  1129   341   216   647   715   450   146   782   290   461   481   271   403   764   611   254   119   948   301   587   828   358   381   872     0   328     0 
  303   494   616   259   380   268   383   211   465   408   369   936   238   495   421   574   289   471   466    89   333   334   131   270   641   720    86   209   662   177   394   812    30   288   731   328     0     0 
    0     0     0     0     0     0     0     0     0     0     0     0     0     0     0     0     0     0     0     0     0     0     0     0     0     0     0     0     0     0     0     0     0     0     0     0     0     0 
