DIMENSION: 27
N: 15
M: 5
K: 2

SERVICE: 
74 13 384 76 121 182 306 179 76 134 242 656 293 384 137 

DIST MATRIX: 
    0   704   759   535   159   667   335   535   638   419   494   263   702   588   224   195   914   828   555   516   394  1104   762   612   496   480   762     0 
  724     0   219   439   666   300   520   262    99   430   476   515   209   148   473   824   284   592   151   292   599   433   563   133   285   502   103     0 
 1056   323     0   687   988   525   821   544   396   720   759   831   425   451   804  1148   267   749   475   591   883   214   747   428   593   765   289     0 
  668   409   622     0   487   654   280   179   316   187   708   342   594   280   429   634   693   946   314   553   288   807   899   286   527   156   516     0 
  300   781   893   473     0   829   280   553   696   387   699   262   840   641   340    99  1033  1031   625   674   270  1207   966   664   649   396   862     0 
  832   425   197   815   889     0   822   635   501   765   380   780   215   529   670  1021   261   222   498   336   921   427   233   526   361   859   332     0 
  108   698   763   508   124   677     0   519   629   394   514   238   707   577   216   173   916   849   546   524   361  1104   782   601   503   451   760     0 
  515   440   619    85   333   616   127     0   343    37   616   188   580   292   289   484   722   892   301   488   165   866   838   309   461    72   540     0 
  609   168   356   280   516   386   356    99     0   264   480   359   325    21   346   677   449   681    48   304   433   598   638    44   283   338   267     0 
  528   552   733   139   313   725   130   291   455     0   705   212   692   405   346   442   835   995   415   592    81   976   939   421   564    56   654     0 
  408   340   366   436   417   291   368   302   307   343     0   313   310   276   198   558   521   528   226   137   472   713   469   295   111   447   376     0 
  465   735   625   866   655   482   735   752   737   756   247     0   579   717   516   709   779   431   666   430   832   974   373   734   440   855   719     0 
  964   461   249   884  1005   302   918   703   551   850   520   884     0   590   785  1144   214   329   569   455  1013   322   358   581   478   938   356     0 
  922   235   190   668   893   332   756   496   332   667   574   746   238     0   688  1048    78   549   386   423   836   202   546   366   431   736   144     0 
  264   486   503   488   327   405   356   400   443   375   255   280   446   404     0   444   662   586   359   255   456   857   521   426   237   473   524     0 
  244   831   921   558   161   843   357   619   752   462   687   321   866   697   364     0  1069  1021   675   689   363  1250   955   721   666   484   904     0 
  926   286   164   722   917   299   794   545   383   710   547   777   220   431   706  1069     0   483   424   414   879   200   487   416   426   786   182     0 
  801   604   392   937   913   297   896   767   662   863   335   837   384   676   706  1021   483     0   634   404  1000   643    67   680   432   964   529     0 
  590   156   319   318   516   340   371   137    85   287   434   363   284    51   331   675   424   634     0   257   455   584   591    69   236   369   244     0 
  518   305   251   536   553   155   498   375   314   459   185   448   194   306   334   689   414   404   257     0   601   612   350   318    28   561   302     0 
  467   601   765   214   243   743   104   343   505   169   696   177   721   452   319   363   879  1000   455   601     0  1029   941   471   573   131   698     0 
 1120   430   364   850  1095   498   953   687   524   860   746   947   419   578   890  1250   200   643   584   612  1029     0   660   558   624   923   346     0 
  733   575   375   886   848   263   837   720   625   808   268   776   359   635   643   955   487    67   591   350   941   660     0   640   378   910   509     0 
  651   132   336   307   561   382   397   130    35   302   499   403   311    24   389   721   416   680    69   318   471   558   640     0   300   370   235     0 
  501   298   266   509   528   180   470   350   298   431   199   421   209   287   309   666   426   432   236    28   573   624   378   300     0   533   304     0 
  548   501   688    83   346   688   145   240   404   104   686   223   650   355   344   484   786   964   369   561   131   923   910   370   533     0   604     0 
  783   107   138   541   748   256   615   364   202   529   473   602   153   249   545   904   182   529   244   302   698   346   509   235   304   604     0     0 
    0     0     0     0     0     0     0     0     0     0     0     0     0     0     0     0     0     0     0     0     0     0     0     0     0     0     0     0 
