DIMENSION: 37
N: 15
M: 10
K: 2

SERVICE: 
74 13 384 76 121 182 306 179 76 134 242 656 293 384 137 

DIST MATRIX: 
    0   704   759   535   159   667   335   535   638   419   494   263   702   588   224   690   855   922   829   914   309   666   766   938   918   777  1060   883   696   930   230   655   931   681   629   480   618     0 
  724     0   219   439   666   300   520   262    99   430   476   515   209   148   473   188   263   330   167   219   464    31   112   500   224   252   377   215   309   263   853   223   251   299   102   502   250     0 
 1056   323     0   687   988   525   821   544   396   720   759   831   425   451   804   419   325   331   245   116   777   361   290   561   109   399   146   209   516   193  1175   469   162   515   405   765   490     0 
  668   409   622     0   487   654   280   179   316   187   708   342   594   280   429   571   677   742   574   558   297   393   525   903   544   655   739   614   673   656   649   583   634   659   315   156   164     0 
  300   781   893   473     0   829   280   553   696   387   699   262   840   641   340   823   984  1054   931   988   314   746   868  1111   985   917  1153   984   858  1033   102   799  1026   842   688   396   623     0 
  832   425   197   815   889     0   822   635   501   765   380   780   215   529   670   238   205   205   317   449   745   426   323   102   475   165   436   327   154   335  1055   232   366   170   499   859   652     0 
  108   698   763   508   124   677     0   519   629   394   514   238   707   577   216   694   859   927   827   908   286   660   765   951   911   783  1058   881   706   929   208   661   929   691   619   451   600     0 
  515   440   619    85   333   616   127     0   343    37   616   188   580   292   289   557   691   761   606   626   147   412   549   887   618   650   803   654   640   701   501   556   685   624   338    72   230     0 
  609   168   356   280   516   386   356    99     0   264   480   359   325    21   346   302   420   490   333   368   306   139   276   634   365   389   539   382   405   429   703   314   416   390    69   338   123     0 
  528   552   733   139   313   725   130   291   455     0   705   212   692   405   346   670   805   875   719   733   198   525   662   999   723   764   912   766   750   813   452   667   796   734   451    56   331     0 
  408   340   366   436   417   291   368   302   307   343     0   313   310   276   198   296   462   529   440   541   288   303   379   574   549   386   672   493   319   540   590   264   543   303   297   447   373     0 
  465   735   625   866   655   482   735   752   737   756   247     0   579   717   516   585   707   747   758   893   664   706   716   634   911   619   962   800   498   833   742   534   853   494   728   855   822     0 
  964   461   249   884  1005   302   918   703   551   850   520   884     0   590   785   313   195   147   314   418   846   474   346   101   445   219   350   300   273   287  1177   328   321   288   552   938   704     0 
  922   235   190   668   893   332   756   496   332   667   574   746   238     0   688   237   124   145    76   126   697   266   139   374   153   200   159    22   319    27  1078   286    40   321   337   736   471     0 
  264   486   503   488   327   405   356   400   443   375   255   280   446   404     0   435   600   665   586   689   282   448   526   678   697   519   819   640   434   686   478   397   690   419   433   473   480     0 
  699   199    70   579   704   118   605   398   265   537   340   575    23   291   488     0   166   233   174   309   534   193   134   333   328    96   395   220   122   261   883    50   274   113   262   627   415     0 
  864   268    97   699   866   228   754   519   361   676   476   731   155   405   651   166     0    71   120   244   687   285   152   260   270    90   255   122   209   134  1047   204   163   215   363   758   513     0 
  929   333   163   767   936   279   825   588   429   747   525   802   220   473   721   233    71     0   173   271   758   353   217   231   298   147   231   154   256   142  1116   268   176   265   431   827   578     0 
  847   168   142   604   818   281   683   428   265   596   515   672   179   315   613   174   120   173     0   141   623   195    63   380   164   163   233    54   273   102  1002   224   104   271   269   669   410     0 
  942   211   284   604   881   421   722   448   292   624   647   726   318   347   692   309   244   271   141     0   674   249   177   499    27   303   181   122   414   133  1068   359   100   412   300   679   404     0 
  370   468   602   231   215   565    80   243   382   111   513    55   553   327   149   534   687   758   623   674     0   433   561   848   671   629   841   675   592   724   399   519   715   576   374   195   320     0 
  695    38   232   414   636   300   490   235    77   402   461   484   215   121   443   193   285   353   195   249   433     0   137   515   252   266   408   244   311   292   822   222   282   300    78   476   230     0 
  786   117   129   551   754   250   622   373   212   537   470   609   147   258   550   134   152   217    63   177   561   137     0   400   195   159   294   117   249   166   939   184   165   244   214   613   361     0 
  927   509   282   912   990   284   924   731   591   865   466   882   310   623   771   333   260   231   380   499   848   515   400     0   526   249   449   378   256   373  1155   332   407   272   590   958   744     0 
  947   214   306   592   880   441   717   441   289   617   665   724   338   344   695   328   270   298   164    27   671   252   195   526     0   327   197   149   436   160  1067   378   126   433   297   669   393     0 
  782   261    33   668   797   138   701   487   342   631   386   670    77   376   580    96    90   147   163   303   629   266   159   249   327     0   343   190   121   216   975   122   239   126   341   720   495     0 
 1080   373   341   785  1043   481   895   624   463   799   727   892   393   518   843   395   255   231   233   181   841   408   294   449   197   343     0   179   464   134  1229   442   130   468   470   858   584     0 
  901   214   177   648   871   319   734   475   311   645   559   724   222   363   667   220   122   154    54   122   675   244   117   378   149   190   179     0   307    49  1056   270    53   308   315   715   451     0 
  693   321   131   673   736    29   669   496   379   615   269   626   103   398   517   122   209   256   273   414   592   311   249   256   436   121   464   307     0   337   906    91   358    16   375   712   524     0 
  948   261   209   692   920   351   782   521   357   693   595   773   259   410   715   261   134   142   102   133   724   292   166   373   160   216   134    49   337     0  1105   309    34   339   362   761   494     0 
  277   859   953   573   187   877   375   642   778   481   722   345   898   724   395   883  1047  1116  1002  1068   399   822   939  1155  1067   975  1229  1056   906  1105     0   854  1100   890   770   497   715     0 
  661   235   107   585   679    78   593   406   288   533   290   557    50   306   460    50   204   268   224   359   519   222   184   332   378   122   442   270    91   309   854     0   323    78   284   627   432     0 
  951   248   228   673   914   371   771   506   342   679   612   765   275   396   713   274   163   176   104   100   715   282   165   407   126   239   130    53   358    34  1100   323     0   360   348   744   474     0 
  679   311   132   658   720    14   653   481   366   599   262   609    97   384   501   113   215   265   271   412   576   300   244   272   433   126   468   308    16   339   890    78   360     0   362   696   510     0 
  665   102   308   337   583   360   424   160    10   331   489   427   285    48   405   262   363   431   269   300   374    78   214   590   297   341   470   315   375   362   770   284   348   362     0   400   154     0 
  548   501   688    83   346   688   145   240   404   104   686   223   650   355   344   627   758   827   669   679   195   476   613   958   669   720   858   715   712   761   497   627   744   696   400     0   276     0 
  668   245   462   200   535   506   344    83   153   238   599   375   438   126   407   415   513   578   410   404   320   230   361   744   393   495   584   451   524   494   715   432   474   510   154   276     0     0 
    0     0     0     0     0     0     0     0     0     0     0     0     0     0     0     0     0     0     0     0     0     0     0     0     0     0     0     0     0     0     0     0     0     0     0     0     0     0 
