DIMENSION: 27
N: 15
M: 5
K: 2

SERVICE: 
99 251 65 260 150 184 221 136 204 170 220 144 383 196 317 

DIST MATRIX: 
    0   591   820   359   624   537   600   388   678   584   624  1207   428   390   699   494   997   253   723   418   174   618     3   972   283   178   939     0 
  286     0   465     1   305   272   262    86   331   229   318   887   110   291   420   139   646   181   491   111   219   335   360   738   334   242   581     0 
  786   321     0   501   311   433   287   482   207   276   335   499   444   665   381   372   231   655   494   473   706   382   861   607   779   732    93     0 
  522    28   285     0   296   365   229   286   227   143   326   765   264   372   432   125   390   377   542   193   480   373   609   745   488   458   352     0 
  674   465   325   432     0   173   217   354   232   304   124   509   322   712    13   398   619   610   107   493   534    97   708   312   765   658   477     0 
  323   319   461   109   253     0   233    35   313   238   256   839    65   395   344   198   683   263   399   215   202   259   371   650   419   303   596     0 
  328   298   447    94   246   187     0    14   300   220   251   833    49   384   344   177   664   258   404   197   215   258   381   654   414   303   579     0 
  201   331   551    88   376   319   341     0   413   315   384   962   173   280   478   225   731   130   534   170   141   392   272   785   285   169   668     0 
  590   407   329   349    98    89   161   270     0   247    67   586   239   633    75   327   617   526   155   416   451    17   625   390   682   573   485     0 
  575    73   258   313   316   397   251   336   231     0   347   741   311   413   446   177   336   429   560   246   534   395   663   751   534   510   306     0 
  368   251   395    99   209   177   174    42   250   166     0   795    16   384   322   132   610   278   396   177   266   236   428   640   433   334   525     0 
 1114   802   511   856   550   614   601   787   557   668   539     0   751  1113   451   784   717  1036   448   892   976   535  1150   276  1188  1092   574     0 
  186   594   780   346   561   459   551   345   632   553   556  1131     0   465   617   483   988   305   625   432   125   541   125   868   383   253   912     0 
  180   512   803   366   672   626   626   440   686   576   684  1250   473     0   783   461   908   186   840   354   329   697   256  1092    54   145   888     0 
  397   213   358   115   194   189   147    84   218   125   210   772    54   383     0    96   567   294   402   165   305   235   463   640   445   357   485     0 
  415   121   344   138   250   278   188   163   230   117   274   796   147   329   385     0   506   284   481   110   358   310   496   709   418   360   446     0 
  911   407   295   645   528   645   490   651   418   448   555   635   619   722   611   506     0   763   725   581   864   604   999   825   855   845   153     0 
  156   356   627   180   486   444   441   256   504   395   498  1066   288   167   598   284   763     0   661   184   212   513   255   911   156    82   724     0 
  704   560   430   491   245   219   312   407   338   399   215   540   382   780   118   481   725   661     0   567   552   172   723   253   817   699   580     0 
  330   174   450   110   350   352   292   186   340   227   371   906   193   222   480   110   581   184   567     0   311   400   420   804   309   265   540     0 
  160   470   661   221   453   362   435   225   515   431   451  1033   264   379   525   358   864   212   552   311     0   444   174   803   330   190   790     0 
  580   390   318   335    82    82   144   257   190   230    51   591   225   617    86   310   604   513   172   400   444     0   618   405   668   561   474     0 
  102   593   821   360   624   537   601   389   679   586   624  1207   429   393   700   496   999   255   723   420   174   618     0   971   285   181   940     0 
  956   768   552   738   460   467   525   656   520   610   435   410   628  1023   325   709   825   911   253   804   803   405   971     0  1068   951   672     0 
  197   463   759   334   638   601   589   412   646   535   652  1212   443   142   754   418   855   156   817   309   330   668   285  1068     0   141   839     0 
   79   438   701   242   544   487   504   305   572   467   553  1129   341   216   647   360   845    82   699   265   190   561   181   951   141     0   804     0 
  862   376   156   580   404   526   379   567   299   360   428   507   531   718   469   446   153   724   580   540   790   474   940   672   839   804     0     0 
    0     0     0     0     0     0     0     0     0     0     0     0     0     0     0     0     0     0     0     0     0     0     0     0     0     0     0     0 
