DIMENSION: 47
N: 15
M: 15
K: 2

SERVICE: 
224 289 314 199 415 112 374 191 432 223 315 221 354 436 241 

DIST MATRIX: 
    0   742   447   468   373   571   391   650   387   211   553   427   461   412   202   643   754   778   752   583   621   877   837   534   877   360   801   597   822   790   365   726  1004   868   724   720   575   960   373   858   669   751   803   706   939   357    80     0 
  812     0   643   640   870   578   735   586   735   924   629   726   572   660   928   410   260   436   330   835   637   128   699   839   684   644   664   589   396   395   652   309   172   441   477   542   550   659   680   702   339   811   487   420   701   781  1005     0 
   93   658     0   333   248   435   254   624   249    99   416   289   398   279    92   572   662   646   679   453   483   773   700   405   739   263   663   461   691   660   301   643   920   820   590   584   442   822   243   720   577   618   668   578   801   219   198     0 
  370   278   197     0   426   178   288   477   287   475   225   284   269   210   480   277   256   249   340   443   274   323   462   430   478   233   414   210   274   241   288   275   510   539   220   265   148   521   231   477   190   495   301   160   530   333   600     0 
  467   452   243   224     0   121   312   690   315   529   152   284   478   279   536   482   415   100   524   326   128   407   250   337   264   400   202   103   152   132   478   454   627   727    41    51   118   311   320   264   377   312   112    97   316   358   731     0 
  289   375    94    97   324     0   186   532   186   382   145   182   293   112   388   354   357   275   431   353   211   423   427   335   452   196   380   151   314   282   277   369   612   625   227   248    93   511   141   445   284   430   312   198   510   232   540     0 
  482   898   442   429   267   453     0  1018   378   403   402   356   762   452   412   873   876   607   955   190   388   910   445   191   490   604   442   436   657   644   692   893  1121  1146   554   497   483   582   468   460   808   293   578   604   535   355   684     0 
  607   145   545   558   755   561   621     0   618   736   607   633   279   538   737   115   192   568    72   820   658   323   827   801   834   424   781   594   562   538   377   134   305   159   568   629   532   854   533   840   203   877   631   493   877   654   712     0 
  544   938   489   474   329   487   427  1071     0   468   436   406   815   503   476   919   913   623   997   218   412   938   434   232   478   659   439   466   671   662   749   934  1152  1191   574   513   518   567   522   447   848   281   588   629   518   412   749     0 
  143   591   344   367   352   466   314   513   309     0   460   352   310   306   217   492   603   661   600   544   534   729   760   498   796   215   719   498   700   668   213   574   852   722   611   618   464   871   264   780   519   699   694   583   857   296   156     0 
  322   780   316   310   109   364   234   871   237   246     0   227   615   317   255   741   764   555   830   172   331   820   469   132   515   455   450   360   607   587   539   773  1018  1014   497   453   391   609   325   488   689   340   543   530   571   205   530     0 
  144   433   172   196   302   283   192   461   187   270   290     0   207   138   271   358   435   465   462   435   366   546   594   398   625    46   549   319   502   470   132   420   694   622   417   432   275   693   102   613   350   562   502   385   685   206   355     0 
  657    87   551   559   775   538   636   319   634   783   588   640     0   553   784   172   114   497    68   806   627   206   768   794   769   473   724   565   482   463   448    95   193   212   510   575   508   777   557   778   178   839   561   435   805   675   799     0 
  481   873   422   408   266   424   360  1004   365   412   373   339   748     0   421   852   849   570   931   156   354   879   404   165   449   592   402   405   620   608   682   868  1091  1125   519   460   455   541   455   419   783   252   540   571   494   347   696     0 
  338   843   382   379   154   444   293   908   295   234   395   294   655   376     0   794   830   640   888   256   417   894   553   219   599   494   536   442   692   671   572   834  1087  1065   581   539   469   693   376   572   752   419   629   611   654   255   505     0 
  499   120   431   444   641   453   507   221   504   627   496   518   183   424   628     0   157   484   109   708   551   308   732   687   743   314   685   487   487   459   278   101   365   273   476   533   424   771   418   746   118   772   546   403   789   540   627     0 
  578    47   449   454   676   427   537   364   535   699   477   538   313   455   702   157     0   387   122   696   513   151   656   685   658   400   611   452   376   354   395    62   261   318   397   462   396   670   464   666    86   725   451   322   696   579   750     0 
  555   429   333   315   515   215   408   702   410   625   252   382   517   367   632   484   387     0   505   418   225   344   275   434   271   465   234   202    52    41   533   436   567   705    59   110   204   287   405   282   369   375    64    89   309   455   813     0 
  604    76   515   526   734   517   597   258   595   731   565   605   291   513   732   109   122   505     0   782   611   251   769   766   774   419   723   547   496   473   387    69   260   203   510   572   487   790   513   781   151   828   568   434   814   634   735     0 
  401   721   285   267   211   269   245   873   250   374   219   214   620   306   383   708   696   418   782     0   199   722   298    49   344   473   281   249   469   455   566   718   935   978   365   310   300   437   334   316   632   173   394   415   399   250   651     0 
  402   544   195   170   304   100   229   741   234   438    76   194   504   232   446   551   513   225   611   199     0   526   229   209   262   389   185    64   277   259   478   543   742   812   168   122   127   340   273   248   460   222   213   217   324   268   672     0 
  684   191   517   516   745   459   609   507   609   796   511   601   455   533   800   308   151   344   251   722   526     0   618   722   609   517   578   474   314   304   529   209   223   412   376   443   430   601   552   624   219   715   403   311   636   655   881     0 
  625   696   424   399   487   317   449   939   454   641   304   412   718   460   650   732   656   275   769   298   229   618     0   339    46   615    48   278   305   314   702   700   840   972   260   199   334   140   501    21   625   153   215   335   104   480   893     0 
  355   708   258   243   162   264   206   844   211   325   212   179   589   275   334   687   685   434   766    49   209   722   339     0   385   438   319   250   486   469   530   703   931   959   378   328   293   478   299   359   618   222   416   420   442   206   602     0 
  662   699   456   432   531   344   488   954   492   683   337   451   739   493   692   743   658   271   774   344   262   609    46   385     0   643    77   307   295   308   729   705   830   975   267   213   359    94   535    30   633   197   209   341    62   520   932     0 
  185   394   199   223   348   299   232   416   228   313   314   259   161   169   314   314   400   465   419   473   389   517   615   438   643     0   569   337   500   466    93   380   657   577   422   444   287   706   139   634   314   592   507   382   702   250   370     0 
  585   650   380   355   458   270   411   891   415   608   260   374   670   417   617   685   611   234   723   281   185   578    48   319    77   569     0   232   269   274   655   654   800   926   214   152   287   163   458    65   578   161   177   289   139   444   855     0 
  375   482   154   132   313    38   212   678   215   428    50   182   444   192   436   487   452   202   547   249    64   474   278   250   307   337   232     0   254   230   423   480   686   749   143   123    63   374   234   297   396   286   210   171   366   256   643     0 
  599   420   379   363   566   265   457   707   459   673   303   432   537   412   680   487   376    52   496   469   277   314   305   486   295   500   269   254     0    33   562   429   535   692   111   160   251   295   449   310   369   418    91   118   325   504   854     0 
  568   397   349   334   542   238   429   679   431   645   279   405   505   381   652   459   354    41   473   455   259   304   314   469   308   466   274   230    33     0   529   405   527   671    91   149   222   316   418   321   342   416   100    85   343   477   822     0 
  243   379   291   315   431   385   324   336   319   371   404   351    98   262   369   278   395   533   387   566   478   529   702   530   729    93   655   423   562   529     0   362   639   520   495   524   370   787   232   720   313   684   580   446   787   337   355     0 
  563    19   457   465   680   451   541   302   539   688   500   546   273   458   690   101    62   436    69   718   543   209   700   703   705   380   654   480   429   405   362     0   278   273   440   503   421   722   461   711    85   759   500   365   746   580   716     0 
  838   263   705   709   935   667   796   486   794   960   719   794   547   714   962   365   261   567   260   935   742   223   840   931   830   657   800   686   535   527   639   278     0   295   598   665   637   815   725   845   345   936   625   530   854   838   992     0 
  757   276   704   717   913   718   780   240   777   887   764   792   423   697   886   273   318   705   203   978   812   412   972   959   975   577   926   749   692   671   520   273   295     0   712   775   688   987   690   983   353  1030   768   637  1014   812   835     0 
  500   436   277   259   456   157   350   689   352   567   193   323   488   312   574   476   397    59   510   365   168   376   260   378   267   422   214   143   111    91   495   440   598   712     0    67   149   301   352   271   366   339    85    75   314   396   762     0 
  497   499   275   254   424   152   334   741   338   549   170   303   528   313   557   533   462   110   572   310   122   443   199   328   213   444   152   123   160   149   524   503   665   775    67     0   157   264   354   213   426   272    91   140   266   378   764     0 
  351   423   128   112   328    30   207   616   209   422    82   186   384   163   429   424   396   204   487   300   127   430   334   293   359   287   287    63   251   222   370   421   637   688   149   157     0   419   203   352   337   348   230   147   417   255   614     0 
  742   714   528   504   621   409   569   988   573   770   411   533   788   566   779   771   670   287   790   437   340   601   140   478    94   706   163   374   295   316   787   722   815   987   301   264   419     0   608   123   656   289   225   370    54   604  1011     0 
  150   472    80   103   223   202    94   550    90   244   198   120   293    42   249   418   464   405   513   334   273   552   501   299   535   139   458   234   449   418   232   461   725   690   352   354   203   608     0   521   382   461   432   335   596   122   411     0 
  645   707   443   419   507   335   470   954   474   661   324   433   735   480   670   746   666   282   781   316   248   624    21   359    30   634    65   297   310   321   720   711   845   983   271   213   352   123   521     0   637   167   221   347    84   501   914     0 
  493    91   373   381   598   367   459   339   457   615   415   463   236   376   617   118    86   369   151   632   460   219   625   618   633   314   578   396   369   342   313    85   345   353   366   426   337   656   382   637     0   678   432   291   677   499   667     0 
  557   758   393   369   382   321   386   962   391   544   286   350   721   424   554   772   725   375   828   173   222   715   153   222   197   592   161   286   418   416   684   759   936  1030   339   272   348   289   461   167   678     0   328   408   243   404   816     0 
  579   493   356   335   515   233   422   763   425   638   258   391   570   392   646   546   451    64   568   394   213   403   215   416   209   507   177   210    91   100   580   500   625   768    85    91   230   225   432   221   432   328     0   145   246   466   843     0 
  485   360   269   256   474   168   354   618   355   567   216   333   428   300   573   403   322    89   434   415   217   311   335   420   341   382   289   171   118    85   446   365   530   637    75   140   147   370   335   347   291   408   145     0   386   402   737     0 
  724   739   517   493   591   403   549  1003   554   744   398   513   794   554   753   789   696   309   814   399   324   636   104   442    62   702   139   366   325   343   787   746   854  1014   314   266   417    54   596    84   677   243   246   386     0   582   994     0 
  153   590   139   146   101   239    48   666    47   172   208    75   410   124   180   540   579   455   634   250   268   655   480   206   520   250   444   256   504   477   337   580   838   812   396   378   255   604   122   501   499   404   466   402   582     0   415     0 
  270   734   489   511   443   613   444   608   440   284   601   481   445   452   275   627   750   813   735   651   672   881   893   602   932   370   855   643   854   822   355   716   992   835   762   764   614  1011   411   914   667   816   843   737   994   415     0     0 
    0     0     0     0     0     0     0     0     0     0     0     0     0     0     0     0     0     0     0     0     0     0     0     0     0     0     0     0     0     0     0     0     0     0     0     0     0     0     0     0     0     0     0     0     0     0     0     0 
