DIMENSION: 37
N: 15
M: 10
K: 2

SERVICE: 
99 251 65 260 150 184 221 136 204 170 220 144 383 196 317 

DIST MATRIX: 
    0   591   820   359   624   537   600   388   678   584   624  1207   428   390   699   396   628   986   418   680   431   658   793   332   796   820   740   930   473   753   134   568   564   373   720   178  1242     0 
  286     0   465     1   305   272   262    86   331   229   318   887   110   291   420   196   384   643   140   467    80   490   457   137   506   525   435   576   341   479   324   240   269   294   492   242   930     0 
  786   321     0   501   311   433   287   482   207   276   335   499   444   665   381   538   456   216   473   525   435   604   258   576   363   352   315    97   609   402   806   329   420   682   504   732   557     0 
  522    28   285     0   296   365   229   286   227   143   326   765   264   372   432   390   453   487   311   544   181   601   197   294   479   486   403   386   515   483   585   252   138   388   548   458   818     0 
  674   465   325   432     0   173   217   354   232   304   124   509   322   712    13   312    95   360   305   137   424   219   568   565    90   117    77   384   289    48   604   209   566   719   116   658   538     0 
  323   319   461   109   253     0   233    35   313   238   256   839    65   395   344    88   293   617    49   370   161   385   517   240   437   459   374   569   233   402   298   198   363   396   399   303   877     0 
  328   298   447    94   246   187     0    14   300   220   251   833    49   384   344   106   298   606    50   377   141   397   497   229   435   456   370   555   250   402   313   187   343   385   405   303   872     0 
  201   331   551    88   376   319   341     0   413   315   384   962   173   280   478   208   428   725   183   503   163   512   537   134   569   590   502   662   343   536   245   313   331   276   534   169  1003     0 
  590   407   329   349    98    89   161   270     0   247    67   586   239   633    75   230    67   409   221   155   346   221   535   484   171   195   123   409   231   133   525   141   502   638   160   573   618     0 
  575    73   258   313   316   397   251   336   231     0   347   741   311   413   446   435   478   460   357   568   235   629   147   345   484   487   410   352   555   494   639   280   164   430   567   510   796     0 
  368   251   395    99   209   177   174    42   250   166     0   795    16   384   322   141   290   560    64   376   111   406   445   233   408   427   338   504   278   381   366   146   307   389   398   334   836     0 
 1114   802   511   856   550   614   601   787   557   668   539     0   751  1113   451   754   526   336   743   500   828   561   801   980   356   333   421   458   710   398  1044   616   913  1124   454  1092   125     0 
  186   594   780   346   561   459   551   345   632   553   556  1131     0   465   617   318   537   930   360   578   424   548   800   368   714   740   665   887   366   666    21   513   590   451   621   253  1162     0 
  180   512   803   366   672   626   626   440   686   576   684  1250   473     0   783   509   735   995   490   808   404   810   687   252   871   891   802   912   630   842   362   607   442   175   840   145  1295     0 
  397   213   358   115   194   189   147    84   218   125   210   772    54   383     0   180   298   530   101   387    96   426   404   238   398   415   325   468   311   377   406   128   277   390   405   357   816     0 
  369   392   483   197   247   142   251   117   332   283   239   814   127   480   303     0   234   616    79   299   246   304   581   325   400   425   348   585   145   357   297   209   446   479   334   365   847     0 
  603   470   392   385   165   113   227   300   272   311   134   601   276   674    94   234     0   452   247    92   393   154   603   522   184   211   163   465   194   131   518   201   561   678   108   594   628     0 
  927   515   202   643   369   482   386   598   312   420   378   283   559   853   359   616   452     0   571   488   591   570   473   743   289   265   289   124   639   345   909   419   622   867   451   884   341     0 
  372   313   422   141   205   136   191    54   272   209   207   790    48   432   295    79   247   571     0   328   173   350   503   277   387   409   325   528   214   353   339   153   371   434   355   352   827     0 
  665   561   460   468   253   199   317   382   354   402   221   594   361   758   144   299    92   488   328     0   482    83   689   605   200   226   214   521   214   142   561   293   652   762    46   665   612     0 
  352   171   404    78   283   283   227   129   282   172   302   847   127   290   411   246   393   591   173   482     0   517   377   154   488   504   413   514   387   470   404   217   201   298   500   297   893     0 
  656   615   540   491   319   239   378   404   425   460   288   664   391   780   225   304   154   570   350    83   517     0   756   625   282   307   296   603   185   225   532   349   699   781   121   665   678     0 
  703   206   294   456   437   533   379   483   336   307   469   755   458   499   556   581   603   473   503   689   377   756     0   466   575   572   507   351   697   597   781   414   245   519   682   633   814     0 
  238   272   551   136   431   409   379   223   436   324   448  1001   246   155   553   325   522   743   277   605   154   625   466     0   636   653   563   661   467   613   352   366   232   157   630   167  1047     0 
  759   503   302   506   205   259   266   433   253   348   188   419   399   778    97   400   184   289   387   200   488   282   575   636     0    27    77   337   377    58   694   271   609   786   162   738   448     0 
  781   510   293   525   221   283   279   454   258   358   207   392   419   793   123   425   211   265   409   226   504   307   572   653    27     0    90   319   404    85   719   287   618   802   187   759   423     0 
  697   426   250   436   131   207   190   366   179   270   119   467   330   703    72   348   163   289   325   214   413   296   507   563    77    90     0   307   351    90   645   197   533   711   189   672   503     0 
  861   414   111   575   343   465   337   545   256   347   361   404   506   757   379   585   465   124   528   521   514   603   351   661   337   319   307     0   636   385   866   377   516   773   492   812   463     0 
  472   522   548   342   298   176   331   261   404   390   276   793   262   621   286   145   194   639   214   214   387   185   697   467   377   404   351   636     0   322   349   291   586   619   258   486   817     0 
  721   505   338   480   193   219   259   402   264   345   169   471   370   759    60   357   131   345   353   142   470   225   597   613    58    85    90   385   322     0   647   255   608   766   107   705   497     0 
  182   574   759   326   540   438   529   324   610   532   535  1111   362   454   597   297   518   909   339   561   404   532   781   352   694   719   645   866   349   647     0   492   573   441   603   244  1142     0 
  513   268   274   240    66   120    42   181   123   111    86   649   142   507   196   209   201   419   153   293   217   349   414   366   271   287   197   377   291   255   492     0   362   515   300   480   690     0 
  469   110   419   268   416   460   349   330   361   263   444   901   323   257   553   446   561   622   371   652   201   699   245   232   609   618   533   516   586   608   573   362     0   276   662   395   955     0 
  276   361   668   293   580   565   524   380   570   458   599  1135   402    21   707   479   678   867   434   762   298   781   519   157   786   802   711   773   619   766   441   515   276     0   786   200  1184     0 
  702   566   439   493   252   221   318   408   345   405   221   548   384   782   126   334   108   451   355    46   500   121   682   630   162   187   189   492   258   107   603   300   662   786     0   698   566     0 
   79   438   701   242   544   487   504   305   572   467   553  1129   341   216   647   365   594   884   352   665   297   665   633   167   738   759   672   812   486   705   244   480   395   200   698     0  1170     0 
 1199   845   538   930   627   706   669   867   614   727   621    61   830  1172   545   847   628   341   827   612   893   678   814  1047   448   423   503   463   817   497  1142   690   955  1184   566  1170     0     0 
    0     0     0     0     0     0     0     0     0     0     0     0     0     0     0     0     0     0     0     0     0     0     0     0     0     0     0     0     0     0     0     0     0     0     0     0     0     0 
