DIMENSION: 37
N: 15
M: 10
K: 2

SERVICE: 
224 289 314 199 415 112 374 191 432 223 315 221 354 436 241 

DIST MATRIX: 
    0   742   447   468   373   571   391   650   387   211   553   427   461   412   202   558   691   641   644   692   618   610   406   564   622   518   668   608   999   935   315   650   633   699   513   357   187     0 
  812     0   643   640   870   578   735   586   735   924   629   726   572   660   928   889   617   503   462   470   614   565  1051   918   594   631   345   445    24    80  1076   515   995   946  1082   781   820     0 
   93   658     0   333   248   435   254   624   249    99   416   289   398   279    92   434   553   508   515   560   597   474   325   443   485   382   558   485   899   829   423   516   520   577   427   219    96     0 
  370   278   197     0   426   178   288   477   287   475   225   284   269   210   480   484   303   156   117   180   478   194   608   513   232   209   109    46   452   374   733   178   602   582   652   333   393     0 
  467   452   243   224     0   121   312   690   315   529   152   284   478   279   536   383   109    62    98    46   692    83   581   412    91   178   268   170   524   433   901    44   484   435   588   358   517     0 
  289   375    94    97   324     0   186   532   186   382   145   182   293   112   388   390   260   144   135   190   526   146   506   418   179   118   212   107   552   472   699   160   508   498   550   232   326     0 
  482   898   442   429   267   453     0  1018   378   403   402   356   762   452   412   137   422   522   566   556  1002   460   222   108   431   412   723   602  1034   944   918   509    48   144   135   355   554     0 
  607   145   545   558   755   561   621     0   618   736   607   633   279   538   737   855   680   530   484   536   220   577   928   882   615   584   312   418   377   375   723   552   974   963   994   654   581     0 
  544   938   489   474   329   487   427  1071     0   468   436   406   815   503   476   177   436   550   596   579  1057   489   283   151   457   451   759   638  1060   969   983   535    58   121   188   412   617     0 
  143   591   344   367   352   466   314   513   309     0   460   352   310   306   217   535   602   526   521   576   483   506   450   548   525   422   524   476   849   789   333   539   631   679   550   296    71     0 
  322   780   316   310   109   364   234   871   237   246     0   227   615   317   255   121   387   444   480   487   853   383   131   116   365   310   617   500   948   861   762   437   180   248   143   205   394     0 
  144   433   172   196   302   283   192   461   187   270   290     0   207   138   271   447   428   333   324   381   443   323   463   469   348   252   334   277   671   603   510   348   561   583   540   206   148     0 
  657    87   551   559   775   538   636   319   634   783   588   640     0   553   784   849   636   490   442   483   347   545   954   877   582   573   267   387   249   251   834   510   966   942  1009   675   643     0 
  481   873   422   408   266   424   360  1004   365   412   373   339   748     0   421   111   385   490   535   522   990   428   248    84   398   386   696   574  1001   911   928   476    14   106   171   347   555     0 
  338   843   382   379   154   444   293   908   295   234   395   294   655   376     0   200   474   525   559   570   887   465    46   187   449   387   687   573  1023   938   740   519   222   307    95   255   403     0 
  393   763   312   297   186   317   256   897   260   347   265   231   641   327   356     0   296   386   429   422   883   324   246    29   296   276   587   466   898   809   856   374   119   144   214   249   468     0 
  472   557   260   236   370   149   300   779   304   508   142   265   551   297   516   296     0   150   197   155   777   115   517   323    82   180   373   263   630   539   932   128   386   330   509   338   533     0 
  417   409   195   178   389    83   273   633   275   489   130   250   417   229   496   386   150     0    48    52   633    63   563   415    94   143   224   114   512   423   843    22   495   457   582   321   463     0 
  422   361   207   195   418   116   293   592   294   505   167   275   385   237   511   429   197    48     0    64   594   107   595   458   141   172   176    73   470   382   829    69   539   504   620   341   462     0 
  469   406   247   231   438   133   325   652   327   541   175   301   449   281   548   422   155    52    64     0   655   105   609   450   126   193   224   135   481   390   889    51   525   480   623   372   514     0 
  554   340   577   597   745   637   629    37   625   679   671   652   242   557   676   883   777   633   594   655     0   664   896   907   700   639   451   522   596   586   532   655  1000  1010   980   648   504     0 
  386   462   164   142   334    40   229   666   231   445    71   201   437   201   453   324   115    63   107   105   664     0   504   352    38    95   278   160   575   485   831    54   433   398   520   274   440     0 
  343   868   412   411   182   481   321   918   322   228   434   326   669   403   233   246   517   563   595   609   896   504     0   233   489   423   717   606  1056   972   721   558   261   349   107   279   403     0 
  408   791   338   324   196   345   278   921   282   353   294   255   665   352   362    29   323   415   458   450   907   352   233     0   325   304   615   494   927   838   866   403    94   135   191   267   482     0 
  400   499   182   158   326    67   234   704   237   448    69   202   471   219   456   296    82    94   141   126   700    38   489   325     0   104   315   197   604   514   853    78   402   363   498   276   457     0 
  296   487    80    56   247    60   134   647   137   351    39   107   401   117   358   276   180   143   172   193   639    95   423   304   104     0   312   192   637   551   752   144   393   380   452   180   354     0 
  468   185   306   308   535   273   397   442   396   579   323   393   288   318   583   587   373   224   176   224   451   278   717   615   315   312     0   122   345   271   787   245   702   675   760   442   481     0 
  392   303   198   195   425   151   290   520   290   489   202   281   314   219   494   466   263   114    73   135   522   160   606   494   197   192   122     0   450   367   773   136   581   555   643   337   422     0 
  810   277   646   645   875   585   739   568   738   924   637   730   563   662   928   898   630   512   470   481   596   575  1056   927   604   637   345   450     0    91  1064   525  1005   959  1089   785   816     0 
  739   249   565   562   791   498   657   562   657   849   549   647   517   583   853   809   539   423   382   390   586   485   972   838   514   551   271   367    91     0  1024   435   915   868  1002   704   750     0 
  474   788   672   696   670   791   648   569   643   516   790   685   508   634   507   856   932   843   829   889   532   831   721   866   853   752   787   773  1064  1024     0   858   942  1000   828   627   404     0 
  426   430   203   184   387    84   276   655   279   493   124   251   438   238   500   374   128    22    69    51   655    54   558   403    78   144   245   136   525   435   858     0   480   440   573   323   475     0 
  494   880   431   416   279   430   371  1015   375   426   379   349   758   445   435   119   386   495   539   525  1000   433   261    94   402   393   702   581  1005   915   942   480     0    96   181   358   567     0 
  537   858   433   414   330   405   391  1021   396   488   357   362   768   455   497   144   330   457   504   480  1010   398   349   135   363   380   675   555   959   868  1000   440    96     0   277   390   611     0 
  433   922   458   453   239   504   374  1000   377   328   453   369   746   458   334   214   509   582   620   623   980   520   107   191   498   452   760   643  1089  1002   828   573   181   277     0   340   498     0 
  153   590   139   146   101   239    48   666    47   172   208    75   410   124   180   249   338   321   341   372   648   274   279   267   276   180   442   337   785   704   627   323   358   390   340     0   226     0 
   74   568   276   299   288   400   244   530   239   178   391   281   302   239   174   468   533   463   462   514   504   440   403   482   457   354   481   422   816   750   404   475   567   611   498   226     0     0 
    0     0     0     0     0     0     0     0     0     0     0     0     0     0     0     0     0     0     0     0     0     0     0     0     0     0     0     0     0     0     0     0     0     0     0     0     0     0 
