DIMENSION: 47
N: 15
M: 15
K: 2

SERVICE: 
217 133 211 203 342 286 141 301 284 345 378 170 144 302 159 

DIST MATRIX: 
    0   226   554   218   499    97   371   807   376   136   107   348   159   408   221   448   216   236   436   144   102   236   272   463   829   104   414   286   456   412   133   208   131   539   401   232   420   396   485   852   276   425   554   314   765   493   589     0 
  328     0   271   379   551   261    75   480   578   320   305   144   201   538   142   176   148   470    83   393   404   140    97   577   524   430   470    71   330    58   255   365   351   309   314   420   429   340   693   585   614   550   247   140   414   667   509     0 
  622   540     0   671   674   651   453   460   822   660   663   403   588   736   527   480   559   768   335   727   759   555   478   748   550   791   636   478   416   358   666   780   691   278   459   708   809   492   913   671   962   740   195   435   114   864   826     0 
  238   487   552     0   144   414   613  1021    86   295   332   429   420    24   443   718   498   180   591   263   311   524   464    63  1074   328   125   508   343   576   495   612   283   481   302   176   813   268   155  1136   357    30   584   417   832   115   967     0 
   60   189   384   108     0   142   322   751   310    73    90   190   125   288   146   425   201   200   329   138   172   226   176   337   793   205   253   216   261   309   219   357   101   354   205   149   533   201   426   845   373   303   395   162   630   408   675     0 
  388   156   332   436   625     0     6   434   638   367   345   221   235   605   185   101   162   522   122   438   440   142   154   647   468   462   543   112   408   106   257   341   396   380   391   476   369   416   754   518   647   618   302   215   428   732   435     0 
  413   245   210   465   594   371     0   402   656   419   408   190   310   602   249   194   260   561    33   492   508   251   200   635   461   536   522   183   342    56   367   471   451   274   345   506   505   376   767   543   719   612   172   206   302   735   552     0 
  858   609   730   901  1104   713   483     0  1104   820   791   695   684  1082   651   378   602   977   548   883   868   576   631  1125   223   881  1022   586   872   551   647   622   845   805   864   939   447   892  1221   121  1051  1095   684   693   621  1205   298     0 
   92   222   471    97   376   118   369   807     0    15    36   272   143   295   191   465   225   151   398    62    85   250   234   348   843   117   290   266   343   377   199   318    21   441   285   122   516   276   401   884   291   310   480   242   711   396   672     0 
  351   556   755   299   409   436   705  1143   179     0   366   583   477   287   527   798   556   201   727   274   279   581   568   319  1178   267   377   602   567   707   501   564   315   699   514   259   781   486   199  1214   146   295   776   559  1021   251   956     0 
  341   567   730   289   351   455   712  1145   127   352     0   571   488   233   533   809   570   196   722   285   303   595   569   258  1186   298   330   606   533   704   526   604   324   668   483   248   819   452   129  1229   211   239   755   549  1002   181   991     0 
  386   329    43   436   481   425   291   525   597   425   429     0   364   520   306   364   351   534   171   491   524   353   260   541   598   556   426   274   213   184   453   581   455   106   240   474   657   274   696   695   726   527    43   203   292   652   720     0 
   39   214   411    79   331   148   351   781   282    52    81   219     0   268   173   452   223   169   360   109   148   249   205   318   823   181   243   244   276   340   229   362    76   377   219   119   546   210   399   873   344   283   423   192   660   384   693     0 
  344   539   752   293   425   416   689  1128   196   331   350   575   460     0   512   780   538   195   716   259   259   562   555   338  1161   244   388   587   570   695   478   537   300   700   516   255   753   488   228  1194   114   312   772   550  1015   277   929     0 
  260   142   505   282   553    73   272   700   466   189   152   304   110   480     0   340   125   328   355   231   204   137   205   533   719   214   464   204   452   331    22   143   202   507   404   308   329   408   580   740   388   496   497   272   687   580   489     0 
  485   243   403   531   726   364   106   361   734   457   432   320   322   705   279     0   242   614   194   526   522   218   254   748   382   541   644   210   504   187   318   366   486   462   490   571   332   516   851   421   723   718   365   316   435   831   358     0 
  260    23   392   301   535   125   155   594   503   219   191   204    82   489    67   242     0   376   231   285   281    26    94   537   623   302   447    81   378   206   107   231   245   406   340   337   353   354   620   659   486   504   379   176   562   607   479     0 
  150   371   557    98   300   267   516   949   139   157   186   382   294   188   336   614   376     0   529    97   136   401   373   241   989   149   233   410   382   509   344   444   131   507   326    60   653   301   252  1034   216   203   577   358   820   257   817     0 
  381   214   212   433   570   339   124   431   626   386   376   162   278   574   216   194   231   529     0   459   475   222   167   608   487   503   496   152   324    25   338   446   418   268   322   475   491   353   737   563   686   584   179   175   332   706   549     0 
  115   283   520    87   362   171   431   869   236    73    94   327   204   265   254   526   285    97   459     0    55   310   296   319   905    83   281   328   374   438   247   351    42   484   316    90   557   300   349   944   235   281   532   299   768   351   720     0 
  163   284   556   142   416   158   434   873   274   100   100   356   205   315   262   522   281   136   475    55     0   304   309   370   903    33   336   336   422   453   223   310    72   525   364   143   522   350   383   935   211   331   564   325   793   392   690     0 
  286    40   395   326   559   147   136   572   528   244   217   215   108   514    88   218    26   401   222   310   304     0   104   562   599   324   471    79   394   198   118   229   271   415   358   363   335   373   646   634   508   529   379   189   553   633   456     0 
  234    71   301   283   478   175   149   576   484   223   209   111   113   452    50   254    94   373   167   296   309   104     0   494   618   336   393    45   292   144   192   325   254   312   260   324   437   279   600   672   520   464   291    85   493   578   547     0 
  279   524   547   251    94   461   642  1037   142   344   381   446   461    54   478   748   537   241   608   319   370   562   494     0  1094   388   116   539   334   596   544   665   335   471   301   230   862   267   175  1162   419    38   582   439   828   117  1011     0 
  852   622   619   901  1055   746   474    92  1102   834   812   648   701  1058   653   382   623   989   487   905   903   599   618  1094     0   923   982   579   799   498   698   718   864   703   806   942   592   838  1217   130  1105  1069   572   657   442  1189   485     0 
  195   306   588   171   439   177   456   895   284   132   129   388   229   334   288   541   302   149   503    83    33   324   336   388   923     0   362   360   454   480   234   307   105   558   396   167   521   382   388   951   185   350   596   356   823   402   693     0 
  204   432   433   197    89   391   538   924   203   282   318   335   378   102   384   644   447   233   496   281   336   471   393   116   982   362     0   438   220   485   471   604   283   358   186   195   787   152   278  1054   443   104   467   330   714   228   926     0 
  275    62   316   323   523   190   107   541   525   256   238   144   131   495    75   210    81   410   152   328   336    79    45   539   579   360   438     0   331   127   188   308   287   338   302   363   402   322   642   630   545   509   300   124   483   621   505     0 
  259   356   214   296   268   388   405   731   410   328   350   189   343   320   312   504   378   382   324   374   422   394   292   334   799   454   220   331     0   321   449   592   350   138    58   324   729    81   497   885   594   324   251   207   495   448   834     0 
  363   190   226   415   561   315   107   446   609   365   353   150   254   560   193   187   206   509    25   438   453   198   144   596   498   480   485   127   321     0   313   422   396   276   315   456   474   345   722   571   664   571   197   159   356   692   538     0 
  268   126   493   293   560    82   251   679   481   200   164   295   106   491   149   318   107   344   338   247   223   118   192   544   698   234   471   188   449   313     0   143   216   499   402   321   318   408   596   719   409   507   483   263   669   594   474     0 
  400   254   623   415   692   215   336   717   584   324   287   432   250   612   287   366   231   444   446   351   310   229   325   665   718   307   604   308   592   422   143     0   330   636   545   436   216   551   693   713   444   627   608   402   769   701   394     0 
   93   243   485    87   367   136   390   828   266    32    55   289   164   281   212   486   245   131   418    42    72   271   254   335   864   105   283   287   350   396   216   330     0   453   292   107   531   280   382   905   273   297   496   259   729   379   690     0 
  370   383    86   415   400   455   379   627   547   426   440   204   399   458   350   462   406   507   268   484   525   415   312   471   703   558   358   338   138   276   499   636   453     0   185   448   736   216   636   801   713   462   132   235   361   586   814     0 
  201   319   250   238   249   337   388   743   363   271   295   170   296   280   273   490   340   326   322   316   364   358   260   301   806   396   186   302    58   315   402   545   292   185     0   267   692    34   457   885   537   286   282   179   530   412   807     0 
   94   330   497    41   273   240   470   899   165   123   158   325   256   176   291   571   337    60   475    90   143   363   324   230   942   167   195   363   324   456   321   436   107   448   267     0   638   244   282   992   271   192   517   302   761   274   795     0 
  586   374   699   611   876   400   367   617   793   518   481   546   410   809   420   332   353   653   491   557   522   335   437   862   592   521   787   402   729   474   318   216   531   736   692   638     0   706   905   554   659   825   670   523   767   908   181     0 
  187   334   284   218   217   339   412   776   331   262   289   197   303   246   286   516   354   301   353   300   350   373   279   267   838   382   152   322    81   345   408   551   280   216    34   244   706     0   423   915   515   252   316   202   564   378   826     0 
  367   612   707   320   267   518   749  1168   117   403   436   578   538   177   572   851   620   252   737   349   383   646   600   175  1217   388   278   642   497   722   596   693   382   636   457   282   905   423     0  1272   336   174   738   563   987    64  1069     0 
  905   663   720   952  1131   778   523   221  1155   877   851   720   741  1122   700   421   659  1034   563   944   935   634   672  1162   130   951  1054   630   885   571   719   713   905   801   885   992   554   915  1272     0  1127  1134   674   724   567  1250   416     0 
  343   491   755   299   497   361   640  1079   279   305   311   562   414   374   473   723   486   216   686   235   211   508   520   419  1105   185   443   545   594   664   409   444   273   713   537   271   659   515   336  1127     0   387   768   533  1002   378   838     0 
  244   491   535   214   114   425   613  1014   116   307   344   422   427    16   446   718   504   203   584   281   331   529   464    38  1069   350   104   509   324   571   507   627   297   462   286   192   825   252   174  1134   387     0   568   412   816   126   976     0 
  429   358    47   479   520   460   303   496   640   465   469   208   398   562   339   365   379   577   179   532   564   379   291   582   572   596   467   300   251   197   483   608   496   132   282   517   670   316   738   674   768   568     0   241   249   694   724     0 
  209   153   240   261   411   224   211   605   451   228   228    34   165   401   115   316   176   358   175   299   325   189    85   439   657   356   330   124   207   159   263   402   259   235   179   302   523   202   563   724   533   412   241     0   469   533   629     0 
  671   546   281   722   761   668   433   351   889   697   694   441   606   810   544   435   562   820   332   768   793   553   493   828   442   823   714   483   495   356   669   769   729   361   530   761   767   564   987   567  1002   816   249   469     0   942   761     0 
  348   597   661   307   206   514   727  1137   118   396   431   544   527   133   554   831   607   257   706   351   392   633   578   117  1189   402   228   621   448   692   594   701   379   586   412   274   908   378    64  1250   378   126   694   533   942     0  1068     0 
  732   496   760   764  1014   554   436   533   955   672   637   645   550   961   544   358   479   817   549   720   690   456   547  1011   485   693   926   505   834   538   474   394   690   814   807   795   181   826  1069   416   838   976   724   629   761  1068     0     0 
    0     0     0     0     0     0     0     0     0     0     0     0     0     0     0     0     0     0     0     0     0     0     0     0     0     0     0     0     0     0     0     0     0     0     0     0     0     0     0     0     0     0     0     0     0     0     0     0 
