DIMENSION: 47
N: 15
M: 15
K: 2

SERVICE: 
318 395 85 77 343 324 256 452 281 175 189 141 456 68 131 

DIST MATRIX: 
    0   749   926   534   432  1059   702   888   872   282   406   688   324   810   575   902   794   626   719   478   449   546   632   562   633   449   551   612  1009   344   905   718   687   775   331   619   627   751   390   790   626   417   792  1053   635   545   909     0 
  449     0   407   142   203   615   273   375   402   272   232   382   323   397   106   506   282   289   238    68   103    59   173   139   126    82   654   135   510   190   558   238   345   267   203   188   179   308   130   296   142   618   501   604   128   191   476     0 
  732   415     0   364   473   427   305    94   240   590   507   458   614   341   293   419   104   414   205   376   407   310   268   335   228   401   890   264   241   512   511   206   425   131   525   301   281   270   456   174   248   892   531   410   221   382   347     0 
  467   495   479     0   256   716   248   457   500   198   276   476   344   500   208   609   327   222   338    36   154    86   276    97   168    50   552   238   599   127   660   338   286   306   140   289   282   410   110   319   243   519   597   704   225   280   578     0 
  564   137   296   456     0   290   500   228   109   585   371   191   472    71   232   176   347   575   111   402   344   366   162   439   339   410   988   199   267   503   249   110   612   361   514   160   160    26   429   415   193   949   251   282   221   228   144     0 
  508    46   469   578   358     0   654   400   253   643   375    85   451   125   335   147   519   713   271   502   408   486   277   566   483   500  1080   316   402   570   133   270   758   531   578   253   267   188   496   584   319  1020    75   326   357   268   198     0 
  913   864   592   379   705   958     0   625   758   561   728   872   793   825   594   924   430   230   645   478   600   452   637   373   429   502   526   601   765   541  1004   646   167   407   549   666   649   733   559   357   595   609   981   941   554   698   863     0 
  993   782   395   470   744   772   297     0   611   717   775   815   867   713   580   790   310   383   559   549   647   492   592   446   421   580   813   569   560   665   884   560   336   306   676   627   606   636   647   258   556   875   900   754   515   690   717     0 
  621   164   506   690   485   254   749   441     0   769   501   210   574   179   449   105   593   819   359   620   532   598   386   676   584   620  1203   425   398   695    10   358   859   609   703   368   378   271   621   663   426  1145   117   263   461   392   184     0 
  315   431   549   229   125   706   396   509   505     0   134   392   191   465   198   569   431   374   345   135    73   192   261   244   274   105   619   236   633   105   599   345   437   416   111   255   259   391    45   442   249   552   513   698   257   202   558     0 
  123   381   719   537   216   709   691   658   573   431     0   309   143   469   382   535   666   686   469   438   319   476   395   547   537   413   878   403   731   399   509   468   748   660   398   364   383   451   359   702   418   777   386   708   454   282   567     0 
  303   201   522   433   142   523   558   459   372   434   152     0   227   276   218   357   491   583   272   340   222   352   207   433   388   327   884   226   529   369   358   270   639   490   375   173   194   249   302   537   240   810   255   520   280   108   376     0 
  549   133   303   445   326   306   493   235   124   569   355   182     0    80   217   187   345   566   103   388   328   354   148   428   330   395   975   185   282   488   256   103   604   358   499   145   145    15   414   412   181   934   250   299   210   211   159     0 
  616   162   278   496   397   238   525   209    63   636   426   228   526     0   280   147   357   607   146   448   396   408   211   476   372   457  1032   246   222   554   235   146   640   375   565   213   210    77   480   428   238   997   264   229   260   282    97     0 
  439   418   434   128   202   644   275   403   430   244   228   401   313   424     0   532   302   279   267    41    98    62   200   132   143    53   628   163   539   162   582   267   338   285   175   212   205   335   106   311   170   589   521   633   157   206   504     0 
  651   156   404   632   475   177   672   340   180   743   497   226   584   109   401     0   504   751   286   574   502   542   333   615   514   578  1160   371   293   665    99   286   786   522   674   323   328   201   590   575   368  1114   186   180   397   369    79     0 
  719   475   181   282   460   529   201   198   331   525   494   505   596   415   284   504     0   313   250   316   377   249   285   252   161   345   792   266   345   452   591   251   321    28   465   319   298   331   407    73   251   802   594   512   213   389   438     0 
  684   667   494   151   477   818   118   503   604   348   498   665   564   645   383   751   313     0   465   249   373   233   436   151   236   273   483   398   653   316   820   465    65   285   325   461   447   551   329   258   395   511   780   803   358   480   701     0 
  552   226   250   350   302   378   390   190   164   503   336   257   443   182   147   286   250   465     0   305   273   262    87   330   228   318   887   110   290   420   359     1   501   260   432   109    94    88   349   313    99   856   346   366   115   195   242     0 
  450   459   459    99   227   683   261   432   468   215   250   440   325   465   173   574   316   249   305     0   123    67   241   110   155    31   587   203   572   137   624   305   311   296   150   253   246   376    98   316   209   550   561   672   194   245   544     0 
  347   368   483   221   105   634   372   440   432   242   131   337   221   396   126   502   377   373   273   123     0   158   189   228   228   105   673   164   561   163   537   272   433   365   173   184   187   319    89   397   177   614   459   626   189   140   487     0 
  501   441   394    92   261   638   215   371   421   281   288   433   375   433   152   542   249   233   262    67   158     0   212    82    87    97   625   173   514   204   600   262   287   229   217   233   221   341   161   251   174   601   551   626   147   247   504     0 
  470   231   327   304   217   449   382   272   243   425   250   236   358   224    69   333   285   436    87   241   189   212     0   290   208   248   828    39   377   343   388    86   482   286   354    35    14   136   270   336    42   787   345   440    84   114   305     0 
  560   521   420    30   333   700   152   410   483   282   358   515   435   507   233   615   252   151   330   110   228    82   290     0   113   139   566   251   559   221   678   331   207   227   232   313   300   413   204   231   250   557   632   686   218   329   572     0 
  575   437   313   139   322   589   174   298   373   366   354   444   449   409   170   514   161   236   228   155   228    87   208   113     0   184   679   173   446   291   584   229   276   143   304   238   220   315   247   170   166   668   553   576   125   280   467     0 
  421   457   484   124   206   694   291   455   482   192   226   434   296   470   178   578   345   273   318    31   105    97   248   139   184     0   583   212   592   111   624   318   335   326   124   256   251   384    67   347   220   539   556   684   210   237   553     0 
  806  1039   972   542   742  1263   601   972  1046   454   742  1009   735  1052   759  1160   792   483   887   587   673   625   828   566   679   583     0   790  1123   515  1207   887   499   765   509   839   833   962   586   741   795   144  1131  1250   772   813  1129     0 
  469   270   330   264   210   483   347   281   273   394   244   271   352   262    37   371   266   398   110   203   164   173    39   251   173   212   790     0   398   311   428   110   444   264   322    65    49   173   239   311    16   751   383   473    54   123   341     0 
  828   380   174   585   590   214   545   151   159   782   622   449   728   281   435   293   345   653   290   572   561   514   377   559   446   592  1123   398     0   700   390   291   665   372   712   395   384   280   633   413   384  1113   465   196   383   477   216     0 
  374   531   595   195   229   792   368   565   584    83   233   495   262   558   275   665   452   316   420   137   163   204   343   221   291   111   515   311   700     0   699   420   381   432    13   344   344   478    75   446   322   451   617   783   317   302   647     0 
  630   168   501   692   491   245   749   436   276   774   508   217   582   178   452    99   591   820   359   624   537   600   388   678   584   624  1207   428   390   699     0   358   859   607   708   370   380   271   625   661   427  1150   126   253   462   397   178     0 
  550   225   252   350   301   378   391   191   164   503   335   256   442   181   147   286   251   465     1   305   272   262    86   331   229   318   887   110   291   420   358     0   502   261   432   108    93    87   349   314    98   856   344   366   115   193   242     0 
  749   712   499   212   538   841   120   517   631   411   560   714   628   683   433   786   321    65   501   311   433   287   482   207   276   335   499   444   665   381   859   502     0   293   389   509   493   589   393   256   440   543   827   825   401   534   732     0 
  709   486   209   257   451   553   173   224   352   503   484   513   585   430   279   522    28   285   260   296   365   229   286   227   143   326   765   264   372   432   607   261   293     0   444   321   300   344   390    54   251   775   605   537   210   386   458     0 
  369   540   608   207   234   803   379   578   595    71   236   503   259   568   286   674   465   325   432   150   173   217   354   232   304   124   509   322   712    13   708   432   389   444     0   354   354   488    85   459   333   442   624   794   330   311   658     0 
  443   208   356   324   195   451   412   298   253   425   228   206   335   215    82   323   319   461   109   253   184   233    35   313   238   256   839    65   395   344   370   108   509   321   354     0    21   136   269   370    73   792   319   442   116    85   303     0 
  459   221   338   312   208   449   394   282   246   425   241   224   349   219    73   328   298   447    94   246   187   221    14   300   220   251   833    49   384   344   380    93   493   300   354    21     0   134   270   350    54   789   334   440    97   103   303     0 
  548   146   294   431   321   315   478   226   125   559   351   192   453    94   205   201   331   551    88   376   319   341   136   413   315   384   962   173   280   478   271    87   589   344   488   136   134     0   404   398   167   923   264   307   195   206   169     0 
  357   457   537   187   166   718   356   502   512   156   178   423   235   483   202   590   407   329   349    98    89   161   270   204   247    67   586   239   633    75   625   349   393   390    85   269   270   404     0   412   251   526   545   709   251   228   573     0 
  744   540   244   260   489   601   141   268   404   513   522   565   619   484   323   575    73   258   313   316   397   251   336   231   170   347   741   311   413   446   661   314   256    54   459   370   350   398   412     0   299   761   659   584   257   432   510     0 
  485   273   314   265   226   474   340   265   262   404   260   278   368   259    51   368   251   395    99   209   177   174    42   250   166   220   795    16   384   322   427    98   440   251   333    73    54   167   251   299     0   759   387   464    43   138   334     0 
  693   982   977   529   668  1233   627   966  1019   377   662   943   637  1007   717  1114   802   511   856   550   614   601   787   557   668   539   144   751  1113   451  1150   856   543   775   442   792   789   923   526   761   759     0  1064  1222   744   753  1092     0 
  508   119   542   641   396   359   725   473   322   686   407   122   469   196   399   186   594   780   346   561   459   551   345   632   553   556  1131   383   465   617   126   344   827   605   624   319   334   264   545   659   387  1064     0   364   427   320   253     0 
  821   327   361   709   621    18   705   317   204   865   648   400   744   245   508   180   512   803   366   672   626   626   440   686   576   684  1250   473   196   783   253   366   825   537   794   442   440   307   709   584   464  1222   364     0   480   508   145     0 
  514   311   294   236   253   491   298   252   275   400   288   320   394   289    73   397   213   358   115   194   189   147    84   218   125   210   772    54   383   317   462   115   401   210   330   116    97   195   251   257    43   744   427   480     0   176   357     0 
  357   229   441   333   115   515   451   384   330   378   145   198   251   268   110   369   389   480   195   245   140   247   114   329   280   237   813   123   477   302   397   193   534   386   311    85   103   206   228   432   138   753   320   508   176     0   365     0 
  678   189   327   592   477   150   615   264   107   728   504   262   599   100   375    79   438   701   242   544   487   504   305   572   467   553  1129   341   216   647   178   242   732   458   658   303   303   169   573   510   334  1092   253   145   357   365     0     0 
    0     0     0     0     0     0     0     0     0     0     0     0     0     0     0     0     0     0     0     0     0     0     0     0     0     0     0     0     0     0     0     0     0     0     0     0     0     0     0     0     0     0     0     0     0     0     0     0 
