DIMENSION: 47
N: 15
M: 15
K: 2

SERVICE: 
224 289 314 199 415 112 374 191 432 223 315 221 354 436 241 

DIST MATRIX: 
    0   742   447   468   373   571   391   650   387   211   553   427   461   412   202   356   227   725   691   501   663   831   177   728   620   965   795   493   772   761   380   670   431   410   104   551   859   406   922   446   986   656   702   533   889   357   135     0 
  812     0   643   640   870   578   735   586   735   924   629   726   572   660   928  1015   796   529   319   972  1066   692   828   439   439   121   737   802   725   292   820   416   576   728   974  1063   772   614   480   569   388   617   336   917   718   781   971     0 
   93   658     0   333   248   435   254   624   249    99   416   289   398   279    92   270   200   589   583   391   559   694   133   597   553   875   659   360   636   644   246   605   326   404    73   456   723   289   787   370   929   518   586   413   752   219   226     0 
  370   278   197     0   426   178   288   477   287   475   225   284   269   210   480   569   408   258   135   548   672   453   418   197   284   452   463   381   440   181   375   325   158   445   534   642   524   174   404   231   600   278   123   503   508   333   582     0 
  467   452   243   224     0   121   312   690   315   529   152   284   478   279   536   558   570    45   282   477   555   241   559    73   493   561   260   312   240   232   371   528   336   648   618   563   316   317   231   436   765   105   219   415   294   358   728     0 
  289   375    94    97   324     0   186   532   186   382   145   182   293   112   388   467   367   246   237   447   577   419   362   222   355   554   415   284   391   269   273   402   136   451   452   542   481   115   427   247   695   228   216   406   478   232   531     0 
  482   898   442   429   267   453     0  1018   378   403   402   356   762   452   412   258   669   510   746   109    60   445   611   589   868  1058   384   240   376   735   299   919   605   854   503    83   414   546   664   716  1219   413   702   119   478   355   724     0 
  607   145   545   558   755   561   621     0   618   736   607   633   279   538   737   879   509   619   302   901  1042   818   564   532   126   296   838   747   817   392   708    72   392   373   745   995   895   451   696   307   253   659   370   868   867   654   664     0 
  544   938   489   474   329   487   427  1071     0   468   436   406   815   503   476   322   731   526   781   173    25   436   674   610   915  1089   374   286   370   762   357   965   655   913   568   137   394   598   666   768  1259   432   733   171   461   412   788     0 
  143   591   344   367   352   466   314   513   309     0   460   352   310   306   217   395    82   620   547   506   675   753    27   609   469   813   727   447   702   623   338   519   289   282   173   577   793   275   811   294   837   566   564   519   813   296   146     0 
  322   780   316   310   109   364   234   871   237   246     0   227   615   317   255   133   509   464   642    52   221   467   451   525   733   959   413   144   396   650   149   785   465   696   350   140   463   406   648   571  1096   365   608    85   514   205   566     0 
  144   433   172   196   302   283   192   461   187   270   290     0   207   138   271   412   178   432   358   461   620   586   174   412   343   648   570   341   545   427   262   397    98   304   301   549   638    76   617   165   720   393   368   446   647   206   341     0 
  657    87   551   559   775   538   636   319   634   783   588   640     0   553   784   909   590   564   249   909  1036   760   637   471   198   171   788   745   768   314   725   160   423   482   807  1003   839   477   608   369   238   621   311   867   803   675   756     0 
  481   873   422   408   266   424   360  1004   365   412   373   339   748     0   421   279   668   473   718   120    77   404   612   554   849  1028   343   220   335   703   292   899   588   848   515   121   373   530   624   701  1194   377   672   104   436   347   732     0 
  338   843   382   379   154   444   293   908   295   234   395   294   655   376     0    72   520   550   712    97   238   551   456   608   784  1029   496   228   480   727   204   837   516   716   323   125   543   458   734   613  1153   451   682   161   597   255   549     0 
  288   824   373   375   147   452   281   865   282   172   408   291   617   361   178     0   463   573   703   162   310   597   398   622   753  1019   544   255   527   728   196   807   489   664   254   195   596   432   765   577  1127   477   680   217   646   236   481     0 
  187   523   345   369   402   461   337   431   332   292   464   373   236   308   287   463     0   611   497   561   729   761    67   587   394   747   741   481   716   581   379   443   250   203   254   638   808   253   794   227   759   569   522   566   821   330   177     0 
  501   488   278   257   433   155   340   733   343   556   176   310   523   316   564   573   611     0   319   481   545   200   598    95   535   585   224   322   206   258   392   569   380   692   649   562   277   359   199   480   798   100   253   416   251   384   767     0 
  493   170   331   333   561   294   423   442   422   605   345   418   303   344   609   703   497   319     0   679   795   518   520   230   240   318   542   510   522   104   510   262   260   481   656   772   596   295   402   282   486   373    68   631   565   467   674     0 
  374   822   359   350   161   395   281   921   284   295   343   269   665   363   303   162   561   481   679     0   169   461   503   548   780   995   404   171   390   681   199   832   513   749   396    94   448   454   656   620  1139   381   641    69   504   255   615     0 
  542   950   498   484   328   501   433  1077   437   461   450   413   820   510   470   310   729   545   795   169     0   460   671   628   924  1104   397   295   393   778   359   974   662   914   559   120   418   604   688   774  1271   450   748   176   485   415   782     0 
  618   687   416   391   482   308   443   930   447   635   297   406   709   453   645   597   761   200   518   461   460     0   734   289   734   765    62   353    71   449   458   769   555   870   740   518    81   521   240   664   992   194   451   392    60   474   898     0 
  133   565   323   346   346   444   298   495   293   226   440   335   286   285   221   398    67   598   520   503   671   734     0   584   445   787   709   435   685   597   328   495   263   270   189   576   776   250   788   268   815   546   537   512   794   283   169     0 
  505   398   284   269   477   172   364   658   366   579   214   340   466   318   586   622   587    95   230   548   628   289   584     0   457   491   318   381   300   164   431   487   342   642   662   635   368   336   209   428   705   178   163   487   335   411   753     0 
  482   149   427   441   631   457   499   202   496   611   498   512   159   417   611   753   394   535   240   780   924   734   445   457     0   365   746   629   724   343   585    54   268   290   622   873   807   327   642   183   378   562   305   749   786   530   558     0 
  790   223   648   650   878   605   739   485   738   910   657   736   514   659   913  1019   747   585   318   995  1104   765   787   491   365     0   804   825   789   330   827   331   551   652   948  1088   846   598   571   520   268   663   356   945   798   783   918     0 
  588   711   398   374   437   303   413   939   418   595   281   376   708   434   604   544   741   224   542   404   397    62   709   318   746   804     0   308    25   481   418   785   549   862   702   458    67   510   299   662  1022   188   477   336   101   440   869     0 
  304   658   203   189   130   224   149   787   154   288   173   122   531   217   297   255   481   322   510   171   295   353   435   381   629   825   308     0   287   510   114   679   370   644   396   263   368   313   510   484   978   224   471   122   407   152   581     0 
  564   691   374   349   417   279   389   915   393   573   256   351   684   409   582   527   716   206   522   390   393    71   685   300   724   789    25   287     0   464   395   763   524   837   679   448    92   485   297   638  1004   164   458   321   120   416   845     0 
  551   249   359   353   582   286   450   543   451   651   337   437   402   381   656   728   581   258   104   681   778   449   597   164   343   330   481   510   464     0   532   359   334   582   715   771   529   356   304   377   543   334    59   626   490   498   757     0 
  196   639   179   179    51   259    89   722    91   178   219    95   466   172   187   196   379   392   510   199   359   458   328   431   585   827   418   114   395   532     0   637   317   556   284   289   480   258   589   421   951   303   484   188   514    56   468     0 
  536   134   477   491   684   500   551   187   548   665   544   564   209   469   665   807   443   569   262   832   974   769   495   487    54   331   785   679   763   359   637     0   321   322   675   925   844   380   663   236   324   603   329   800   820   583   602     0 
  239   340   171   191   363   247   232   418   229   361   271   249   166   153   363   489   250   380   260   513   662   555   263   342   268   551   549   370   524   334   317   321     0   315   399   605   615    59   551   118   639   363   275   486   614   262   424     0 
  379   439   469   493   587   562   495   244   490   494   582   525   180   439   490   664   203   692   481   749   914   870   270   642   290   652   862   644   837   582   556   322   315     0   455   831   929   353   849   214   603   677   529   744   929   501   307     0 
  164   730   378   395   272   497   309   684   306   109   474   343   466   345   100   254   254   649   656   396   559   740   189   662   622   948   702   396   679   715   284   675   399   455     0   448   764   362   848   441   998   573   658   429   798   269   227     0 
  453   916   453   444   247   486   374  1010   377   357   434   364   755   457   364   195   638   562   772    94   120   518   576   635   873  1088   458   263   448   771   289   925   605   831   448     0   492   546   728   711  1234   463   734   147   554   345   674     0 
  654   765   466   441   496   369   479  1001   484   656   348   442   774   501   665   596   808   277   596   448   418    81   776   368   807   846    67   368    92   529   480   844   615   929   764   492     0   577   312   728  1072   253   530   382    70   505   935     0 
  198   393   118   141   305   214   173   474   170   312   229   192   219    95   315   432   253   359   295   454   604   521   250   336   327   598   510   313   485   356   258   380    59   353   362   546   577     0   542   172   696   328   298   428   581   204   418     0 
  698   552   475   455   628   352   540   844   543   756   376   509   671   511   763   765   794   199   402   656   688   240   788   209   642   571   299   510   297   304   589   663   551   849   848   728   312   542     0   634   822   288   337   588   249   584   957     0 
  301   297   288   309   465   359   342   303   338   430   387   363    48   267   430   577   227   480   282   620   774   664   268   428   183   520   662   484   638   377   421   236   118   214   441   711   728   172   634     0   560   475   321   598   722   365   402     0 
  860   322   781   791  1000   776   863   370   860   989   825   870   531   779   989  1127   759   798   486  1139  1271   992   815   705   378   268  1022   978  1004   543   951   324   639   603   998  1234  1072   696   822   560     0   859   547  1101  1032   899   905     0 
  436   540   224   200   341   116   265   752   269   475   106   230   521   262   483   477   569   100   373   381   450   194   546   178   562   663   188   224   164   334   303   603   363   677   573   463   253   328   288   475   859     0   314   316   254   304   712     0 
  494   235   308   305   535   249   400   507   400   596   300   390   349   328   601   680   522   253    68   641   748   451   537   163   305   356   477   471   458    59   484   329   275   529   658   734   530   298   337   321   547   314     0   589   498   447   698     0 
  380   781   323   311   167   341   257   901   261   322   289   237   645   334   331   217   566   416   631    69   176   392   512   487   749   945   336   122   321   626   188   800   486   744   429   147   382   428   588   598  1101   316   589     0   436   243   639     0 
  678   733   476   452   536   368   502   984   507   692   357   465   767   513   701   646   821   251   565   504   485    60   794   335   786   798   101   407   120   490   514   820   614   929   798   554    70   581   249   722  1032   254   498   436     0   533   957     0 
  153   590   139   146   101   239    48   666    47   172   208    75   410   124   180   236   330   384   467   255   415   474   283   411   530   783   440   152   416   498    56   583   262   501   269   345   505   204   584   365   899   304   447   243   533     0   432     0 
  281   694   490   513   473   613   456   552   452   321   606   494   404   453   312   481   177   767   674   615   782   898   169   753   558   918   869   581   845   757   468   602   424   307   227   674   935   418   957   402   905   712   698   639   957   432     0     0 
    0     0     0     0     0     0     0     0     0     0     0     0     0     0     0     0     0     0     0     0     0     0     0     0     0     0     0     0     0     0     0     0     0     0     0     0     0     0     0     0     0     0     0     0     0     0     0     0 
