DIMENSION: 37
N: 15
M: 10
K: 2

SERVICE: 
217 133 211 203 342 286 141 301 284 345 378 170 144 302 159 

DIST MATRIX: 
    0   226   554   218   499    97   371   807   376   136   107   348   159   408   221   233   262   319   146   152   522   101   117   516   153   275   322   181   354   224   916   276   204   347   149   493   270     0 
  328     0   271   379   551   261    75   480   578   320   305   144   201   538   142   243   408   476   387   492   323   259   327   528   501   333   620   441   273   487   642   212   491   256   264   667   359     0 
  622   540     0   671   674   651   453   460   822   660   663   403   588   736   527   546   677   720   720   853   608   659   676   623   870   587   930   764   467   799   698   496   817   462   677   864   768     0 
  238   487   552     0   144   414   613  1021    86   295   332   429   420    24   443   313   159    90   261   343   843   443   307   195   370   219   257   234   309   210  1194   340   244   321   520   115   668     0 
   60   189   384   108     0   142   322   751   310    73    90   190   125   288   146    44   142   213   131   265   546   171    91   344   284    96   356   179   159   221   905    94   232   153   245   408   399     0 
  388   156   332   436   625     0     6   434   638   367   345   221   235   605   185   306   469   539   433   522   246   277   370   604   528   400   664   487   348   535   577   282   535   332   258   732   320     0 
  413   245   210   465   594   371     0   402   656   419   408   190   310   602   249   326   488   551   486   598   343   371   429   562   610   405   716   538   317   582   593   284   590   302   375   735   456     0 
  858   609   730   901  1104   713   483     0  1104   820   791   695   684  1082   651   781   939  1010   880   929   257   691   818  1080   926   877  1098   932   825   981   177   761   972   809   630  1205   556     0 
   92   222   471    97   376   118   369   807     0    15    36   272   143   295   191   131   142   207    57   178   569   147    10   390   197   151   289   111   243   159   946   181   160   239   224   396   371     0 
  351   556   755   299   409   436   705  1143   179     0   366   583   477   287   527   436   289   255   279   228   890   457   341   460   243   379    49   225   499   178  1277   483   177   504   519   251   632     0 
  341   567   730   289   351   455   712  1145   127   352     0   571   488   233   533   428   269   221   289   272   911   478   352   405   291   358    98   236   474   187  1291   472   198   482   546   181   670     0 
  386   329    43   436   481   425   291   525   597   425   429     0   364   520   306   310   444   493   484   618   515   437   441   438   635   354   696   528   237   564   740   260   581   230   468   652   583     0 
   39   214   411    79   331   148   351   781   282    52    81   219     0   268   173    72   117   188   102   240   570   178    73   338   260    91   325   149   177   190   933   122   202   173   255   384   408     0 
  344   539   752   293   425   416   689  1128   196   331   350   575   460     0   512   428   288   262   264   201   868   436   325   475   214   376    33   211   497   167  1257   476   161   502   496   277   605     0 
  260   142   505   282   553    73   272   700   466   189   152   304   110   480     0   236   327   393   230   264   410    44   176   559   263   310   432   277   353   323   804   263   309   341    39   580   187     0 
   87   181   340   140   338   166   301   720   335   116   130   148   133   300   134     0   166   233   174   309   534   193   134   333   328    96   395   220   122   261   883    50   274   113   262   426   415     0 
   82   331   465    45   238   256   464   886   170   138   175   302   261   154   288   166     0    71   120   244   687   285   152   260   270    90   255   122   209   134  1047   204   163   215   363   267   513     0 
  153   402   510   113   195   324   533   951   106   205   242   363   332    89   359   233    71     0   173   271   758   353   217   231   298   147   231   154   256   142  1116   268   176   265   431   195   578     0 
  108   279   513    82   358   169   427   864   236    67    90   320   200   263   248   174   120   173     0   141   623   195    63   380   164   163   233    54   273   102  1002   224   104   271   269   351   410     0 
  249   367   649   216   467   236   516   954   285   193   192   450   291   353   350   309   244   271   141     0   674   249   177   499    27   303   181   122   414   133  1068   359   100   412   300   401   404     0 
  606   356   553   648   865   456   249   361   849   564   534   467   429   833   401   534   687   758   623   674     0   433   561   848   671   629   841   675   592   724   399   519   715   576   374   953   320     0 
  217   127   476   241   509    30   270   707   430   148   111   272    74   439   131   193   285   353   195   249   433     0   137   515   252   266   408   244   311   292   822   222   282   300    78   542   230     0 
  101   216   473   107   386   109   364   803   293    21    27   273   137   305   187   134   152   217    63   177   561   137     0   400   195   159   294   117   249   166   939   184   165   244   214   405   361     0 
  301   510   434   300    58   485   601   956   281   381   416   386   465   173   462   333   260   231   380   499   848   515   400     0   526   249   449   378   256   373  1155   332   407   272   590   264   744     0 
  272   374   668   241   494   243   522   959   310   212   207   467   300   380   361   328   270   298   164    27   671   252   195   526     0   327   197   149   436   160  1067   378   126   433   297   425   393     0 
   59   276   376    90   247   236   395   805   252   139   171   216   220   206   230    96    90   147   163   303   629   266   159   249   327     0   343   190   121   216   975   122   239   126   341   334   495     0 
  311   509   719   260   401   388   658  1097   173   300   319   542   430   277   481   395   255   231   233   181   841   408   294   449   197   343     0   179   464   134  1229   442   130   468   470   264   584     0 
  143   333   555   100   348   220   481   918   195   121   143   368   254   240   302   220   122   154    54   122   675   244   117   378   149   190   179     0   307    49  1056   270    53   308   315   313   451     0 
  166   268   256   209   280   287   345   718   360   229   249   131   244   290   221   122   209   256   273   414   592   311   249   256   436   121   464   307     0   337   906    91   358    16   375   423   524     0 
  178   381   589   128   337   268   529   965   157   168   192   408   302   220   350   261   134   142   102   133   724   292   166   373   160   216   134    49   337     0  1105   309    34   339   362   275   494     0 
  965   724   763  1013  1185   841   583   239  1215   939   913   775   803  1180   761   883  1047  1116  1002  1068   399   822   939  1155  1067   975  1229  1056   906  1105     0   854  1100   890   770  1309   715     0 
  132   180   290   184   346   199   277   684   372   166   176   100   153   325   132    50   204   268   224   359   519   222   184   332   378   122   442   270    91   309   854     0   323    78   284   455   432     0 
  195   379   608   149   371   260   528   967   187   171   189   421   300   254   352   274   163   176   104   100   715   282   165   407   126   239   130    53   358    34  1100   323     0   360   348   304   474     0 
  166   253   251   212   296   276   328   704   370   224   242   115   232   302   206   113   215   265   271   412   576   300   244   272   433   126   468   308    16   339   890    78   360     0   362   436   510     0 
  294   140   510   318   586   108   252   673   505   225   189   314   131   517   168   262   363   431   269   300   374    78   214   590   297   341   470   315   375   362   770   284   348   362     0   619   154     0 
  348   597   661   307   206   514   727  1137   118   396   431   544   527   133   554   426   267   195   351   401   953   542   405   264   425   334   264   313   423   275  1309   455   304   436   619     0   761     0 
  447   266   626   468   739   260   316   667   645   375   338   447   282   666   307   415   513   578   410   404   320   230   361   744   393   495   584   451   524   494   715   432   474   510   154   761     0     0 
    0     0     0     0     0     0     0     0     0     0     0     0     0     0     0     0     0     0     0     0     0     0     0     0     0     0     0     0     0     0     0     0     0     0     0     0     0     0 
