DIMENSION: 47
N: 15
M: 15
K: 2

SERVICE: 
318 395 85 77 343 324 256 452 281 175 189 141 456 68 131 

DIST MATRIX: 
    0   749   926   534   432  1059   702   888   872   282   406   688   324   810   575   610   528   726    92   401   736   207   273   431   165   746   287   691   386   409   541   530   772   141   439   903   511   129   371    90   505   919   975   759   537   545    65     0 
  449     0   407   142   203   615   273   375   402   272   232   382   323   397   106   558   195   237   435   539   216   439   262   189   378   309   407   187   182   326   539   182   505   442   657   387   539   401   182   512   151   550   479   365   300   191   473     0 
  732   415     0   364   473   427   305    94   240   590   507   458   614   341   293   747   399   186   761   809   111   752   584   464   702   295   706   179   484   591   757   388   556   761   930    86   770   727   492   836   395   496   225   355   496   382   799     0 
  467   495   479     0   256   716   248   457   500   198   276   476   344   500   208   458   279   335   395   439   285   357   247   242   314   290   315   282   211   224   437   268   599   418   558   466   436   344   200   447    65   510   570   467   207   280   416     0 
  564   137   296   456     0   290   500   228   109   585   371   191   472    71   232   883   246   125   682   872   265   749   504   342   667   512   732   179   389   660   870   243   277   654   988   254   872   679   406   793   476   747   232    76   619   228   744     0 
  508    46   469   578   358     0   654   400   253   643   375    85   451   125   335   997   277   289   684   949   432   796   525   365   700   671   796   334   420   753   973   283   102   639  1058   426   969   703   441   812   591   913   371   102   739   268   758     0 
  913   864   592   379   705   958     0   625   758   561   728   872   793   825   594   347   704   630   779   541   492   634   682   690   665   244   553   578   663   417   403   691   994   828   636   613   434   702   652   763   388   118   754   816   291   698   761     0 
  993   782   395   470   744   772   297     0   611   717   775   815   867   713   580   637   703   539   932   799   403   838   788   730   835   254   765   507   726   623   682   690   922   960   907   431   709   869   723   955   496   199   561   723   487   690   938     0 
  621   164   506   690   485   254   749   441     0   769   501   210   574   179   449  1113   402   374   809  1073   514   923   651   492   827   761   922   427   547   875  1093   408   150   761  1184   465  1090   830   567   938   705   995   373   193   852   392   884     0 
  315   431   549   229   125   706   396   509   505     0   134   392   191   465   198   563   191   351   290   482   362   335   113   113   252   436   328   313    65   302   526   187   507   292   590   525   516   268    49   382   216   662   600   421   340   202   337     0 
  123   381   719   537   216   709   691   658   573   431     0   309   143   469   382   857   264   486   355   725   576   529   273   230   423   728   566   484   252   594   808   276   359   289   809   682   791   408   265   494   528   966   696   417   653   282   438     0 
  303   201   522   433   142   523   558   459   372   434   152     0   227   276   218   822   100   290   459   744   398   578   303   153   479   588   587   298   207   565   789   113   244   416   847   484   780   480   228   587   436   834   494   223   581   108   533     0 
  549   133   303   445   326   306   493   235   124   569   355   182     0    80   217   871   229   119   665   857   261   734   487   326   651   506   717   171   373   647   857   226   274   638   973   261   859   663   390   777   464   743   246    73   607   211   727     0 
  616   162   278   496   397   238   525   209    63   636   426   228   526     0   280   921   300   155   736   919   284   801   558   396   720   532   781   212   443   706   912   297   294   709  1036   235   915   733   460   847   518   761   187   105   657   282   798     0 
  439   418   434   128   202   644   275   403   430   244   228   401   313   424     0   535   207   266   412   511   241   410   243   187   350   313   378   216   172   299   514   196   524   422   629   415   513   375   169   485   133   549   508   390   280   206   447     0 
  808   953   826   426   688  1143   447   835   926   428   696   934   715   950   664     0   733   767   599   232   664   403   585   675   481   470   328   710   627   264    74   724  1056   668   300   832   108   515   609   528   408   465   964   922   264   737   548     0 
  338   240   459   335    97   531   459   403   348   367   126   203   232   284   123   733     0   228   436   672   313   523   261    97   432   489   520   220   149   481   704    13   323   409   781   425   698   440   168   552   340   735   461   235   486    19   501     0 
  566   245   233   343   315   381   375   175   165   505   348   277   456   196   152   767   228     0   636   774   143   672   454   309   601   387   644    57   343   558   759   219   384   622   893   197   763   619   356   733   366   625   249   190   503   209   688     0 
  253   658   839   463   340   967   634   799   780   220   315   599   237   718   485   599   436   636     0   413   651   206   182   340   120   678   272   602   295   371   535   439   687    76   473   815   508    85   280   139   436   866   884   668   488   454    83     0 
  651   910   894   447   602  1154   546   884   939   310   598   874   584   931   640   232   672   774   413     0   708   207   459   592   308   582   161   720   537   219   159   666   988   487   121   889   124   333   516   313   417   655  1005   893   327   681   346     0 
  636   387   194   261   375   482   242   177   271   480   409   413   514   335   196   664   313   143   651   708     0   642   475   365   591   248   598   104   380   488   667   300   525   654   829   182   677   616   386   725   291   482   302   332   405   297   688     0 
  447   762   837   400   438  1039   549   811   833   167   427   716   391   801   524   403   523   672   206   207   642     0   277   431   107   592    82   626   376   220   335   520   821   280   280   822   306   127   356   130   368   735   918   756   356   536   145     0 
  234   494   660   323   168   792   495   618   600   158   151   442   130   545   303   585   261   454   182   459   475   277     0   164   176   537   298   421   114   323   535   262   544   179   553   635   519   179    99   291   302   752   703   496   400   277   240     0 
  271   332   532   311    15   628   461   481   442   282    45   285   151   381   171   675    97   309   340   592   365   431   164     0   337   498   435   288    55   415   638    99   396   316   696   501   629   343    76   455   307   737   551   332   443   114   404     0 
  343   668   784   373   342   957   538   752   757   119   327   618   285   713   449   481   432   601   120   308   591   107   176   337     0   582   156   559   283   252   419   430   720   187   387   765   394    37   264   134   343   756   850   667   375   446   104     0 
  751   625   366   216   512   718    44   388   515   464   540   640   625   582   370   470   489   387   678   582   248   592   537   498   582     0   524   337   485   384   494   476   759   708   699   380   514   616   480   705   242   247   520   574   255   480   686     0 
  496   759   791   345   444  1019   482   771   808   153   439   719   423   788   501   328   520   644   272   161   598    82   298   435   156   524     0   594   380   143   263   515   831   342   262   780   238   188   359   212   313   656   884   746   280   530   223     0 
  554   289   244   286   296   437   322   197   220   459   330   310   438   250   119   710   220    57   602   720   104   626   421   288   559   337   594     0   314   503   702   209   425   594   840   215   707   580   325   692   310   579   293   238   446   203   650     0 
  267   386   557   285    64   678   446   511   486   227    69   340   142   432   195   627   149   343   295   537   380   376   114    55   283   485   380   314     0   365   588   148   451   280   641   529   577   292    21   405   276   717   590   384   404   164   355     0 
  552   712   676   228   427   939   344   665   723   169   433   684   453   723   431   264   481   558   371   219   488   220   323   415   252   384   143   503   365     0   224   473   804   429   340   670   216   289   346   346   198   516   785   688   137   487   344     0 
  752   931   839   417   651  1139   466   841   922   377   655   906   665   935   645    74   704   759   535   159   667   335   535   638   419   494   263   702   588   224     0   695  1027   605   235   841    35   451   569   457   394   520   969   904   262   709   480     0 
  348   244   449   323   101   530   446   393   344   362   132   211   239   284   109   724    13   219   439   666   300   520   262    99   430   476   515   209   148   473   695     0   332   413   776   415   690   440   167   552   328   722   455   237   475    16   502     0 
  482   141   570   647   387   395   738   501   354   678   395   124   450   227   406  1056   323   384   687   988   525   821   544   396   720   759   831   425   451   804  1027   332     0   633  1092   528  1020   718   472   821   656  1003   469   201   804   319   765     0 
  180   617   836   491   313   934   664   791   757   267   283   554   189   685   475   668   409   622    76   487   654   280   179   316   187   708   342   594   280   429   605   413   633     0   549   809   580   155   270   210   467   909   867   633   537   427   156     0 
  723  1020  1015   568   705  1273   664  1005  1058   415   698   981   671  1046   756   300   781   893   473   121   829   280   553   696   387   699   262   840   641   340   235   776  1092   549     0  1010   202   404   620   350   538   753  1125  1006   446   791   396     0 
  762   390    43   442   508   349   390    26   184   657   542   444   650   303   334   832   425   197   815   889   182   822   635   501   765   380   780   215   529   670   841   415   528   809  1010     0   853   788   539   899   472   571   141   329   580   406   859     0 
  731   928   853   422   640  1144   483   852   927   361   643   901   648   936   644   108   698   763   508   124   677   306   519   629   394   514   238   707   577   216    35   690  1020   580   202   853     0   425   557   426   398   551   978   903   274   704   451     0 
  320   673   809   405   347   969   572   774   772   153   329   620   275   723   467   515   440   619    85   333   616   127   179   343    37   616   188   580   292   289   451   440   718   155   404   788   425     0   273   114   376   793   869   675   412   455    72     0 
  271   406   566   276    85   696   440   522   502   206    87   361   146   450   206   609   168   356   280   516   386   356    99    76   264   480   359   325    21   346   569   167   472   270   620   539   557   273     0   387   264   709   604   403   389   182   338     0 
  390   783   918   502   458  1082   662   886   886   249   438   728   372   836   580   528   552   733   139   313   725   130   291   455   134   705   212   692   405   346   457   552   821   210   350   899   426   114   387     0   471   862   982   787   480   568    56     0 
  528   546   480    32   321   747   198   467   530   224   341   533   406   543   256   408   340   366   436   417   291   368   302   307   343   242   313   310   276   198   394   328   656   467   538   472   398   376   264   471     0   450   588   514   148   339   447     0 
  977   867   543   434   751   919   277   587   733   646   777   885   854   816   617   465   735   625   866   655   482   735   752   737   756   247   656   579   717   516   520   722  1003   909   753   571   551   793   709   862   450     0   710   814   382   726   855     0 
  792   347   168   559   555   211   528   132   124   751   587   415   693   248   402   964   461   249   884  1005   302   918   703   551   850   520   884   293   590   785   969   455   469   867  1125   141   978   869   604   982   588   710     0   292   707   442   938     0 
  525    61   371   497   329   301   560   302   168   595   353   123   446    53   259   922   235   190   668   893   332   756   496   332   667   574   746   238   384   688   904   237   201   633  1006   329   903   675   403   787   514   814   292     0   660   221   736     0 
  634   694   579   163   457   880   218   579   663   270   473   681   520   687   404   264   486   503   488   327   405   356   400   443   375   255   280   446   404   137   262   475   804   537   446   580   274   412   389   480   148   382   707   660     0   486   473     0 
  357   229   441   333   115   515   451   384   330   378   145   198   251   268   110   737    19   209   454   681   297   536   277   114   446   480   530   203   164   487   709    16   319   427   791   406   704   455   182   568   339   726   442   221   486     0   518     0 
  336   730   880   476   407  1032   642   845   839   223   385   674   316   785   536   548   501   688    83   346   688   145   240   404   104   686   223   650   355   344   480   502   765   156   396   859   451    72   338    56   447   855   938   736   473   518     0     0 
    0     0     0     0     0     0     0     0     0     0     0     0     0     0     0     0     0     0     0     0     0     0     0     0     0     0     0     0     0     0     0     0     0     0     0     0     0     0     0     0     0     0     0     0     0     0     0     0 
