DIMENSION: 27
N: 15
M: 5
K: 2

SERVICE: 
74 13 384 76 121 182 306 179 76 134 242 656 293 384 137 

DIST MATRIX: 
    0   704   759   535   159   667   335   535   638   419   494   263   702   588   224   768   297   125   714   703   783   637   253   945  1169   480   190     0 
  724     0   219   439   666   300   520   262    99   430   476   515   209   148   473   193   407   577   124   215   361   126   448   367   538   502   796     0 
 1056   323     0   687   988   525   821   544   396   720   759   831   425   451   804   352   735   907   338   429   509   407   778   314   366   765  1118     0 
  668   409   622     0   487   654   280   179   316   187   708   342   594   280   429   602   361   489   318   600   748   287   396   408   934   156   600     0 
  300   781   893   473     0   829   280   553   696   387   699   262   840   641   340   894   381   254   756   842   948   685   350   942  1294   396    69     0 
  832   425   197   815   889     0   822   635   501   765   380   780   215   529   670   227   643   761   538   209    64   531   664   740   398   859  1003     0 
  108   698   763   508   124   677     0   519   629   394   514   238   707   577   216   771   286   113   702   708   794   626   243   928  1173   451   163     0 
  515   440   619    85   333   616   127     0   343    37   616   188   580   292   289   607   232   337   381   584   724   323   258   539   978    72   450     0 
  609   168   356   280   516   386   356    99     0   264   480   359   325    21   346   339   272   445   145   330   478    69   316   394   705   338   647     0 
  528   552   733   139   313   725   130   291   455     0   705   212   692   405   346   721   308   362   487   696   835   433   321   617  1090    56   408     0 
  408   340   366   436   417   291   368   302   307   343     0   313   310   276   198   374   176   295   390   310   410   320   192   653   775   447   536     0 
  465   735   625   866   655   482   735   752   737   756   247     0   579   717   516   654   561   532   816   574   544   756   541  1082   968   855   709     0 
  964   461   249   884  1005   302   918   703   551   850   520   884     0   590   785   265   750   882   569   289   188   580   776   728   264   938  1123     0 
  922   235   190   668   893   332   756   496   332   667   574   746   238     0   688   161   630   793   316   241   307   355   667   437   303   736  1022     0 
  264   486   503   488   327   405   356   400   443   375   255   280   446   404     0   515   180   192   526   445   521   452   159   784   912   473   428     0 
  779   201    34   620   776   173   666   438   287   590   413   642    77   325   562     0   514   665   313    80   181   316   546   518   402   675   902     0 
  340   414   513   309   264   461   194   247   343   195   399   137   461   291    77   514     0   174   417   463   579   341    44   653   914   295   392     0 
  179   585   659   422   135   582   233   411   516   303   446   153   604   465   105   665   174     0   590   605   700   514   130   820  1067   376   242     0 
  753   113   341   359   657   421   483   206    83   382   575   498   333   126   491   313   417   590     0   339   485    76   461   266   616   433   787     0 
  710   227    58   607   722    98   629   426   294   563   333   596     6   320   505    80   463   605   339     0   149   323   492   569   467   654   845     0 
  777   371   148   752   827   119   757   573   443   701   335   716   155   469   607   181   579   700   485   149     0   473   601   699   428   795   942     0 
  677   123   338   314   583   394   416   143    30   318   520   425   317    49   415   316   341   514    76   323   473     0   385   333   658   381   714     0 
  296   456   544   339   230   482   198   290   386   221   396   127   490   335    34   546    44   130   461   492   601   385     0   697   948   316   356     0 
  993   354   551   479   861   662   663   410   348   556   839   702   563   380   730   518   653   820   266   569   699   333   697     0   678   562   985     0 
 1176   538   410   971  1177   520  1054   799   635   968   761  1038   466   686   964   402   914  1067   616   467   428   658   948   678     0  1039  1304     0 
  548   501   688    83   346   688   145   240   404   104   686   223   650   355   344   675   295   376   433   654   795   381   316   562  1039     0   450     0 
  247   802   898   524   130   824   324   587   722   429   675   289   843   667   340   902   392   242   787   845   942   714   356   985  1304   450     0     0 
    0     0     0     0     0     0     0     0     0     0     0     0     0     0     0     0     0     0     0     0     0     0     0     0     0     0     0     0 
