DIMENSION: 37
N: 15
M: 10
K: 2

SERVICE: 
99 251 65 260 150 184 221 136 204 170 220 144 383 196 317 

DIST MATRIX: 
    0   591   820   359   624   537   600   388   678   584   624  1207   428   390   699   998   344   256   479   435   196   441   280   332   171  1258   245   274   641   368    47   591   173   271   235   178   468     0 
  286     0   465     1   305   272   262    86   331   229   318   887   110   291   420   720   215   198   266   216   189   268   340    81   218   953   116   141   491   145   372   337   395   302   317   242   202     0 
  786   321     0   501   311   433   287   482   207   276   335   499   444   665   381   492   626   651   510   512   684   557   786   546   706   594   615   605   631   531   874   438   881   751   781   732   457     0 
  522    28   285     0   296   365   229   286   227   143   326   765   264   372   432   676   335   451   413   385   418   443   495   277   478   849   375   395   615   357   613   411   601   462   494   458   337     0 
  674   465   325   432     0   173   217   354   232   304   124   509   322   712    13   293   641   453   232   273   602   278   770   511   537   551   495   438   248   345   741   118   804   733   744   658   246     0 
  323   319   461   109   253     0   233    35   313   238   256   839    65   395   344   648   317   142   162   110   248   160   423   184   203   895   140    99   384    39   397   247   450   387   393   303   110     0 
  328   298   447    94   246   187     0    14   300   220   251   833    49   384   344   647   306   160   173   123   248   176   419   172   216   891   144   112   397    59   404   251   452   382   390   303   114     0 
  201   331   551    88   376   319   341     0   413   315   384   962   173   280   478   781   202   147   292   239   114   278   289    92   138  1023    33    97   507   158   286   383   320   253   257   169   245     0 
  590   407   329   349    98    89   161   270     0   247    67   586   239   633    75   378   560   371   156   191   517   205   687   429   454   633   410   354   243   260   657    48   719   649   659   573   161     0 
  575    73   258   313   316   397   251   336   231     0   347   741   311   413   446   672   382   503   452   427   471   485   542   330   532   829   429   448   645   405   666   438   651   510   543   510   377     0 
  368   251   395    99   209   177   174    42   250   166     0   795    16   384   322   622   310   214   188   145   279   204   438   178   267   857   185   165   411   106   449   242   486   401   414   334   114     0 
 1114   802   511   856   550   614   601   787   557   668   539     0   751  1113   451   161  1051   895   673   715  1036   716  1194   930   979   117   932   880   593   786  1183   559  1242  1157  1172  1092   686     0 
  186   594   780   346   561   459   551   345   632   553   556  1131     0   465   617   907   404   181   392   355   242   348   382   348   127  1175   231   222   528   303   173   506   296   364   335   253   397     0 
  180   512   803   366   672   626   626   440   686   576   684  1250   473     0   783  1085   203   401   596   544   197   575    47   294   323  1318   308   380   800   462   215   690   103    75    50   145   552     0 
  397   213   358   115   194   189   147    84   218   125   210   772    54   383     0   612   313   256   214   178   303   237   450   187   305   839   217   206   433   149   480   250   510   413   430   357   137     0 
  968   702   445   720   419   466   477   646   450   554   403   274   612   991   304     0   924   742   519   564   895   560  1060   798   828   278   788   731   432   638  1032   407  1098  1022  1035   950   539     0 
  245   310   607   214   505   487   450   301   501   388   522  1067   323    79   629   924     0   344   479   427   162   474   160   134   303  1141   224   298   701   349   330   551   278   128   164   166   417     0 
  241   445   602   200   381   283   371   172   452   380   376   955   207   421   445   742   344     0   223   180   211   188   397   238    88  1003   120    58   403   123   292   335   377   366   356   257   218     0 
  456   421   450   267   202    79   228   181   304   286   184   740   171   556   226   519   479   223     0    53   399    50   581   345   310   783   288   220   225   134   515   114   590   545   547   453    77     0 
  407   390   456   217   214   104   225   132   305   268   203   776   129   505   265   564   427   180    53     0   346    59   528   294   265   823   236   170   275    82   469   156   540   492   495   401    55     0 
  104   399   652   189   489   432   450   250   520   416   497  1074   286   227   591   895   162   211   399   346     0   378   187   141   148  1136   110   183   605   265   196   495   207   155   149    56   357     0 
  426   449   498   269   251   129   273   186   350   323   234   787   188   552   272   560   474   188    50    59   378     0   563   342   276   827   269   195   229   125   479   161   562   529   527   430   109     0 
  195   470   765   339   644   605   595   417   653   541   658  1218   448   149   759  1060   160   397   581   528   187   563     0   264   325  1288   294   370   791   446   246   670   146    37    47   142   532     0 
  246   259   517    81   381   353   332   167   393   284   395   956   190   211   499   798   134   238   345   294   141   342   264     0   226  1025   124   184   568   218   336   418   336   226   245   186   283     0 
  154   467   661   219   454   365   436   225   515   430   453  1036   264   373   528   828   303    88   310   265   148   276   325   226     0  1087   105   105   488   197   205   421   290   298   282   184   297     0 
 1218   877   573   953   648   721   693   887   641   754   640   104   851  1200   559   278  1141  1003   783   823  1136   827  1288  1025  1087     0  1035   986   710   892  1289   669  1343  1251  1269  1192   791     0 
  184   363   575   117   390   323   359   149   434   340   395   976   187   301   484   788   224   120   288   236   110   269   294   124   105  1035     0    77   497   155   264   385   310   260   259   165   249     0 
  237   388   559   142   350   266   332   123   412   331   350   933   161   376   429   731   298    58   220   170   183   195   370   184   105   986    77     0   421    94   303   325   370   336   332   235   194     0 
  643   628   566   492   340   251   396   405   448   475   309   697   395   779   254   432   701   403   225   275   605   229   791   568   488   710   497   421     0   352   683   208   779   757   754   656   297     0 
  330   356   481   146   259   172   248    73   330   265   257   839    95   427   335   638   349   123   134    82   265   125   446   218   197   892   155    94   352     0   398   232   461   410   413   320   100     0 
   91   595   837   373   650   569   623   411   698   601   652  1235   450   368   732  1032   330   292   515   469   196   479   246   336   205  1289   264   303   683   398     0   625   128   242   203   165   498     0 
  561   426   374   337   133    65   188   253   243   269   104   626   228   626   111   407   551   335   114   156   495   161   670   418   421   669   385   325   208   232   625     0   693   633   640   550   138     0 
  136   579   853   395   695   632   657   455   725   619   703  1281   492   290   794  1098   278   377   590   540   207   562   146   336   290  1343   310   370   779   461   128   693     0   159   117   153   559     0 
  180   438   730   302   606   568   558   380   616   504   620  1181   411   132   722  1022   128   366   545   492   155   529    37   226   298  1251   260   336   757   410   242   633   159     0    42   115   495     0 
  149   471   757   317   622   576   577   390   638   528   634  1201   423   174   733  1035   164   356   547   495   149   527    47   245   282  1269   259   332   754   413   203   640   117    42     0    99   502     0 
   79   438   701   242   544   487   504   305   572   467   553  1129   341   216   647   950   166   257   453   401    56   430   142   186   184  1192   165   235   656   320   165   550   153   115    99     0   413     0 
  429   344   402   203   165    74   170   117   251   215   158   739    99   493   236   539   417   218    77    55   357   109   532   283   297   791   249   194   297   100   498   138   559   495   502   413     0     0 
    0     0     0     0     0     0     0     0     0     0     0     0     0     0     0     0     0     0     0     0     0     0     0     0     0     0     0     0     0     0     0     0     0     0     0     0     0     0 
