DIMENSION: 47
N: 15
M: 15
K: 2

SERVICE: 
278 62 567 203 365 122 430 140 299 30 314 161 210 118 343 

DIST MATRIX: 
    0   395   533   387   566   478   529   702   530   729    93   655   423   562   529   580   409   267   679   659   125   631   517   439   599   129   574   224   440   446   594   395   648   695   780   255   609   630   441   731   263   357   393   457   337   355   702     0 
  101     0   436    69   718   543   209   700   703   705   380   654   480   429   405   857   238    97   672   850   237   733   492   333   652   483   712   152   378   638   846   234   301   647   967   235   848   666   394   780   452   719   228   100   593   716   732     0 
  365   261     0   260   935   742   223   840   931   830   657   800   686   535   527  1115   405   375   812  1076   515   926   654   495   830   761   925   428   550   877  1095   410   154   765  1186   464  1093   833   570   941   707   995   371   194   854   992   887     0 
  273   318   705     0   978   812   412   972   959   975   577   926   749   692   671  1082   508   332   944  1105   418  1001   765   604   924   647   976   385   650   888  1081   505   424   916  1225   273  1088   939   667  1052   692   843   133   293   820   835  1004     0 
  476   397    59   510     0   168   376   260   378   267   422   214   143   111    91   622   206   408   231   509   442   333    57   109   233   529   348   379    65   358   576   208   488   215   606   594   561   236    56   347   305   754   655   441   419   762   295     0 
  533   462   110   572   310     0   443   199   328   213   444   152   123   160   149   581   272   464   172   452   484   268    11   175   166   542   291   431   125   321   531   272   554   171   545   645   513   169   109   280   306   755   713   507   400   764   230     0 
  424   396   204   487   300   127     0   334   293   359   287   287    63   251   222   504   236   359   310   439   345   314   151   171   247   386   293   314   127   247   470   229   558   326   552   518   462   271   112   381   156   605   606   455   277   614   343     0 
  771   670   287   790   437   340   601     0   478    94   706   163   374   295   316   740   484   704   142   544   743   341   271   395   262   801   412   679   365   512   674   490   675    93   590   894   647   226   357   240   560  1000   945   698   626  1011   199     0 
  418   464   405   513   334   273   552   501     0   535   139   458   234   449   418   396   372   371   482   433   279   404   350   347   386   196   343   314   320   216   391   360   683   515   554   457   399   420   309   512    48   402   580   531   132   411   490     0 
  746   666   282   781   316   248   624    21   359     0   634    65   297   310   321   619   475   677    42   422   693   218   223   379   148   717   291   644   335   400   552   478   717    88   472   857   524   111   321   125   475   902   925   705   522   914    77     0 
  118    86   369   151   632   460   219   625   618   633     0   578   396   369   342   776   175    60   597   765   191   649   416   262   571   425   628    89   302   553   763   167   336   578   882   254   764   587   317   700   369   668   289   152   513   667   654     0 
  772   725   375   828   173   222   715   153   222   197   592     0   286   418   416   466   539   706   166   256   687    67   282   444   108   652   149   662   391   286   396   538   823   242   307   864   365   106   371    63   422   802   954   774   421   816    90     0 
  546   451    64   568   394   213   403   215   416   209   507   177     0    91   100   672   262   479   187   533   523   339    90   170   233   613   374   455   143   412   620   266   500   148   619   669   602   222   140   320   385   835   721   486   489   843   265     0 
  403   322    89   434   415   217   311   335   420   341   382   289   171     0    85   648   132   335   307   559   380   396   129    36   301   496   401   310    22   387   610   133   430   287   662   524   599   308    42   420   292   730   580   367   423   737   370     0 
  789   696   309   814   399   324   636   104   442    62   702   139   366   325     0   701   507   721   116   499   750   299   275   414   231   791   374   693   379   483   634   512   717    99   540   907   605   194   368   190   549   982   966   729   603   994   154     0 
  813   856   680   910   303   459   926   600   264   646   507   582   481   733   711     0   733   767   599   232   664   403   585   675   481   470   328   710   627   264    74   724  1056   668   300   832   108   515   609   528   408   465   964   922   264   483   548     0 
  292   191   198   307   530   337   195   465   528   467   369   420   282   195   168   733     0   228   436   672   313   523   261    97   432   489   520   220   149   481   704    13   323   409   781   425   698   440   168   552   340   735   461   235   486   739   501     0 
   68   130   417   143   646   485   275   664   628   675   283   616   421   422   393   767   228     0   636   774   143   672   454   309   601   387   644    57   343   558   759   219   384   622   893   197   763   619   356   733   366   625   249   190   503   623   688     0 
  704   628   246   741   297   209   590    28   336    54   592    24   256   278   286   599   436   636     0   413   651   206   182   340   120   678   272   602   295   371   535   439   687    76   473   815   508    85   280   139   436   866   884   668   488   878    83     0 
  832   832   561   913   144   343   865   406   147   451   570   401   391   612   599   232   672   774   413     0   708   207   459   592   308   582   161   720   537   219   159   666   988   487   121   889   124   333   516   313   417   655  1005   893   327   672   346     0 
  158   271   469   266   595   468   410   677   567   697   159   629   406   488   456   664   313   143   651   708     0   642   475   365   591   248   598   104   380   488   667   300   525   654   829   182   677   616   386   725   291   482   302   332   405   480   688     0 
  737   703   377   800   106   190   707   201   154   247   538   194   253   424   417   403   523   672   206   207   642     0   277   431   107   592    82   626   376   220   335   520   821   280   280   822   306   127   356   130   368   735   918   756   356   750   145     0 
  522   451   102   561   316   126   433   210   333   223   437   163   121   153   141   585   261   454   182   459   475   277     0   164   176   537   298   421   114   323   535   262   544   179   553   635   519   179    99   291   302   752   703   496   400   761   240     0 
  376   288   109   402   448   251   276   368   452   372   381   323   202   124    91   675    97   309   340   592   365   431   164     0   337   498   435   288    55   415   638    99   396   316   696   501   629   343    76   455   307   737   551   332   443   742   404     0 
  668   617   273   721   181   123   609   128   217   171   509   101   185   319   314   481   432   601   120   308   591   107   176   337     0   582   156   559   283   252   419   430   720   187   387   765   394    37   264   134   343   756   850   667   375   769   104     0 
  405   510   576   513   510   469   635   698   468   731   121   654   427   614   581   470   489   387   678   582   248   592   537   498   582     0   524   337   485   384   494   476   759   708   699   380   514   616   480   705   242   247   520   574   255   250   686     0 
  706   689   400   778    25   184   710   272    72   318   481   256   238   451   438   328   520   644   272   161   598    82   298   435   156   524     0   594   380   143   263   515   831   342   262   780   238   188   359   212   313   656   884   746   280   671   223     0 
  113   173   396   200   595   440   307   629   575   643   229   582   376   407   376   710   220    57   602   720   104   626   421   288   559   337   594     0   314   503   702   209   425   594   840   215   707   580   325   692   310   579   293   238   446   578   650     0 
  411   337    93   447   393   196   331   323   398   331   373   277   150   130    98   627   149   343   295   537   380   376   114    55   283   485   380   314     0   365   588   148   451   280   641   529   577   292    21   405   276   717   590   384   404   724   355     0 
  614   625   417   698   127   199   676   380    84   423   355   350   218   469   447   264   481   558   371   219   488   220   323   415   252   384   143   503   365     0   224   473   804   429   340   670   216   289   346   346   198   516   785   688   137   530   344     0 
  809   839   634   902   238   410   898   534   205   580   514   519   439   686   667    74   704   759   535   159   667   335   535   638   419   494   263   702   588   224     0   695  1027   605   235   841    35   451   569   457   394   520   969   904   262   538   480     0 
  284   189   203   303   525   333   203   467   522   471   355   422   276   203   175   724    13   219   439   666   300   520   262    99   430   476   515   209   148   473   695     0   332   413   776   415   690   440   167   552   328   722   455   237   475   725   502     0 
  402   255   448   319   844   647   131   713   847   698   643   678   598   409   407  1056   323   384   687   988   525   821   544   396   720   759   831   425   451   804  1027   332     0   633  1092   528  1020   718   472   821   656  1003   469   201   804  1002   765     0 
  690   599   211   716   367   248   545    92   403    66   613    87   281   231   246   668   409   622    76   487   654   280   179   316   187   708   342   594   280   429   605   413   633     0   549   809   580   155   270   210   467   909   867   633   537   920   156     0 
  952   947   654  1031   252   446   972   460   265   502   691   467   500   703   694   300   781   893   473   121   829   280   553   696   387   699   262   840   641   340   235   776  1092   549     0  1010   202   404   620   350   538   753  1125  1006   446   771   396     0 
  140   294   609   211   777   643   444   842   749   857   327   794   580   617   588   832   425   197   815   889   182   822   635   501   765   380   780   215   529   670   841   415   528   809  1010     0   853   788   539   899   472   571   141   329   580   563   859     0 
  815   839   618   905   213   394   892   506   186   553   526   493   428   670   652   108   698   763   508   124   677   306   519   629   394   514   238   707   577   216    35   690  1020   580   202   853     0   425   557   426   398   551   978   903   274   569   451     0 
  687   628   269   735   213   152   611    90   252   134   540    69   210   312   310   515   440   619    85   333   616   127   179   343    37   616   188   580   292   289   451   440   718   155   404   788   425     0   273   114   376   793   869   675   412   806    72     0 
  424   355    97   463   373   175   352   308   378   319   370   261   130   140   110   609   168   356   280   516   386   356    99    76   264   480   359   325    21   346   569   167   472   270   620   539   557   273     0   387   264   709   604   403   389   716   338     0 
  800   741   374   849   236   257   719   118   284   154   639   144   319   412   415   528   552   733   139   313   725   130   291   455   134   705   212   692   405   346   457   552   821   210   350   899   426   114   387     0   471   862   982   787   480   876    56     0 
  419   448   359   508   307   227   525   456   277   489   170   412   186   404   374   408   340   366   436   417   291   368   302   307   343   242   313   310   276   198   394   328   656   467   538   472   398   376   264   471     0   450   588   514   148   459   447     0 
  631   751   806   740   636   661   881   881   587   920   367   843   633   847   815   465   735   625   866   655   482   735   752   737   756   247   656   579   717   516   520   722  1003   909   753   571   551   793   709   862   450     0   710   814   382    18   855     0 
  182   287   658   168   885   732   418   912   861   921   457   865   668   655   630   964   461   249   884  1005   302   918   703   551   850   520   884   293   590   785   969   455   469   867  1125   141   978   869   604   982   588   710     0   292   707   702   938     0 
  201    67   423   126   754   568   126   696   746   694   466   653   508   404   387   922   235   190   668   893   332   756   496   332   667   574   746   238   384   688   904   237   201   633  1006   329   903   675   403   787   514   814   292     0   660   812   736     0 
  549   594   477   645   263   290   673   501   217   542   253   465   279   526   499   264   486   503   488   327   405   356   400   443   375   255   280   446   404   137   262   475   804   537   446   580   274   412   389   480   148   382   707   660     0   396   473     0 
  627   750   813   735   651   672   881   893   602   932   370   855   643   854   822   483   739   623   878   672   480   750   761   742   769   250   671   578   724   530   538   725  1002   920   771   563   569   806   716   876   459    18   702   812   396     0   868     0 
  756   691   320   801   248   224   664    65   293   107   612    88   282   356   360   548   501   688    83   346   688   145   240   404   104   686   223   650   355   344   480   502   765   156   396   859   451    72   338    56   447   855   938   736   473   868     0     0 
    0     0     0     0     0     0     0     0     0     0     0     0     0     0     0     0     0     0     0     0     0     0     0     0     0     0     0     0     0     0     0     0     0     0     0     0     0     0     0     0     0     0     0     0     0     0     0     0 
