DIMENSION: 37
N: 15
M: 10
K: 2

SERVICE: 
224 289 314 199 415 112 374 191 432 223 315 221 354 436 241 

DIST MATRIX: 
    0   742   447   468   373   571   391   650   387   211   553   427   461   412   202   499   636   728   470   800   714   917   748   708   775   568    49   750   561   582   570   929   557   751   591   357  1020     0 
  812     0   643   640   870   578   735   586   735   924   629   726   572   660   928   622   817   278   620   813   919   718   511   301   704   582   957   329   446   802   466   709   560   255   820   781   118     0 
   93   658     0   333   248   435   254   624   249    99   416   289   398   279    92   468   504   631   433   667   589   780   710   615   637   535   119   676   455   449   451   792   424   646   459   219   907     0 
  370   278   197     0   426   178   288   477   287   475   225   284   269   210   480   388   448   215   359   522   565   526   492   216   426   404   538   336    74   412    18   528   146   199   432   333   445     0 
  467   452   243   224     0   121   312   690   315   529   152   284   478   279   536   601   305   374   570   327   410   311   697   389   222   618   657   520   288   293   205   314   136   324   310   358   455     0 
  289   375    94    97   324     0   186   532   186   382   145   182   293   112   388   419   366   316   384   464   485   500   564   314   380   450   471   427   149   324    85   505    79   301   344   232   535     0 
  482   898   442   429   267   453     0  1018   378   403   402   356   762   452   412   876   219   834   836   332   178   504  1071   836   394   927   611   951   672   223   602   522   479   805   205   355   970     0 
  607   145   545   558   755   561   621     0   618   736   607   633   279   538   737   261   830   221   276   902   948   880   131   197   800   203   687    74   319   790   400   878   529   287   811   654   484     0 
  544   938   489   474   329   487   427  1071     0   468   436   406   815   503   476   931   232   871   892   313   157   486  1121   875   390   981   675   993   715   251   642   504   515   838   231   412   989     0 
  143   591   344   367   352   466   314   513   309     0   460   352   310   306   217   358   591   578   326   745   687   840   605   558   701   426   103   598   417   535   436   850   446   605   548   296   877     0 
  322   780   316   310   109   364   234   871   237   246     0   227   615   317   255   724   227   723   685   388   269   543   931   721   408   779   454   827   550   191   491   559   381   704   187   205   903     0 
  144   433   172   196   302   283   192   461   187   270   290     0   207   138   271   315   469   404   276   603   581   671   527   388   540   369   292   458   228   415   237   679   258   419   433   206   685     0 
  657    87   551   559   775   538   636   319   634   783   588   640     0   553   784   371   807   156   378   857   923   812   248   149   750   323   765    69   317   775   382   808   509   208   795   675   359     0 
  481   873   422   408   266   424   360  1004   365   412   373   339   748     0   421   865   180   807   825   292   139   463  1054   810   353   914   620   928   649   190   577   481   451   776   171   347   935     0 
  338   843   382   379   154   444   293   908   295   234   395   294   655   376     0   757   310   790   718   466   334   625   975   785   493   815   435   885   612   277   560   641   458   776   272   255   984     0 
  424   333   459   481   616   531   504   156   500   549   560   529   126   435   546     0   768   367    39   882   884   911   248   338   799    69   451   302   317   718   396   914   498   425   737   521   686     0 
  448   723   309   288   266   270   284   894   289   428   223   250   644   335   438   768     0   652   730   166   119   315   930   659   185   808   623   784   511    56   431   332   302   614    46   295   757     0 
  545    79   408   413   637   384   497   380   496   664   434   497   298   415   667   367   652     0   357   701   767   664   349    30   596   344   680   152   182   621   232   661   356    67   641   540   321     0 
  386   331   421   443   577   496   465   192   461   511   524   490    92   397   509    39   730   357     0   846   846   878   279   328   764   102   422   309   289   680   365   882   463   412   698   482   678     0 
  604   778   433   409   432   353   432   994   437   594   322   395   756   466   603   882   166   701   846     0   157   173  1014   715   110   913   785   846   593   219   508   191   387   651   212   452   733     0 
  544   840   426   406   342   387   391  1013   396   503   342   360   761   450   512   884   119   767   846   157     0   329  1049   775   237   926   707   901   630   167   549   347   420   727   148   394   851     0 
  705   744   501   477   565   391   529  1001   534   720   382   492   787   538   729   911   315   664   878   173   329     0  1002   684   143   930   895   815   600   356   516    18   421   604   356   560   622     0 
  654   275   632   648   826   666   699   109   695   783   708   716   321   619   782   248   930   349   279  1014  1049  1002     0   324   916   179   700   205   422   887   506  1001   632   416   907   726   607     0 
  531    64   405   411   632   390   492   352   491   652   439   494   272   409   655   338   659    30   328   715   775   684   324     0   611   314   660   132   174   626   233   682   360    95   646   533   349     0 
  564   674   368   343   423   268   388   902   393   577   250   351   673   404   587   799   185   596   764   110   237   143   916   611     0   825   753   742   499   218   413   156   301   543   221   418   625     0 
  486   297   500   520   671   561   554    92   550   612   594   576   166   480   610    69   808   344   102   913   926   930   179   314   825     0   520   255   330   760   414   932   526   407   779   574   655     0 
  192   694   414   436   365   538   366   603   361   208   524   402   412   378   199   451   623   680   422   785   707   895   700   660   753   520     0   701   516   568   528   906   522   705   578   335   975     0 
  601    73   512   522   731   514   594   259   591   728   561   601   289   510   729   302   784   152   309   846   901   815   205   132   742   255   701     0   279   747   353   813   482   216   768   630   412     0 
  366   231   234   243   459   245   320   403   318   483   288   324   201   236   486   317   511   182   289   593   630   600   422   174   499   330   516   279     0   471    86   602   211   191   492   360   460     0 
  391   690   260   240   214   237   228   847   233   375   187   195   595   283   385   718    56   621   680   219   167   356   887   626   218   760   568   747   471     0   394   371   266   588    20   239   748     0 
  358   296   179   181   409   162   271   489   270   460   208   267   274   194   465   396   431   232   365   508   549   516   506   233   413   414   528   353    86   394     0   519   129   216   415   316   458     0 
  716   741   510   486   579   397   540  1002   545   734   391   504   791   547   743   914   332   661   882   191   347    18  1001   682   156   932   906   813   602   371   519     0   427   601   372   573   611     0 
  333   424   110    94   315    34   191   607   193   405    79   171   372   145   412   498   302   356   463   387   420   421   632   360   301   526   522   482   211   266   129   427     0   327   286   239   529     0 
  557   143   396   396   625   352   487   447   486   669   403   482   344   409   673   425   614    67   412   651   727   604   416    95   543   407   705   216   191   588   216   601   327     0   607   532   275     0 
  405   710   279   260   220   257   244   867   249   383   207   212   614   302   392   737    46   641   698   212   148   356   907   646   221   779   578   768   492    20   415   372   286   607     0   252   765     0 
  153   590   139   146   101   239    48   666    47   172   208    75   410   124   180   521   295   540   482   452   394   560   726   533   418   574   335   630   360   239   316   573   239   532   252     0   763     0 
  815   358   624   617   844   540   715   672   716   917   589   700   617   647   922   686   757   321   678   733   851   622   607   349   625   655   975   412   460   748   458   611   529   275   765   763     0     0 
    0     0     0     0     0     0     0     0     0     0     0     0     0     0     0     0     0     0     0     0     0     0     0     0     0     0     0     0     0     0     0     0     0     0     0     0     0     0 
