DIMENSION: 47
N: 15
M: 15
K: 2

SERVICE: 
278 62 567 203 365 122 430 140 299 30 314 161 210 118 343 

DIST MATRIX: 
    0   395   533   387   566   478   529   702   530   729    93   655   423   562   529   300   299   113   348   387   370   308   609   501   349   359   119   313   423   265   456   235   325   444   276   310   225   758   363   641   617    97   301   639   422   355   555     0 
  101     0   436    69   718   543   209   700   703   705   380   654   480   429   405    71   312   475    20   271   228   450   877   183   110   146   302   239   183   272   229   398   686   186   128   456   484   921   112   282   270   452    99   277   298   716   288     0 
  365   261     0   260   935   742   223   840   931   830   657   800   686   535   527   346   543   753   294   421   421   693  1131   192   335   354   577   464   298   516   353   655   964   277   391   699   751  1130   324    24    92   730   360     8   464   992   270     0 
  273   318   705     0   978   812   412   972   959   975   577   926   749   692   671   327   577   623   290   165   500   702  1107   122   382   418   514   509   103   532   487   640   826    90   387   707   704  1183   383   277   210   616   365   301   569   835    41     0 
  476   397    59   510     0   168   376   260   378   267   422   214   143   111    91   397   198   556   423   687   212   250   624   610   331   294   378   223   622   241   246   289   700   626   345   254   388   543   329   616   648   513   358   591   144   762   724     0 
  533   462   110   572   310     0   443   199   328   213   444   152   123   160   149   456   237   573   485   744   275   248   580   675   393   357   411   277   683   284   313   302   700   688   402   251   389   480   393   683   715   530   417   659   209   764   788     0 
  424   396   204   487   300   127     0   334   293   359   287   287    63   251   222   361   112   416   402   629   216   101   513   603   319   290   261   183   589   158   296   145   551   598   301   106   240   501   324   652   668   373   324   632   188   614   708     0 
  771   670   287   790   437   340   601     0   478    94   706   163   374   295   316   689   497   833   707   981   502   503   726   875   615   578   674   523   904   541   500   563   944   905   641   504   640   515   610   838   885   791   650   808   429  1011   993     0 
  418   464   405   513   334   273   552   501     0   535   139   458   234   449   418   390   209   233   442   587   337   106   418   637   391   378   177   278   588   217   434    77   348   604   336   104    37   528   403   734   731   193   367   722   349   411   719     0 
  746   666   282   781   316   248   624    21   359     0   634    65   297   310   321   668   447   753   695   957   484   420   604   878   602   565   613   490   893   495   506   488   845   897   614   421   551   398   600   866   905   711   629   838   414   914   994     0 
  118    86   369   151   632   460   219   625   618   633     0   578   396   369   342    33   227   423    65   325   155   365   796   268    49    82   233   156   257   187   185   316   631   264    46   371   407   836    62   353   350   394    15   343   228   667   371     0 
  772   725   375   828   173   222   715   153   222   197   592     0   286   418   416   704   459   692   741   978   536   377   447   938   652   618   593   522   934   507   584   452   746   942   645   375   482   234   654   955   984   653   666   930   477   816  1047     0 
  546   451    64   568   394   213   403   215   416   209   507   177     0    91   100   464   282   641   485   756   277   328   670   660   392   355   463   299   683   323   286   373   781   684   416   332   469   551   388   645   684   598   425   618   204   843   777     0 
  403   322    89   434   415   217   311   335   420   341   382   289   171     0    85   323   148   518   348   614   137   244   655   535   255   219   328   154   546   183   177   264   679   550   272   249   372   603   254   548   576   476   283   524    69   737   649     0 
  789   696   309   814   399   324   636   104   442    62   702   139   366   325     0   708   503   826   730  1000   521   493   686   904   637   600   676   536   928   549   529   557   925   930   658   494   627   465   634   876   920   783   669   846   449   994  1021     0 
   85    95   401   129   653   485   240   655   637   664   311   608   421   402   375     0   250   412    53   292   187   382   807   250    81   115   232   182   229   206   217   328   622   238    60   388   413   858    92   351   341   386    39   344   260   655   348     0 
  313   292   234   377   406   238   351   432   393   450   234   384   174   266   233   250     0   370   292   519   131   150   590   495   215   190   181    80   477    48   226   133   540   487   189   156   245   609   222   556   567   329   214   539   142   594   597     0 
  391   507   601   500   552   505   637   733   510   765   137   689   460   636   603   412   370     0   461   481   463   333   542   612   456   463   206   402   530   346   554   271   211   552   384   332   210   730   471   755   730    43   411   752   505   244   661     0 
   97    59   421    87   698   524   210   683   684   689   363   637   461   416   391    53   292   461     0   281   211   430   858   203    93   130   284   220   198   252   218   379   671   203   108   436   465   901    97   299   289   436    79   293   282   703   307     0 
  211   332   694   216   901   756   467   943   875   954   459   895   692   694   667   292   519   481   281     0   479   621   992   230   369   405   411   467   124   471   499   551   674   144   342   625   594  1104   376   409   351   481   331   425   553   678   206     0 
  270   189   215   297   515   326   220   472   509   478   330   426   267   220   190   187   131   463   211   479     0   280   719   402   118    83   257    63   409   124    97   261   651   414   142   286   371   713   118   436   455   425   148   416    73   700   514     0 
  430   438   305   510   280   172   500   400   257   432   217   356   128   352   323   382   150   333   430   621   280     0   440   632   361   339   218   229   600   179   371    75   453   613   322     6   141   483   369   705   712   291   351   689   272   516   727     0 
  836   874   682   931   290   459   938   586   257   632   534   571   485   734   714   807   590   542   858   992   719   440     0  1055   797   778   592   669  1004   616   807   480   460  1021   751   434   402   301   807  1143  1145   525   781  1128   700   521  1137     0 
  226   214   597   124   901   724   291   868   886   869   540   824   662   580   562   250   495   612   203   230   402   632  1055     0   286   320   468   421   108   455   376   578   822    86   310   638   656  1104   284   179   127   597   282   196   466   841   118     0 
  166    78   328   179   618   438   181   590   608   595   339   544   376   325   299    81   215   456    93   369   118   361   797   286     0    37   258   137   291   182   136   320   660   295    73   367   419   820    15   345   352   425    52   331   189   700   396     0 
  200   107   291   215   590   406   178   554   581   559   340   508   345   289   262   115   190   463   130   405    83   339   778   320    37     0   260   111   328   164   107   305   663   332    90   345   408   791    36   366   378   429    81   350   152   706   431     0 
  245   319   415   345   494   378   437   595   465   619    81   548   319   443   410   232   181   206   284   411   257   218   592   468   258   260     0   198   412   146   348   144   403   429   190   221   190   695   272   583   571   170   219   575   304   447   544     0 
  256   214   241   306   482   304   275   476   471   488   268   429   241   258   225   182    80   402   220   467    63   229   669   421   137   111   198     0   412    62   159   201   588   420   125   235   310   684   143   477   488   364   144   460   110   638   527     0 
  171   236   619   115   877   714   355   881   857   887   476   835   650   611   588   229   477   530   198   124   409   600  1004   108   291   328   412   412     0   432   408   538   736    24   288   605   602  1082   295   287   233   520   268   302   480   750   133     0 
  266   259   271   335   447   285   335   479   432   497   210   431   221   297   264   206    48   346   252   471   124   179   616   455   182   164   146    62   432     0   221   142   527   443   146   185   249   651   191   527   533   306   173   512   159   579   554     0 
  302   172   223   294   587   391   136   497   587   494   423   455   338   205   186   217   226   554   218   499    97   371   807   376   136   107   348   159   408   221     0   357   746   407   196   377   468   779   126   371   402   517   186   347   112   793   493     0 
  367   395   339   455   351   243   476   469   324   498   146   423   191   380   348   328   133   271   379   551   261    75   480   578   320   305   144   201   538   142   357     0   415   552   271    78   112   553   331   665   666   228   301   651   273   474   667     0 
  602   715   753   711   581   605   840   825   532   864   324   787   577   795   763   622   540   211   671   674   651   453   460   822   660   663   403   588   736   527   746   415     0   759   590   449   312   715   675   966   941   236   618   963   681    70   864     0 
  186   235   621   116   889   723   346   886   870   890   495   839   659   611   589   238   487   552   203   144   414   613  1021    86   295   332   429   420    24   443   407   552   759     0   298   619   619  1094   297   265   210   541   275   282   483   773   115     0 
  131   130   355   189   593   426   253   601   577   612   270   554   362   362   332    60   189   384   108   342   142   322   751   310    73    90   190   125   288   146   196   271   590   298     0   328   361   797    88   399   395   354    31   389   215   628   408     0 
  435   444   310   516   275   173   506   401   252   433   218   357   130   357   328   388   156   332   436   625   286     6   434   638   367   345   221   235   605   185   377    78   449   619   328     0   138   479   376   711   718   290   357   695   278   513   732     0 
  434   490   442   533   346   303   583   531   307   566   137   489   268   486   455   413   245   210   465   594   371   141   402   656   419   408   190   310   602   249   468   112   312   619   361   138     0   534   431   760   754   172   392   749   385   375   735     0 
  912   897   589   986   205   388   914   386   230   428   667   394   446   637   629   858   609   730   901  1104   713   483   301  1104   820   791   695   684  1082   651   779   553   715  1094   797   479   534     0   825  1147  1168   699   823  1125   667   783  1205     0 
  176    72   324   181   624   441   166   589   614   593   353   543   380   319   294    92   222   471    97   376   118   369   807   284    15    36   272   143   295   191   126   331   675   297    88   376   431   825     0   336   345   439    67   321   186   715   396     0 
  365   270   587   258   951   759   243   860   945   851   662   821   702   556   547   351   556   755   299   409   436   705  1143   179   345   366   583   477   287   527   371   665   966   265   399   711   760  1147   336     0    71   733   368    32   481   993   251     0 
  339   274   623   230   968   781   284   898   959   892   647   857   722   597   585   341   567   730   289   351   455   712  1145   127   352   378   571   488   233   533   402   666   941   210   395   718   754  1168   345    71     0   711   365   100   508   963   181     0 
  373   479   559   481   517   463   605   692   476   723    96   647   417   594   561   386   329    43   436   481   425   291   525   597   425   429   170   364   520   306   517   228   236   541   354   290   172   699   439   733   711     0   382   729   465   277   652     0 
  122   100   363   163   619   448   229   616   604   624   300   569   384   365   337    39   214   411    79   331   148   351   781   282    52    81   219   144   268   173   186   301   618   275    31   357   392   823    67   368   365   382     0   358   222   655   384     0 
  366   259   560   261   930   737   216   833   926   823   655   794   681   528   520   344   539   752   293   425   416   689  1128   196   331   350   575   460   302   512   347   651   963   282   389   695   749  1125   321    32   100   729   358     0   458   992   277     0 
  343   253   141   367   474   279   248   403   475   407   369   358   226   149   118   260   142   505   282   553    73   272   700   466   189   152   304   110   480   159   112   273   681   483   215   278   385   667   186   481   508   465   222   458     0   735   580     0 
  627   750   813   735   651   672   881   893   602   932   370   855   643   854   822   655   594   244   703   678   700   516   521   841   700   706   447   638   750   579   793   474    70   773   628   513   375   783   715   993   963   277   655   992   735     0   874     0 
  301   327   714   220  1001   831   408   983   984   985   609   938   768   698   679   348   597   661   307   206   514   727  1137   118   396   431   544   527   133   554   493   667   864   115   408   732   735  1205   396   251   181   652   384   277   580   874     0     0 
    0     0     0     0     0     0     0     0     0     0     0     0     0     0     0     0     0     0     0     0     0     0     0     0     0     0     0     0     0     0     0     0     0     0     0     0     0     0     0     0     0     0     0     0     0     0     0     0 
