DIMENSION: 37
N: 15
M: 10
K: 2

SERVICE: 
318 231 131 268 316 143 335 279 175 130 185 104 300 207 356 

DIST MATRIX: 
    0   107   344   338   247   223   118   192   544   698   234   471   188   449   313    16   658   415   216   127   224   550   473   176   337   102   540   473   280   267   222   367   465   402   615   474   524     0 
  366     0   444   446   351   310   229   325   665   718   307   604   308   592   422   131   748   555   348   206   366   689   591   307   332   237   634   594   423   295   352   506   568   449   583   394   598     0 
  486   245     0   418    42    72   271   254   335   864   105   283   287   350   396   218   735   364    64   310   138   387   507    65   537   217   620   496   208   455   278   217   535   251   817   690   325     0 
  462   406   507     0   484   525   415   312   471   703   558   358   338   138   276   513   399    89   390   454   321   295   179   409   585   400   326   155   247   503   287   276   263   684   799   814   679     0 
  490   340   326   322     0   364   358   260   301   806   396   186   302    58   315   415   558   117   234   406   183   176   317   265   596   321   464   296   123   505   251    91   383   506   849   807   494     0 
  571   337    60   475    90     0   363   324   230   942   167   195   363   324   456   324   776   365   122   406   181   313   538   153   634   309   666   523   228   548   342   177   580   239   912   795   253     0 
  332   353   653   491   557   522     0   437   862   592   521   787   402   729   474   314   731   669   534   288   531   855   640   494   229   373   631   651   571   260   455   675   589   665   404   181   814     0 
  516   354   301   353   300   350   373     0   267   838   382   152   322    81   345   420   592   151   226   422   185   153   351   260   618   333   498   330   135   528   273    67   417   483   875   826   464     0 
  851   620   252   737   349   383   646   600     0  1217   388   278   642   497   722   597  1013   574   404   688   453   377   770   435   916   591   912   751   480   831   614   378   827   306  1195  1069   145     0 
  421   659  1034   563   944   935   634   672  1162     0   951  1054   630   885   571   726   506   792   870   599   819  1058   625   843   385   687   497   649   807   453   662   926   539  1121   165   416  1230     0 
  723   486   216   686   235   211   508   520   419  1105     0   443   545   594   664   401  1007   627   335   532   410   568   780   334   744   462   891   769   476   676   546   447   806    35  1016   838   197     0 
  718   504   203   584   281   331   529   464    38  1069   350     0   509   324   571   512   844   403   293   576   320   210   602   332   798   476   747   582   329   709   472   215   664   351  1072   976   254     0 
  365   379   577   179   532   564   379   291   582   572   596   467     0   251   197   499   277   165   433   407   358   421    49   440   492   381   195    25   292   420   261   363   134   742   682   724   763     0 
  316   176   358   175   299   325   189    85   439   657   356   330   124     0   159   278   478   153   199   234   125   354   248   200   417   165   365   239    83   327    72   202   279   509   675   629   555     0 
  435   562   820   332   768   793   553   493   828   442   823   714   483   495     0   684    62   413   668   564   593   656   224   668   547   575   137   239   534   510   464   612   205   979   635   761  1010     0 
  330   123   344   353   247   220   132   208   548   708   229   479   203   462   329     0   672   429   223   138   235   560   489   182   344   117   555   488   293   276   238   376   480   395   619   473   521     0 
  402   552   834   325   775   797   540   491   859   380   826   743   476   528   349   672     0   441   676   546   603   694   242   673   507   567   118   262   548   477   463   635   201   986   577   714  1028     0 
  420   328   425   234   396   436   339   235   418   705   469   302   267    94   234   429   441     0   301   382   231   269   201   319   537   318   349   179   158   451   214   201   272   599   772   761   604     0 
  449   217   168   363   100   135   242   205   329   822   168   256   243   291   343   223   676   301     0   287    75   347   445    41   513   188   562   434   144   427   226   168   476   311   792   683   368     0 
  192    73   441   240   348   336    49   149   610   572   353   520   116   441   217   138   546   382   287     0   260   574   387   253   228   100   430   392   287   147   168   399   362   523   507   407   632     0 
  400   188   234   294   175   208   212   147   352   764   240   260   190   236   275   235   603   231    75   260     0   326   371    88   479   162   490   359    73   389   162   144   404   386   752   666   433     0 
  667   504   357   495   394   448   525   432   202   973   476   126   476   175   490   560   694   269   347   574   326     0   464   386   771   482   614   440   287   680   426   183   540   534  1025   979   463     0 
  326   367   597   150   546   573   363   285   618   524   604   503   286   292   171   489   242   201   445   387   371   464     0   448   453   373   150    25   310   385   254   393    85   756   635   684   788     0 
  423   185   191   354   107   125   211   190   368   800   156   297   222   320   332   182   673   319    41   253    88   386   448     0   481   157   557   439   161   396   214   205   472   313   760   645   388     0 
  127   297   669   318   574   559   271   342   831   387   572   734   297   616   309   344   507   537   513   228   479   771   453   481     0   325   415   469   489    91   345   608   388   739   280   232   858     0 
  269    29   347   243   257   255    54    91   510   649   277   422    91   362   219   117   567   318   188   100   162   482   373   157   325     0   449   372   198   240   121   303   370   448   604   504   543     0 
  299   434   723   207   661   681   422   374   765   386   709   649   358   441   231   555   118   349   562   430   490   614   150   557   415   449     0   174   439   373   345   535    86   871   535   635   919     0 
  342   367   582   160   534   564   366   282   597   548   595   481   287   269   179   488   262   179   434   392   359   440    25   439   469   372   174     0   296   399   252   374   109   744   657   701   771     0 
  395   218   287   257   242   279   238   147   356   741   312   249   192   169   243   293   548   158   144   287    73   287   310   161   489   198   439   296     0   398   147   121   353   450   754   692   480     0 
   76   211   586   241   494   482   185   251   741   433   498   644   206   527   228   276   477   451   427   147   389   680   385   396    91   240   373   399   398     0   254   517   330   668   364   311   779     0 
  248   121   393   140   320   336   127    31   501   603   363   396    54   277   118   238   463   214   226   168   162   426   254   214   345   121   345   252   147   254     0   268   262   527   607   557   593     0 
  516   327   235   370   234   286   350   266   238   856   317   129   311   147   358   376   635   201   168   399   144   183   393   205   608   303   535   374   121   517   268     0   451   416   874   805   404     0 
  263   358   637   127   575   596   349   291   683   440   625   568   279   366   152   480   201   272   476   362   404   540    85   472   388   370    86   109   353   330   262   451     0   785   552   617   833     0 
  712   473   183   667   211   194   496   501   383  1094   171   408   529   563   645   395   986   599   311   523   386   534   756   313   739   448   871   744   450   668   527   416   785     0  1013   842   171     0 
  360   575   948   538   854   837   549   610  1103   257   849  1002   565   860   538   619   577   772   792   507   752  1025   635   760   280   604   535   657   754   364   607   874   552  1013     0   253  1137     0 
  358   479   817   549   720   690   456   547  1011   485   693   926   505   834   538   473   714   761   683   407   666   979   684   645   232   504   635   701   692   311   557   805   617   842   253     0   987     0 
  811   570   200   728   285   301   596   573   275  1188   294   344   609   544   708   521  1028   604   368   632   433   463   788   388   858   543   919   771   480   779   593   404   833   171  1137   987     0     0 
    0     0     0     0     0     0     0     0     0     0     0     0     0     0     0     0     0     0     0     0     0     0     0     0     0     0     0     0     0     0     0     0     0     0     0     0     0     0 
