DIMENSION: 47
N: 15
M: 15
K: 2

SERVICE: 
74 705 379 27 260 128 387 104 67 334 122 301 326 101 97 

DIST MATRIX: 
    0   422   412   659   512   429   703   426   426   435   665   505   483   360   381   309   315   522   574   335   401   297   198    99   161   384   544   106   166   414   312   651   707   731   492   539   283   246   321   504   284   523   277   177   552    71   200     0 
  397     0   688   979   647   652  1005   668   733   663   969   812   804   584   596   634   641   832   794   530   651   522   345   383   404   659   857   411   378   613   489   948  1027   970   735   785   566   403   434   448   411   785   501   449   867   256   401     0 
   87   392     0   656   451   380   685   382   410   387   648   489   511   309   329   316   335   509   526   278   358   244   134   160   225   350   533   161   230   359   252   692   733   688   448   595   251   182   383   557   220   486   223   236   543    96   139     0 
  606   361   388     0   692   516   176   471   285   501   163   221   324   535   545   373   388   196   504   598   461   561   707   659   685   409   166   624   720   569   633   475   311   473   448   653   462   680   835  1080   707   386   572   637   146   750   646     0 
  221   237   215   558     0   174   543   185   299   184   510   368   525   104   122   301   352   391   321    75   167    39   141   336   403   186   421   319   419   152    72   741   727   490   252   712   126    97   578   764   124   301    17   394   438   302    83     0 
  410   289   262   618    72     0   551   174   384   143   528   427   670   133   112   453   512   451   216   114   188   166   275   524   591   249   481   508   606    78   133   895   849   392   208   892   266   214   764   938   194   275   180   583   503   474   246     0 
  541   437   462   230   781   599     0   555   339   587   364   323   139   592   609   314   291   305   638   642   534   593   695   555   560   472   284   523   595   642   667   253   129   655   558   440   478   687   679   923   723   512   595   509   262   674   640     0 
  276    94    76   417   303   133   400     0   161   128   367   225   434   105   124   222   284   249   250   158    73   118   280   383   443    46   279   355   468   161   191   659   615   392   158   677    60   242   626   839   265   183   130   418   297   399   218     0 
  332   161   182   255   497   316   310   273     0   306   272   119   250   305   323   116   163   127   381   356   250   309   435   399   437   187   143   364   470   357   384   476   415   454   290   544   198   415   607   845   447   262   315   395   147   476   375     0 
  131   360   344   649   384   325   662   333   394     0   627   472   538   254   272   328   358   493   471   216   312   189    70   225   291   314   520   221   298   299   186   731   757   639   400   652   222   114   451   620   152   444   168   299   532   155    73     0 
  470   175   201   161   505   328   160   283   119   313     0    40   342   349   358   266   309    24   330   413   273   380   537   546   587   225    31   512   620   381   450   552   437   345   263   666   292   504   757   996   527   206   392   545    54   613   475     0 
  292   162   137   496   224    85   461    90   244    91   431     0   516    22    46   299   358   326   230    76    75    57   234   407   471   113   356   384   491    86   114   740   700   396   157   743   112   183   651   849   197   208    77   454   376   391   178     0 
  735   717   741   500  1055   876   659   833   619   865   641   610     0   859   879   550   503   593   924   902   809   849   919   707   686   746   572   683   715   915   920   143   173   941   842   380   734   924   738   957   964   799   848   639   550   844   872     0 
  272   100    81   423   300   132   406   104   166   128   373   231   437     0   121   224   286   255   252   153    74   112   274   380   441    51   285   353   465   158   185   662   619   395   161   678    57   236   623   835   259   187   124   416   303   394   212     0 
  349   281   254   615   131   139   566   178   368   155   539   421   636   108     0   415   471   446   260    61   182   116   211   463   530   235   477   447   543    85    69   858   825   438   229   842   227   149   701   873   133   294   125   524   497   409   182     0 
  237   231   243   354   522   355   425   320   168   349   387   234   224   320   343     0    63   243   452   355   291   301   381   288   322   233   257   253   356   382   371   443   432   552   357   460   188   377   491   730   415   347   298   279   258   380   328     0 
  250   293   306   373   582   417   463   383   223   411   426   281   180   380   403    63     0   286   515   411   354   356   417   274   296   296   295   240   332   442   423   389   399   611   420   397   246   421   453   696   461   408   351   249   291   385   369     0 
  448   165   192   170   502   323   183   277    99   308   145    25   324   339   349   243   286     0   335   402   265   366   520   523   564   213    31   489   597   374   438   537   429   361   263   646   275   489   734   972   514   209   378   522    52   591   458     0 
  517   223   209   478   223   146   373   150   314   139   359   315   630   217   200   452   515   335     0   265   179   283   451   629   691   222   360   603   714   181   306   855   763   179    96   912   309   392   874  1078   388   126   304   668   383   621   402     0 
  296   238   212   571   186   124   534   151   318   137   505   377   577    66    69   355   411   402   265     0   146    55   186   411   478   188   432   394   493    85    43   798   769   441   213   782   168   127   653   834   129   272    66   469   452   370   142     0 
  340   101    74   434   247    66   389    30   196    58   360   240   494    80    85   291   354   265   179   146     0   131   308   451   513    63   296   425   536   110   187   721   663   331    91   749   130   259   695   903   271   134   150   490   317   453   250     0 
  251   207   184   535   238   136   512   147   277   145   480   342   523    65    85   301   356   366   283    55   131     0   178   366   432   156   396   346   450   118    75   744   719   451   214   727   115   129   610   800   148   264    21   420   415   339   122     0 
  201   374   354   683   334   307   680   324   423   318   646   498   597   239   251   381   417   520   451   186   308   178     0   294   359   324   549   291   363   271   148   796   813   625   390   722   246    62   513   667    89   442   158   369   563   206    62     0 
  115   451   448   641   594   491   707   480   433   494   669   510   423   425   448   288   274   523   629   411   451   366   294     0    67   422   541    35    85   484   395   570   645   774   541   442   324   337   245   459   377   562   348    79   545   140   287     0 
  182   506   504   669   661   555   747   541   478   557   709   552   424   490   513   322   296   564   691   478   513   432   359    67     0   480   579    88    35   550   462   545   640   832   601   394   384   403   183   409   443   619   414    51   580   186   354     0 
  318    51    30   383   310   130   357    89   135   120   324   189   431   127   140   233   296   213   222   188    63   156   324   422   480     0   244   393   506   171   225   659   600   352   127   693   101   283   663   879   304   140   171   452   264   443   263     0 
  470   195   222   139   531   353   169   307   126   338   131    55   316   370   380   257   295    31   360   432   296   396   549   541   579   244     0   506   613   404   468   522   406   375   291   642   303   518   746   986   543   235   408   536    24   614   487     0 
   98   420   417   606   578   467   672   453   399   469   634   475   393   403   426   253   240   489   603   394   425   346   291    35    88   393   506     0   114   463   381   547   616   745   514   434   296   329   270   491   370   532   329    78   509   161   277     0 
  199   534   531   704   675   576   780   565   510   579   742   585   458   509   532   356   332   597   714   493   536   450   363    85    35   506   613   114     0   568   475   574   674   858   626   412   409   412   160   378   450   646   431    86   614   176   365     0 
  369   211   185   542   142    55   483    98   306    71   457   350   595    64    40   382   442   374   181    85   110   118   271   484   550   171   404   463   568     0   125   821   771   359   144   829   198   211   728   916   207   210   138   536   426   453   227     0 
  282   276   251   607   200   167   575   194   351   181   545   413   594   108   113   371   423   438   306    43   187    75   148   395   462   225   468   381   475   125     0   812   793   483   256   783   189    87   632   806    86   315    73   458   487   341   113     0 
  606   637   658   484   962   787   640   747   541   778   615   550   227   762   783   443   389   537   855   798   721   744   796   570   545   659   522   547   574   821   812     0   197   897   766   250   631   807   597   819   848   732   740   499   502   708   754     0 
  647   566   591   326   910   728   486   683   467   716   468   448   224   720   737   432   399   429   763   769   663   719   813   645   640   600   406   616   674   771   793   197     0   770   686   434   604   809   734   971   846   638   721   590   383   774   760     0 
  668   329   328   451   388   318   305   307   389   307   309   351   685   387   373   552   611   361   179   441   331   451   625   774   832   352   375   745   858   359   483   897   770     0   240   998   451   568  1014  1230   566   213   473   802   395   784   573     0 
  431   130   114   421   245    91   343    68   225    76   321   240   540   152   144   357   420   263    96   213    91   214   390   541   601   127   291   514   626   144   256   766   686   240     0   817   218   337   784   994   342    67   235   576   314   544   336     0 
  521   690   703   653   964   810   793   779   611   806   760   650   333   765   789   460   397   646   912   782   749   727   722   442   394   693   642   434   412   829   783   250   434   998   817     0   631   751   381   581   793   802   717   363   628   578   696     0 
  217   141   129   437   336   182   440   160   178   180   405   252   409   135   158   188   246   275   309   168   130   115   246   324   384   101   303   296   409   198   189   631   604   451   218   631     0   219   566   779   249   241   118   360   318   343   184     0 
  233   334   312   655   274   250   640   271   395   262   607   465   599   185   195   377   421   489   392   127   259   129    62   337   403   283   518   329   412   211    87   807   809   568   337   751   219     0   565   726    42   391   112   407   534   263    55     0 
  360   687   686   822   832   736   915   724   654   739   877   724   540   670   692   491   453   734   874   653   695   610   513   245   183   663   746   270   160   728   632   597   734  1014   784   381   566   565     0   246   602   801   591   214   744   312   521     0 
  563   910   905  1067  1000   934  1155   930   887   940  1117   961   784   864   885   730   696   972  1078   834   903   800   667   459   409   879   986   491   378   916   806   819   971  1230   994   581   779   726   246     0   755  1019   780   451   986   465   693     0 
  275   355   331   681   247   252   658   280   422   266   627   490   638   193   198   415   461   514   388   129   271   148    89   377   443   304   543   370   450   207    86   848   846   566   342   793   249    42   602   755     0   401   136   448   561   295    97     0 
  458   117   115   359   311   155   276   121   194   140   254   189   508   208   204   347   408   209   126   272   134   264   442   562   619   140   235   532   646   210   315   732   638   213    67   802   241   391   801  1019   401     0   284   589   259   581   384     0 
  233   222   199   546   252   158   527   167   287   166   495   354   522    87   106   298   351   378   304    66   150    21   158   348   414   171   408   329   431   138    73   740   721   473   235   717   118   112   591   780   136   284     0   404   425   318   101     0 
  176   474   475   622   654   536   704   519   439   537   666   511   373   474   498   279   249   522   668   469   490   420   369    79    51   452   536    78    86   536   458   499   590   802   576   363   360   407   214   451   448   589   404     0   535   217   355     0 
  478   216   243   120   554   375   173   329   140   361   136    77   299   390   401   258   291    52   383   452   317   415   563   545   580   264    24   509   614   426   487   502   383   395   314   628   318   534   744   986   561   259   425   535     0   622   502     0 
  144   484   472   730   537   475   770   477   494   483   733   573   550   404   424   380   385   591   621   370   453   339   206   140   186   443   614   161   176   453   341   708   774   784   544   578   343   263   312   465   295   581   318   217   622     0   228     0 
  180   312   292   621   312   256   618   268   362   266   584   435   548   186   202   328   369   458   402   142   250   122    62   287   354   263   487   277   365   227   113   754   760   573   336   696   184    55   521   693    97   384   101   355   502   228     0     0 
    0     0     0     0     0     0     0     0     0     0     0     0     0     0     0     0     0     0     0     0     0     0     0     0     0     0     0     0     0     0     0     0     0     0     0     0     0     0     0     0     0     0     0     0     0     0     0     0 
