DIMENSION: 37
N: 15
M: 10
K: 2

SERVICE: 
371 389 429 179 213 749 115 62 245 409 304 235 329 86 426 

DIST MATRIX: 
    0   423   438   306    43   187    75   148   395   462   225   468   381   475   125   354    58   137   177   123   770   127   573   380   108   212   347   249   582   491   958   115   442   382   566   113   564     0 
  443     0   537   855   798   721   744   796   570   545   659   522   547   574   821   772   794   688   668   730   354   686   689   787   713   617   606   606   874   835   190   705   872   915   791   754   305     0 
  432   399     0   763   769   663   719   813   645   640   600   406   616   674   771   668   761   687   681   736   532   668   536   677   686   582   670   633   981   927   189   700   752   811   643   760   229     0 
  552   611   361     0   441   331   451   625   774   832   352   375   745   858   359   158   427   536   581   567  1035   474   261   131   444   433   743   622  1047   957   959   522    42   123   169   573   593     0 
  357   420   263    96     0    91   214   390   541   601   127   291   514   626   144    97   199   297   342   328   838   235   330   124   204   205   507   386   807   718   870   282   198   175   311   336   469     0 
  460   397   646   912   782     0   727   722   442   394   693   642   434   412   829   852   782   646   612   675   106   667   837   873   702   628   491   540   682   662   426   667   966   986   928   696   436     0 
  188   246   275   309   168   130     0   246   324   384   101   303   296   409   198   295   163   114   144   164   637    67   451   323    83    29   292   171   612   525   770   115   410   391   477   184   376     0 
  377   421   489   392   127   259   129     0   337   403   283   518   329   412   211   434   141   122   141    77   727   152   642   461   154   246   286   211   496   405   964   109   526   468   643    55   584     0 
  491   453   734   874   653   695   610   513     0   183   663   746   270   160   728   856   660   511   463   510   290   562   946   883   600   581   287   403   307   309   786   532   974   956  1007   521   618     0 
  730   696   972  1078   834   903   800   667   459     0   879   986   491   378   916  1074   844   704   656   689   476   762  1184  1102   797   798   487   609   286   352  1004   722  1189  1160  1238   693   864     0 
  415   461   514   388   129   271   148    89   377   443     0   543   370   450   207   439   143   161   183   119   769   182   657   466   177   276   326   253   515   425  1003   146   525   461   652    97   620     0 
  347   408   209   126   272   134   264   442   562   619   140     0   532   646   210    55   258   336   377   373   831   273   264    83   248   221   533   412   847   759   825   325   174   185   252   384   430     0 
  298   351   378   304    66   150    21   158   348   414   171   408     0   431   138   330    70    80   128    95   709    54   530   358    42   142   304   194   575   485   885    59   431   385   535   101   493     0 
  279   249   522   668   469   490   420   369    79    51   452   536    78     0   536   644   474   325   281   338   323   367   734   671   405   372   129   210   392   340   686   347   763   750   792   355   432     0 
  258   291    52   383   452   317   415   563   545   580   264    24   509   614     0   285   440   430   449   481   684   383   212   294   384   289   538   440   883   805   572   432   373   428   299   502   201     0 
  399   459   240   106   310   181   309   487   617   674   194   262   587   701   239     0   296   386   429   422   883   324   246    29   296   276   587   466   898   809   856   374   119   144   214   430   468     0 
  350   407   390   252    14   132    55   199   417   484   177   421   399   500    74   296     0   150   197   155   777   115   517   323    82   180   373   263   630   539   932   128   386   330   509   153   533     0 
  255   300   388   375   145   206    99   134   268   334   204   416   249   351   217   386   150     0    48    52   633    63   563   415    94   143   224   114   512   423   843    22   495   457   582    75   463     0 
  250   286   411   422   191   251   147   132   221   287   242   437   204   304   265   429   197    48     0    64   594   107   595   458   141   172   176    73   470   382   829    69   539   504   620    86   462     0 
  304   345   439   399   146   240   116    82   273   340   248   467   260   352   228   422   155    52    64     0   655   105   609   450   126   193   224   135   481   390   889    51   525   480   623    24   514     0 
  485   424   695   933   775   762   722   691   400   341   711   695   400   352   831   883   777   633   594   655     0   664   896   907   700   639   451   522   596   586   532   655  1000  1010   980   674   504     0 
  244   297   338   316   115   144    60   183   318   382   144   367   295   402   170   324   115    63   107   105   664     0   504   352    38    95   278   160   575   485   831    54   433   398   520   121   440     0 
  455   498   213   347   531   386   513   686   732   775   361   204   698   808   473   246   517   563   595   609   896   504     0   233   489   423   717   606  1056   972   721   558   261   349   107   624   403     0 
  423   483   252   115   337   210   337   515   645   701   223   271   615   729   263    29   323   415   458   450   907   352   233     0   325   304   615   494   927   838   866   403    94   135   191   459   482     0 
  269   326   336   281    85   115    33   197   355   420   129   366   333   440   132   296    82    94   141   126   700    38   489   325     0   104   315   197   604   514   853    78   402   363   498   137   457     0 
  176   237   246   299   187   123   137   275   341   399    82   274   311   425   206   276   180   143   172   193   639    95   423   304   104     0   312   192   637   551   752   144   393   380   452   213   354     0 
  287   285   513   593   366   416   323   243    52   117   393   533    59   128   441   587   373   224   176   224   451   278   717   615   315   312     0   122   345   271   787   245   702   675   760   238   481     0 
  211   234   409   472   259   295   210   190   158   223   272   432   136   243   327   466   263   114    73   135   522   160   606   494   197   192   122     0   450   367   773   136   581   555   643   156   422     0 
  632   622   856   879   618   718   597   434   348   341   712   877   382   307   703   898   630   512   470   481   596   575  1056   927   604   637   345   450     0    91  1064   525  1005   959  1089   477   816     0 
  558   554   775   788   527   628   506   344   283   291   624   797   316   262   612   809   539   423   382   390   586   485   972   838   514   551   271   367    91     0  1024   435   915   868  1002   386   750     0 
  589   544   617   950   938   841   886   960   753   733   778   595   729   762   948   856   932   843   829   889   532   831   721   866   853   752   787   773  1064  1024     0   858   942  1000   828   913   404     0 
  270   316   389   358   123   193    79   131   289   355   197   417   271   372   196   374   128    22    69    51   655    54   558   403    78   144   245   136   525   435   858     0   480   440   573    69   475     0 
  517   576   335   139   399   289   410   583   734   792   312   351   704   818   318   119   386   495   539   525  1000   433   261    94   402   393   702   581  1005   915   942   480     0    96   181   531   567     0 
  527   589   384    83   342   261   364   528   712   774   301   405   686   797   257   144   330   457   504   480  1010   398   349   135   363   380   675   555   959   868  1000   440    96     0   277   482   611     0 
  519   568   285   298   523   385   516   693   781   830   378   285   748   861   453   214   509   582   620   623   980   520   107   191   498   452   760   643  1089  1002   828   573   181   277     0   635   498     0 
  328   369   458   402   142   250   122    62   287   354   263   487   277   365   227   430   153    75    86    24   674   121   624   459   137   213   238   156   477   386   913    69   531   482   635     0   537     0 
  213   197   232   554   540   437   490   592   468   482   375   219   435   517   545   468   533   463   462   514   504   440   403   482   457   354   481   422   816   750   404   475   567   611   498   537     0     0 
    0     0     0     0     0     0     0     0     0     0     0     0     0     0     0     0     0     0     0     0     0     0     0     0     0     0     0     0     0     0     0     0     0     0     0     0     0     0 
