DIMENSION: 37
N: 15
M: 10
K: 2

SERVICE: 
371 389 429 179 213 749 115 62 245 409 304 235 329 86 426 

DIST MATRIX: 
    0   423   438   306    43   187    75   148   395   462   225   468   381   475   125   317   107   487   345    18   499    84   701   622   198   224   219   524   229   142   577   308   668   779    38   113   601     0 
  443     0   537   855   798   721   744   796   570   545   659   522   547   574   821   668   712   582   589   800   443   864   117   500   692   689   623   459   793   712   837   518   268   517   795   754   920     0 
  432   399     0   763   769   663   719   813   645   640   600   406   616   674   771   727   706   452   650   784   543   859   173   639   635   625   581   334   829   670   946   538   416   688   767   760   773     0 
  552   611   361     0   441   331   451   625   774   832   352   375   745   858   359   744   518   319   731   494   814   557   784   966   345   322   408   441   702   388  1035   603   897  1110   448   573   124     0 
  357   420   263    96     0    91   214   390   541   601   127   291   514   626   144   505   278   278   496   264   596   337   649   745   110    92   183   362   466   149   795   379   708   894   219   336   351     0 
  460   397   646   912   782     0   727   722   442   394   693   642   434   412   829   551   675   711   479   767   306   813   279   291   721   728   644   597   693   721   643   476   114   270   776   696  1048     0 
  188   246   275   309   168   130     0   246   324   384   101   303   296   409   198   299   116   339   280   181   383   259   517   529   108   129    51   349   300    90   595   166   518   680   165   184   550     0 
  377   421   489   392   127   259   129     0   337   403   283   518   329   412   211   247   104   546   289    74   455    62   700   565   263   290   261   567   143   205   492   290   638   721   120    55   685     0 
  491   453   734   874   653   695   610   513     0   183   663   746   270   160   728   319   539   811   293   615   223   623   562    97   674   694   606   737   450   644   268   412   329   183   645   521  1102     0 
  730   696   972  1078   834   903   800   667   459     0   879   986   491   378   916   494   728  1050   499   789   467   775   798   335   886   909   824   981   589   848   264   639   557   316   827   693  1326     0 
  415   461   514   388   129   271   148    89   377   443     0   543   370   450   207   283   140   567   330    80   497    21   740   604   280   306   288   596   166   222   514   332   680   760   123    97   686     0 
  347   408   209   126   272   134   264   442   562   619   140     0   532   646   210   538   322   215   520   322   602   398   615   754   139   113   196   308   514   192   833   390   697   899   277   384   310     0 
  298   351   378   304    66   150    21   158   348   414   171   408     0   431   138   285    52   434   299    63   441   143   628   572   151   179   153   460   231    94   565   240   602   728    60   101   586     0 
  279   249   522   668   469   490   420   369    79    51   452   536    78     0   536   188   354   600   120   440    59   469   428   170   467   485   396   533   331   443   358   199   260   325   462   355   888     0 
  258   291    52   383   452   317   415   563   545   580   264    24   509   614     0   571   434    83   520   484   522   567   392   672   295   276   273    49   612   346   858   367   541   791   453   502   423     0 
  329   335   541   585   342   413   306   196   109   167   399   564   122   168   422     0   234   616    79   299   246   304   581   325   400   425   348   585   145   357   297   209   446   479   334   204   847     0 
  276   323   390   352   115   189    72   130   297   363   196   419   279   380   189   234     0   452   247    92   393   154   603   522   184   211   163   465   194   131   518   201   561   678   108    68   628     0 
  321   362    78   332   448   305   420   582   601   642   263    69   566   675   408   616   452     0   571   488   591   570   473   743   289   265   289   124   639   345   909   419   622   867   451   520   341     0 
  267   264   495   583   362   406   317   248    49   116   380   514    45   133   435    79   247   571     0   328   173   350   503   277   387   409   325   528   214   353   339   153   371   434   355   238   827     0 
  359   411   436   318    53   191    70   133   377   444   225   466   363   457   138   299    92   488   328     0   482    83   689   605   200   226   214   521   214   142   561   293   652   762    46    96   612     0 
  273   231   514   690   507   513   456   420   137   102   470   525   129   133   569   246   393   591   173   482     0   517   377   154   488   504   413   514   387   470   404   217   201   298   500   401   893     0 
  429   476   519   379   126   271   152   110   398   464   307   549   391   471   199   304   154   570   350    83   517     0   756   625   282   307   296   603   185   225   532   349   699   781   121   116   678     0 
  330   280   424   738   684   604   631   694   491   478   541   411   464   510   705   581   603   473   503   689   377   756     0   466   575   572   507   351   697   597   781   414   245   519   682   648   814     0 
  426   381   666   837   637   659   589   519   228   161   619   676   243   158   705   325   522   743   277   605   154   625   466     0   636   653   563   661   467   613   352   366   232   157   630   515  1047     0 
  262   325   244   202   159    30   134   308   432   492    35   275   404   517   136   400   184   289   387   200   488   282   575   636     0    27    77   337   377    58   694   271   609   786   162   248   448     0 
  268   331   224   188   183    41   161   336   453   512    35   255   424   537   151   425   211   265   409   226   504   307   572   653    27     0    90   319   404    85   719   287   618   802   187   276   423     0 
  187   250   228   277   190   105   145   294   366   423    57   257   337   450   197   348   163   289   325   214   413   296   507   563    77    90     0   307   351    90   645   197   533   711   189   231   503     0 
  261   285   100   433   491   360   451   592   549   579   304    73   514   614   470   585   465   124   528   521   514   603   351   661   337   319   307     0   636   385   866   377   516   773   492   531   463     0 
  404   429   573   530   266   380   252    81   253   312   389   599   259   309   351   145   194   639   214   214   387   185   697   467   377   404   351   636     0   322   349   291   586   619   258   130   817     0 
  272   333   296   230   106    59    76   251   400   463    83   326   375   485   110   357   131   345   353   142   470   225   597   613    58    85    90   385   322     0   647   255   608   766   107   192   497     0 
  605   593   833   869   611   705   587   430   319   307   695   853   354   273   696   297   518   909   339   561   404   532   781   352   694   719   645   866   349   647     0   492   573   441   603   469  1142     0 
  120   139   342   473   305   295   251   280   183   231   254   362   149   261   357   209   201   419   153   293   217   349   414   366   271   287   197   377   291   255   492     0   362   515   300   236   690     0 
  352   289   553   804   667   638   613   610   338   297   583   553   326   320   715   446   561   622   371   652   201   699   245   232   609   618   533   516   586   608   573   362     0   276   662   583   955     0 
  561   508   793   988   793   810   745   674   385   318   767   799   399   311   861   479   678   867   434   762   298   781   519   157   786   802   711   773   619   766   441   515   276     0   786   672  1184     0 
  352   407   403   272     8   149    51   178   404   471   190   434   387   486    93   334   108   451   355    46   500   121   682   630   162   187   189   492   258   107   603   300   662   786     0   135   566     0 
  328   369   458   402   142   250   122    62   287   354   263   487   277   365   227   204    68   520   238    96   401   116   648   515   248   276   231   531   130   192   469   236   583   672   135     0   686     0 
  623   677   403   301   559   439   565   741   868   921   449   407   836   950   479   847   628   341   827   612   893   678   814  1047   448   423   503   463   817   497  1142   690   955  1184   566   686     0     0 
    0     0     0     0     0     0     0     0     0     0     0     0     0     0     0     0     0     0     0     0     0     0     0     0     0     0     0     0     0     0     0     0     0     0     0     0     0     0 
