DIMENSION: 47
N: 15
M: 15
K: 2

SERVICE: 
371 389 429 179 213 749 115 62 245 409 304 235 329 86 426 

DIST MATRIX: 
    0   423   438   306    43   187    75   148   395   462   225   468   381   475   125   558   628    42   360   456   511   161   610   136   572   627   183   304   164   300   383   608   405   719   649   535   237   379   207   509   840    81   295   390   216   113   778     0 
  443     0   537   855   798   721   744   796   570   545   659   522   547   574   821   635   197   791   623   749   918   952   247   756   450   814   935   678   910   719   574   484   414   162   392   820  1002   434   965   342   758   759   663   759  1012   754   187     0 
  432   399     0   763   769   663   719   813   645   640   600   406   616   674   771   484   195   781   691   621   787   911   185   769   575   935   881   591   857   774   478   619   441   322   230   678   947   434   972   420   921   726   715   647   970   760    17     0 
  552   611   361     0   441   331   451   625   774   832   352   375   745   858   359   299   707   516   765   149    30   436   650   599   896  1074   373   267   368   749   334   946   634   890   544   118   397   576   661   747  1242   421   718   149   463   573   764     0 
  357   420   263    96     0    91   214   390   541   601   127   291   514   626   144   327   569   285   528   202   270   269   526   361   678   835   219    95   200   509   209   725   431   722   490   278   276   378   454   549  1010   186   479   134   320   336   675     0 
  460   397   646   912   782     0   727   722   442   394   693   642   434   412   829   782   325   752   498   860  1023   939   392   689   270   607   939   745   914   602   664   282   392   122   577   944  1004   440   889   277   513   751   556   850   997   696   420     0 
  188   246   275   309   168   130     0   246   324   384   101   303   296   409   198   422   442   181   315   368   481   321   422   203   464   628   310   197   285   313   228   510   240   552   468   460   377   201   380   355   792   128   273   317   381   184   589     0 
  377   421   489   392   127   259   129     0   337   403   283   518   329   412   211   622   632    52   295   533   596   227   624    65   522   544   261   372   246   222   437   552   393   699   686   614   307   379   164   485   765   152   227   468   271    55   793     0 
  491   453   734   874   653   695   610   513     0   183   663   746   270   160   728   899   556   592   273   909  1043   790   606   502   162   226   814   749   794   351   721   115   411   434   782  1004   869   467   651   342   230   642   339   872   836   521   717     0 
  730   696   972  1078   834   903   800   667   459     0   879   986   491   378   916  1139   799   764   466  1137  1260   951   851   669   406   197   987   971   970   506   955   356   652   659  1028  1231  1032   706   767   587    95   833   519  1094   988   693   955     0 
  415   461   514   388   129   271   148    89   377   443     0   543   370   450   207   640   672    69   333   542   594   197   661   106   563   569   238   387   226   254   461   592   434   741   717   620   278   419   131   527   797   163   265   475   236    97   831     0 
  347   408   209   126   272   134   264   442   562   619   140     0   532   646   210   260   535   340   556   141   242   336   487   409   684   868   285    58   267   548   161   734   426   701   434   226   340   370   517   542  1029   240   512    78   386   384   628     0 
  298   351   378   304    66   150    21   158   348   414   171   408     0   431   138   509   555    66   320   424   502   223   538   127   517   610   229   261   207   280   326   556   334   649   583   509   291   306   266   441   806    54   261   362   281   101   706     0 
  279   249   522   668   469   490   420   369    79    51   452   536    78     0   536   688   397   420   135   695   831   619   433   343   115   355   633   536   611   239   507   152   202   351   593   789   693   256   531   170   445   450   195   658   671   355   572     0 
  258   291    52   383   452   317   415   563   545   580   264    24   509   614     0   159   318   492   564   247   415   567   257   520   596   875   526   220   504   602   109   649   334   512   176   320   588   280   691   418   971   408   549   264   623   502   375     0 
  409   448   167   360   517   371   494   662   690   731   339   153   655   764   467     0   463   573   703   162   310   597   398   622   753  1019   544   255   527   728   196   807   489   664   254   195   596   432   765   577  1127   477   680   217   646   600   481     0 
  257   213   346   658   610   525   557   630   451   448   462   335   421   482   627   463     0   611   497   561   729   761    67   587   394   747   741   481   716   581   379   443   250   203   254   638   808   253   794   227   759   569   522   566   821   581   177     0 
  354   403   445   341    77   208    80   109   356   423   236   474   343   435   162   573   611     0   319   481   545   200   598    95   535   585   224   322   206   258   392   569   380   692   649   562   277   359   199   480   798   100   253   416   251    72   767     0 
  312   309   538   613   381   437   340   247    56   113   416   559    76   117   458   703   497   319     0   679   795   518   520   230   240   318   542   510   522   104   510   262   260   481   656   772   596   295   402   282   486   373    68   631   565   248   674     0 
  429   483   216   206   413   274   405   582   679   730   268   227   646   760   346   162   561   481   679     0   169   461   503   548   780   995   404   171   390   681   199   832   513   749   396    94   448   454   656   620  1139   381   641    69   504   523   615     0 
  580   638   383   206   469   360   481   654   804   861   381   395   774   888   387   310   729   545   795   169     0   460   671   628   924  1104   397   295   393   778   359   974   662   914   559   120   418   604   688   774  1271   450   748   176   485   602   782     0 
  509   567   515   264   158   252   213   285   555   622   312   545   542   634   141   597   761   200   518   461   460     0   734   289   734   765    62   353    71   449   458   769   555   870   740   518    81   521   240   664   992   194   451   392    60   269   898     0 
  248   218   290   612   588   491   537   628   479   484   428   276   447   519   597   398    67   598   520   503   671   734     0   584   445   787   709   435   685   597   328   495   263   270   189   576   776   250   788   268   815   546   537   512   794   576   169     0 
  337   374   478   428   168   276   148    45   272   338   286   506   265   347   253   622   587    95   230   548   628   289   584     0   457   491   318   381   300   164   431   487   342   642   662   635   368   336   209   428   705   178   163   487   335    26   753     0 
  352   305   591   771   583   594   533   482   188   129   551   600   193   143   647   753   394   535   240   780   924   734   445   457     0   365   746   629   724   343   585    54   268   290   622   873   807   327   642   183   378   562   305   749   786   470   558     0 
  619   600   853   913   659   744   631   483   331   305   729   872   366   270   743  1019   747   585   318   995  1104   765   787   491   365     0   804   825   789   330   827   331   551   652   948  1088   846   598   571   520   268   663   356   945   798   516   918     0 
  495   556   474   204   164   219   215   322   574   641   282   503   558   656   114   544   741   224   542   404   397    62   709   318   746   804     0   308    25   481   418   785   549   862   702   458    67   510   299   662  1022   188   477   336   101   296   869     0 
  289   350   168   177   262   117   243   418   513   568    98   197   482   596   216   255   481   322   510   171   295   353   435   381   629   825   308     0   287   510   114   679   370   644   396   263   368   313   510   484   978   224   471   122   407   357   581     0 
  470   531   452   194   142   195   191   307   553   620   257   482   536   635    89   527   716   206   522   390   393    71   685   300   724   789    25   287     0   464   395   763   524   837   679   448    92   485   297   638  1004   164   458   321   120   277   845     0 
  368   379   569   584   330   419   301   165   160   214   412   593   173   209   414   728   581   258   104   681   778   449   597   164   343   330   481   510   464     0   532   359   334   582   715   771   529   356   304   377   543   334    59   626   490   188   757     0 
  233   285    57   286   346   208   313   472   500   546   158    87   466   577   317   196   379   392   510   199   359   458   328   431   585   827   418   114   395   532     0   637   317   556   284   289   480   258   589   421   951   303   484   188   514   410   468     0 
  405   359   644   818   621   640   572   508   215   149   599   654   227   150   688   807   443   569   262   832   974   769   495   487    54   331   785   679   763   359   637     0   321   322   675   925   844   380   663   236   324   603   329   800   820   502   602     0 
   84    49   324   527   397   358   342   384   225   249   305   336   191   284   438   489   250   380   260   513   662   555   263   342   268   551   549   370   524   334   317   321     0   315   399   605   615    59   551   118   639   363   275   486   614   340   424     0 
  370   308   533   816   712   661   657   679   426   393   602   527   409   419   750   664   203   692   481   749   914   870   270   642   290   652   862   644   837   582   556   322   315     0   455   831   929   353   849   214   603   677   529   744   929   644   307     0 
  347   350   228   557   617   489   575   707   624   643   432   200   590   678   599   254   254   649   656   396   559   740   189   662   622   948   702   396   679   715   284   675   399   455     0   448   764   362   848   441   998   573   658   429   798   647   227     0 
  521   574   298   254   491   359   489   667   773   824   360   304   741   854   418   195   638   562   772    94   120   518   576   635   873  1088   458   263   448   771   289   925   605   831   448     0   492   546   728   711  1234   463   734   147   554   609   674     0 
  563   623   535   242   225   285   278   366   632   699   348   565   617   712   181   596   808   277   596   448   418    81   776   368   807   846    67   368    92   529   480   844   615   929   764   492     0   577   312   728  1072   253   530   382    70   348   935     0 
   25    46   267   474   365   310   311   379   268   300   253   280   233   334   397   432   253   359   295   454   604   521   250   336   327   598   510   313   485   356   258   380    59   353   362   546   577     0   542   172   696   328   298   428   581   329   418     0 
  540   582   643   483   248   393   277   170   454   515   432   673   456   514   311   765   794   199   402   656   688   240   788   209   642   571   299   510   297   304   589   663   551   849   848   728   312   542     0   634   822   288   337   588   249   213   957     0 
  195   137   419   644   506   476   451   465   231   221   422   425   206   254   552   577   227   480   282   620   774   664   268   428   183   520   662   484   638   377   421   236   118   214   441   711   728   172   634     0   560   475   321   598   722   431   402     0 
  720   680   963  1097   865   920   826   708   469   410   890   974   497   384   944  1127   759   798   486  1139  1271   992   815   705   378   268  1022   978  1004   543   951   324   639   603   998  1234  1072   696   822   560     0   859   547  1101  1032   727   905     0 
  316   373   358   251    44   108    33   205   398   464   145   389   377   482    86   477   569   100   373   381   450   194   546   178   562   663   188   224   164   334   303   603   363   677   573   463   253   328   288   475   859     0   314   316   254   152   712     0 
  310   320   518   560   318   388   281   179   117   180   374   541   122   185   398   680   522   253    68   641   748   451   537   163   305   356   477   471   458    59   484   329   275   529   658   734   530   298   337   321   547   314     0   589   498   182   698     0 
  404   462   222   142   346   212   342   520   635   690   216   241   605   718   277   217   566   416   631    69   176   392   512   487   749   945   336   122   321   626   188   800   486   744   429   147   382   428   588   598  1101   316   589     0   436   462   639     0 
  569   627   571   301   217   310   272   325   605   672   371   601   594   682   200   646   821   251   565   504   485    60   794   335   786   798   101   407   120   490   514   820   614   929   798   554    70   581   249   722  1032   254   498   436     0   318   957     0 
  328   369   458   402   142   250   122    62   287   354   263   487   277   365   227   600   581    72   248   523   602   269   576    26   470   516   296   357   277   188   410   502   340   644   647   609   348   329   213   431   727   152   182   462   318     0   745     0 
  417   383   420   754   755   650   705   797   628   623   588   398   599   656   758   481   177   767   674   615   782   898   169   753   558   918   869   581   845   757   468   602   424   307   227   674   935   418   957   402   905   712   698   639   957   745     0     0 
    0     0     0     0     0     0     0     0     0     0     0     0     0     0     0     0     0     0     0     0     0     0     0     0     0     0     0     0     0     0     0     0     0     0     0     0     0     0     0     0     0     0     0     0     0     0     0     0 
