DIMENSION: 47
N: 15
M: 15
K: 2

SERVICE: 
318 395 85 77 343 324 256 452 281 175 189 141 456 68 131 

DIST MATRIX: 
    0   749   926   534   432  1059   702   888   872   282   406   688   324   810   575   666   759   473   449   513   372   490  1000   495   671   355   453   776   509   681   873   758   736   523   312   484   436   891   417   804   482   645   832   395   563   545   518     0 
  449     0   407   142   203   615   273   375   402   272   232   382   323   397   106   319   318   148   154   377   156   239   485   237   423   197   237   257   159   427   532   502   412    52   222    57   581   411   623   399   464   200   404   558   530   191   283     0 
  732   415     0   364   473   427   305    94   240   590   507   458   614   341   293   412   274   417   437   591   479   471   174   467   540   512   493    83   397   539   516   564   468   329   542   368   845   223   898   368   698   289   321   831   737   382   493     0 
  467   495   479     0   256   716   248   457   500   198   276   476   344   500   208   259   420    49    52   278   102   141   563   140   343   119   135   316    73   349   482   594   351   149   214    47   480   508   525   368   361   181   507   458   429   280   187     0 
  564   137   296   456     0   290   500   228   109   585   371   191   472    71   232   591    16   480   488   705   470   566   315   564   715   519   570   300   482   717   754   285   671   295   467   391   914   136   954   602   796   447    70   889   859   228   605     0 
  508    46   469   578   358     0   654   400   253   643   375    85   451   125   335   735   182   586   588   816   540   678   473   677   853   592   673   471   598   856   915   113   821   390   497   492   994   283  1024   764   896   593   155   963   967   268   722     0 
  913   864   592   379   705   958     0   625   758   561   728   872   793   825   594   194   742   415   433   321   536   351   674   347   158   515   386   469   380   149    56   994   101   561   657   483   551   747   616   163   399   321   817   564   370   698   313     0 
  993   782   395   470   744   772   297     0   611   717   775   815   867   713   580   348   642   528   553   558   644   514   456   509   418   647   551   357   491   410   254   928   319   579   752   549   818   590   882   206   658   361   694   823   651   690   500     0 
  621   164   506   690   485   254   749   441     0   769   501   210   574   179   449   837   262   704   707   933   665   794   488   793   959   716   792   547   712   961  1004   168   919   508   624   610  1118   306  1150   852  1016   693   194  1088  1085   392   837     0 
  315   431   549   229   125   706   396   509   505     0   134   392   191   465   198   411   400   190   174   389    83   270   622   272   485   132   248   406   223   492   634   499   502   145    72   135   527   520   556   518   446   325   481   496   526   202   318     0 
  123   381   719   537   216   709   691   658   573   431     0   309   143   469   382   722   455   503   488   693   391   583   764   585   799   429   558   627   536   806   943   342   814   379   278   434   770   600   779   817   730   618   499   732   816   282   630     0 
  303   201   522   433   142   523   558   459   372   434   152     0   227   276   218   613   253   422   416   644   345   513   563   514   714   396   500   447   444   719   822   235   706   243   279   332   789   398   814   682   709   487   303   756   788   108   561     0 
  549   133   303   445   326   306   493   235   124   569   355   182     0    80   217   582     8   467   475   693   455   554   326   552   706   504   557   298   470   708   749   281   664   280   450   378   900   150   939   598   783   439    84   875   846   211   594     0 
  616   162   278   496   397   238   525   209    63   636   426   228   526     0   280   620    69   524   533   745   520   607   281   605   747   568   613   312   523   748   772   306   697   343   521   437   961    93  1002   620   840   477    44   937   899   282   645     0 
  439   418   434   128   202   644   275   403   430   244   228   401   313   424     0   311   345   125   128   355   128   217   513   216   409   168   213   281   140   414   528   520   405    72   203    31   553   440   595   400   438   202   432   529   506   206   262     0 
  723   689   488   185   511   824   108   503   613   388   534   690   602   661   408     0   577   224   244   215   347   176   578   171   129   332   213   335   188   129   224   812    93   370   467   289   482   607   544   143   322   144   657   481   338   509   153     0 
  553   141   296   441   328   306   487   227   119   569   358   190   460    85   215   577     0   464   472   689   454   550   318   548   701   503   554   291   467   703   742   289   658   278   452   375   898   145   938   591   780   433    87   873   843   214   590     0 
  499   543   502    61   301   756   231   485   539   193   319   525   379   545   255   224   464     0    25   230   124    92   588    92   298   119    90   336    38   304   447   643   314   197   243    94   442   545   489   344   316   172   551   422   382   329   139     0 
  480   545   522    86   290   767   255   503   551   168   306   524   361   551   259   244   472    25     0   230   103    98   607    99   311    95    86   356    62   318   468   640   333   199   224    97   429   558   474   367   310   196   559   408   379   326   146     0 
  657   772   674   249   512   971   308   674   754   276   523   753   554   771   483   215   689   230   230     0   306   139   763   141   163   263   145   508   222   173   373   870   248   426   415   324   267   755   329   352   109   302   775   266   154   556   101     0 
  377   501   562   176   208   758   349   531   549   117   216   468   259   526   240   347   454   124   103   306     0   193   641   195   410    52   167   405   161   417   571   578   435   178   121   112   453   561   487   466   364   283   538   424   444   273   239     0 
  566   634   556   113   388   835   226   548   618   213   403   617   452   632   344   176   550    92    98   139   193     0   644     5   217   164    37   388    84   224   391   735   254   288   312   186   374   621   427   314   234   192   636   360   293   421    48     0 
  851   444    90   537   600   320   470   113   220   755   633   505   742   348   429   578   318   588   607   763   641   644     0   640   704   677   666   257   570   701   650   586   624   477   690   532  1018   191  1071   513   871   461   319  1004   908   494   666     0 
  569   633   552   110   389   832   220   544   615   218   405   616   454   630   343   171   548    92    99   141   195     5   640     0   214   168    42   384    82   222   387   735   249   287   315   186   378   618   432   309   237   187   634   365   295   421    47     0 
  783   807   615   281   599   953   235   632   741   415   616   802   669   785   520   129   701   298   311   163   410   217   704   214     0   380   247   464   271     9   211   924    99   475   529   382   403   736   468   223   246   270   783   412   234   614   172     0 
  403   553   596   180   257   806   350   569   596    79   262   519   292   576   288   332   503   119    95   263    52   164   677   168   380     0   133   435   156   387   553   629   416   225   152   145   402   607   436   460   315   290   588   373   395   325   208     0 
  536   630   578   129   370   845   260   566   628   177   382   609   424   634   343   213   554    90    86   145   167    37   666    42   247   133     0   410    97   254   427   726   289   284   284   182   356   633   406   352   227   221   640   339   294   412    75     0 
  685   427   168   281   424   492   229   168   289   514   458   458   563   368   246   335   291   336   356   508   405   388   257   384   464   435   410     0   314   463   461   572   398   269   478   293   762   279   815   310   615   207   354   748   655   347   410     0 
  535   553   482    33   329   752   194   470   535   227   349   540   414   549   263   188   467    38    62   222   161    84   570    82   271   156    97   314     0   276   412   660   279   210   279   112   452   538   503   306   317   138   553   436   376   347   124     0 
  790   810   613   286   605   953   234   631   742   424   623   806   676   788   524   129   703   304   318   173   417   224   701   222     9   387   254   463   276     0   202   928    92   480   536   388   412   737   476   217   255   271   784   421   241   618   180     0 
  947   869   571   407   730   943   265   609   750   604   754   882   825   824   608   224   742   447   468   373   571   391   650   387   211   553   427   461   412   202     0  1003   138   580   691   509   607   737   672   152   454   335   814   620   426   715   357     0 
  465   149   580   644   377   412   739   511   366   669   384   122   436   238   404   812   289   643   640   870   578   735   586   735   924   629   726   572   660   928  1003     0   901   450   512   549  1024   395  1049   855   941   674   267   991  1017   314   781     0 
  812   775   538   278   604   891   172   562   684   466   627   779   692   742   498    93   658   314   333   248   435   254   624   249    99   416   289   398   279    92   138   901     0   463   556   382   500   676   565   125   341   228   735   507   333   601   219     0 
  420   346   405   194   164   581   319   364   371   295   196   330   296   355    63   370   278   197   199   426   178   288   477   287   475   225   284   269   210   480   580   450   463     0   214   102   620   384   659   444   509   246   364   595   578   139   333     0 
  256   464   619   290   139   756   461   577   562   162   128   416   140   510   263   467   452   243   224   415   121   312   690   315   529   152   284   478   279   536   691   512   556   214     0   204   516   579   537   582   456   392   529   481   540   243   358     0 
  449   449   451   104   222   673   262   424   458   223   245   431   323   454   162   289   375    94    97   324   112   186   532   186   382   145   182   293   112   388   509   549   382   102   204     0   524   467   566   386   407   190   462   501   475   235   232     0 
  694   955   929   484   647  1196   574   922   980   356   644   919   629   975   683   482   898   442   429   267   453   374  1018   378   403   402   356   762   452   412   607  1024   500   620   516   524     0   987    65   615   161   561   984    41   186   726   355     0 
  698   255   201   508   465   217   505   138    30   679   497   320   601   158   323   607   145   545   558   755   561   621   191   618   736   607   633   279   538   737   737   395   676   384   579   467   987     0  1032   586   855   469   128   966   908   351   654     0 
  695   987   983   535   672  1239   634   972  1024   381   665   947   640  1012   722   544   938   489   474   329   487   427  1071   432   468   436   406   815   503   476   672  1049   565   659   537   566    65  1032     0   678   224   617  1023    67   250   758   412     0 
  834   719   429   291   601   796   126   462   599   524   629   734   709   672   465   143   591   344   367   352   466   314   513   309   223   460   352   310   306   217   152   855   125   444   582   386   615   586   678     0   455   199   661   618   455   574   296     0 
  677   854   781   347   571  1069   417   779   852   299   576   828   587   861   569   322   780   316   310   109   364   234   871   237   246   315   227   615   317   255   454   941   341   509   456   407   161   855   224   455     0   410   867   166    87   631   205     0 
  639   547   371   111   402   686    73   374   472   364   430   552   513   518   273   144   433   172   196   302   283   192   461   187   270   290   221   207   138   271   335   674   228   246   392   190   561   469   617   199   410     0   514   550   448   380   206     0 
  606   131   320   526   400   227   564   252    99   652   427   201   523    31   301   657    87   551   559   775   538   636   319   634   783   588   640   354   553   784   814   267   735   364   529   462   984   128  1023   661   867   514     0   959   929   287   675     0 
  654   925   916   468   614  1173   569   905   958   322   609   888   591   948   658   481   873   422   408   266   424   360  1004   365   412   373   339   748   436   421   620   991   507   595   481   501    41   966    67   618   166   550   959     0   209   696   347     0 
  764   924   818   403   651  1124   442   822   907   385   657   902   673   925   636   338   843   382   379   154   444   293   908   295   234   395   294   655   376   241   426  1017   333   578   540   475   186   908   250   455    87   448   929   209     0   705   255     0 
  357   229   441   333   115   515   451   384   330   378   145   198   251   268   110   509   214   329   326   556   273   421   494   421   614   325   412   347   347   618   715   314   601   139   243   235   726   351   758   574   631   380   287   696   705     0   467     0 
  611   678   576   149   436   870   224   574   653   248   451   663   498   673   388   153   590   139   146   101   239    48   666    47   172   208    75   410   124   180   357   781   219   333   358   232   355   654   412   296   205   206   675   347   255   467     0     0 
    0     0     0     0     0     0     0     0     0     0     0     0     0     0     0     0     0     0     0     0     0     0     0     0     0     0     0     0     0     0     0     0     0     0     0     0     0     0     0     0     0     0     0     0     0     0     0     0 
