DIMENSION: 37
N: 15
M: 10
K: 2

SERVICE: 
371 389 429 179 213 749 115 62 245 409 304 235 329 86 426 

DIST MATRIX: 
    0   423   438   306    43   187    75   148   395   462   225   468   381   475   125   436   559   628   469   486   219   276   413   769   478   526   663   515   531   562   614   443   545   516   200   113   102     0 
  443     0   537   855   798   721   744   796   570   545   659   522   547   574   821   488   557   576   642   783   780   661   619   408   806   481   806   671   371   692   956   445   718   376   708   754   838     0 
  432   399     0   763   769   663   719   813   645   640   600   406   616   674   771   569   679   713   740   878   708   707   703   582   898   593   934   779   472   809   810   520   830   471   736   760   841     0 
  552   611   361     0   441   331   451   625   774   832   352   375   745   858   359   770   932  1002   881   941   269   697   818  1057   939   864  1105   934   804   983   132   746   977   788   642   573   584     0 
  357   420   263    96     0    91   214   390   541   601   127   291   514   626   144   546   703   774   645   701    39   458   582   853   699   642   866   697   597   746   368   528   739   581   402   336   357     0 
  460   397   646   912   782     0   727   722   442   394   693   642   434   412   829   369   366   361   474   609   819   561   474   160   635   316   591   487   254   495  1082   345   527   268   628   696   778     0 
  188   246   275   309   168   130     0   246   324   384   101   303   296   409   198   330   485   556   430   501   204   252   367   647   503   426   656   484   394   532   573   317   528   377   215   184   250     0 
  377   421   489   392   127   259   129     0   337   403   283   518   329   412   211   390   496   563   397   402   301   211   346   721   393   473   581   440   497   485   699   406   467   483   133    55    33     0 
  491   453   734   874   653   695   610   513     0   183   663   746   270   160   728   247    82    21   171   259   767   357   220   248   286   164   211   145   275   128  1129   283   162   284   434   521   580     0 
  730   696   972  1078   834   903   800   667   459     0   879   986   491   378   916   483   321   265   349   332   972   540   412   423   350   408   154   297   521   248  1351   525   260   529   608   693   732     0 
  415   461   514   388   129   271   148    89   377   443     0   543   370   450   207   432   534   600   432   427   304   250   383   762   416   514   608   473   539   517   697   448   497   525   173    97    23     0 
  347   408   209   126   272   134   264   442   562   619   140     0   532   646   210   558   719   789   671   738   106   491   608   851   739   652   897   724   596   773   332   534   768   579   443   384   414     0 
  298   351   378   304    66   150    21   158   348   414   171   408     0   431   138   380   514   585   435   472   203   240   375   711   468   472   643   484   468   532   602   381   520   452   173   101   141     0 
  279   249   522   668   469   490   420   369    79    51   452   536    78     0   536    33   133   201   150   289   563   203   120   314   310    68   365   193   128   231   915    77   246   124   276   355   430     0 
  258   291    52   383   452   317   415   563   545   580   264    24   509   614     0   503   665   727   662   769   343   532   603   717   779   581   893   714   485   759   459   461   766   472   520   502   565     0 
  246   218   489   639   446   460   395   355    81    79   421   503    66   114   510     0   166   233   174   309   534   193   134   333   328    96   395   220   122   261   883    50   274   113   262   337   415     0 
  411   376   653   793   577   614   533   447   166   102   581   667   190    85   650   166     0    71   120   244   687   285   152   260   270    90   255   122   209   134  1047   204   163   215   363   449   513     0 
  475   436   718   864   647   685   603   512   237   173   651   730   261   154   721   233    71     0   173   271   758   353   217   231   298   147   231   154   256   142  1116   268   176   265   431   517   578     0 
  405   387   641   729   493   554   455   343   117   100   531   659   152    68   572   174   120   173     0   141   623   195    63   380   164   163   233    54   273   102  1002   224   104   271   269   356   410     0 
  518   511   742   776   519   611   493   341   238   240   601   763   271   209   604   309   244   271   141     0   674   249   177   499    27   303   181   122   414   133  1068   359   100   412   300   377   404     0 
  359   422   291   106   176    74   182   357   523   585   126   320   497   608   105   534   687   758   623   674     0   433   561   848   671   629   841   675   592   724   399   519   715   576   374   304   320     0 
  297   310   500   538   298   367   261   166   128   193   353   523   127   201   378   193   285   353   195   249   433     0   137   515   252   266   408   244   311   292   822   222   282   300    78   164   230     0 
  348   335   580   667   435   491   395   295    61    81   468   599    96    70   513   134   152   217    63   177   561   137     0   400   195   159   294   117   249   166   939   184   165   244   214   301   361     0 
  505   447   724   948   777   775   726   681   387   325   726   727   392   330   837   333   260   231   380   499   848   515   400     0   526   249   449   378   256   373  1155   332   407   272   590   669   744     0 
  530   526   750   772   513   610   490   332   254   261   603   772   287   232   598   328   270   298   164    27   671   252   195   526     0   327   197   149   436   160  1067   378   126   433   297   371   393     0 
  329   290   571   734   538   556   489   432   138    79   517   583   145    97   604    96    90   147   163   303   629   266   159   249   327     0   343   190   121   216   975   122   239   126   341   422   495     0 
  635   612   873   945   694   774   664   521   349   316   757   890   384   281   778   395   255   231   233   181   841   408   294   449   197   343     0   179   464   134  1229   442   130   468   470   552   584     0 
  457   436   694   781   541   606   505   384   170   142   584   711   205   107   622   220   122   154    54   122   675   244   117   378   149   190   179     0   307    49  1056   270    53   308   315   402   451     0 
  252   199   484   693   534   520   480   468   202   174   470   491   186   205   588   122   209   256   273   414   592   311   249   256   436   121   464   307     0   337   906    91   358    16   375   442   524     0 
  501   478   740   830   588   655   553   428   217   182   633   757   251   146   669   261   134   142   102   133   724   292   166   373   160   216   134    49   337     0  1105   309    34   339   362   448   494     0 
  654   708   436   310   572   457   581   756   893   948   472   442   862   976   490   883  1047  1116  1002  1068   399   822   939  1155  1067   975  1229  1056   906  1105     0   854  1100   890   770   703   715     0 
  208   172   450   622   447   446   395   377   127   128   402   463   103   163   505    50   204   268   224   359   519   222   184   332   378   122   442   270    91   309   854     0   323    78   284   351   432     0 
  509   489   744   820   574   647   541   408   221   195   628   763   256   160   656   274   163   176   104   100   715   282   165   407   126   239   130    53   358    34  1100   323     0   360   348   433   474     0 
  237   184   470   676   518   503   464   455   195   172   454   477   176   204   571   113   215   265   271   412   576   300   244   272   433   126   468   308    16   339   890    78   360     0   362   428   510     0 
  309   337   482   477   226   312   194    94   204   270   310   508   198   278   308   262   363   431   269   300   374    78   214   590   297   341   470   315   375   362   770   284   348   362     0    87   154     0 
  328   369   458   402   142   250   122    62   287   354   263   487   277   365   227   337   449   517   356   377   304   164   301   669   371   422   552   402   442   448   703   351   433   428    87     0    85     0 
  410   453   519   407   145   283   156    67   358   423   312   548   352   429   225   415   513   578   410   404   320   230   361   744   393   495   584   451   524   494   715   432   474   510   154    85     0     0 
    0     0     0     0     0     0     0     0     0     0     0     0     0     0     0     0     0     0     0     0     0     0     0     0     0     0     0     0     0     0     0     0     0     0     0     0     0     0 
