DIMENSION: 27
N: 15
M: 5
K: 2

SERVICE: 
278 62 567 203 365 122 430 140 299 30 314 161 210 118 343 

DIST MATRIX: 
    0   395   533   387   566   478   529   702   530   729    93   655   423   562   529   292   526   760   634   332   437   647   735   572   563   355   737     0 
  101     0   436    69   718   543   209   700   703   705   380   654   480   429   405   358   174   729   812   526   259   339   742   852   539   716   705     0 
  365   261     0   260   935   742   223   840   931   830   657   800   686   535   527   595   152   846  1033   775   367   273   882  1111   692   992   825     0 
  273   318   705     0   978   812   412   972   959   975   577   926   749   692   671   618   334   998  1069   770    99   520  1014  1075   812   835   975     0 
  476   397    59   510     0   168   376   260   378   267   422   214   143   111    91   207   448   293   463   316   693   394   302   621   100   762   269     0 
  533   462   110   572   310     0   443   199   328   213   444   152   123   160   149   232   515   242   406   300   752   456   240   582    41   764   218     0 
  424   396   204   487   300   127     0   334   293   359   287   287    63   251   222    83   485   390   397   175   648   487   370   502   195   614   367     0 
  771   670   287   790   437   340   601     0   478    94   706   163   374   295   316   496   683    73   503   537   980   556   151   744   225  1011    78     0 
  418   464   405   513   334   273   552   501     0   535   139   458   234   449   418   165   583   567   405   100   625   639   529   391   388   411   546     0 
  746   666   282   781   316   248   624    21   359     0   634    65   297   310   321   434   703    54   381   440   964   604    39   623   174   914    46     0 
  118    86   369   151   632   460   219   625   618   633     0   578   396   369   342   273   216   658   727   442   327   343   666   771   464   667   634     0 
  772   725   375   828   173   222   715   153   222   197   592     0   286   418   416   428   786   216   218   364   996   720   139   471   248   816   213     0 
  546   451    64   568   394   213   403   215   416   209   507   177     0    91   100   292   481   230   488   387   757   393   257   673    87   843   207     0 
  403   322    89   434   415   217   311   335   420   341   382   289   171     0    85   175   379   367   514   322   618   347   377   647   175   737   343     0 
  789   696   309   814   399   324   636   104   442    62   702   139   366   325     0   496   717    30   459   519  1002   599   103   705   226   994    50     0 
  349   342   253   421   361   207   403   417   345   440   215   369   144   292   259     0   446   471   454   181   573   479   453   520   272   562   447     0 
  275   132   421   195   783   590    83   696   779   689   529   655   534   394   382   446     0   707   881   627   369   189   738   964   544   882   685     0 
  769   681   293   798   370   294   626    73   413    32   675   109   338   313   329   471   707     0   432   489   984   596    78   676   201   964    24     0 
  797   792   515   875    99   298   821   364   110   410   543   357   348   566   553   454   881   432     0   308  1016   857   356   262   401   671   426     0 
  497   518   374   584   234   197   584   420   200   457   239   380   178   424   396   181   627   489   308     0   711   654   444   339   328   475   470     0 
  224   316   694   195   929   775   438   951   906   959   503   904   711   688   664   573   369   984  1016   711     0   558   992  1003   790   740   960     0 
  437   280   347   378   758   560   129   602   766   584   624   569   518   303   307   479   189   596   857   654   558     0   643   989   473   993   577     0 
  773   698   317   811   300   258   660    43   345    66   647    88   312   347   356   453   738    78   356   444   992   643     0   605   203   914    80     0 
  806   851   680   904   306   460   922   604   267   650   500   585   480   732   710   520   964   676   262   339  1003   989   605     0   593   473   666     0 
  572   497   127   609   308   138   470   161   332   173   482   115   154   171   168   272   544   201   401   328   790   473   203   593     0   797   178     0 
  627   750   813   735   651   672   881   893   602   932   370   855   643   854   822   562   882   964   671   475   740   993   914   473   797     0   944     0 
  745   657   270   774   360   274   605    62   401    16   652    90   316   291   306   447   685    24   426   470   960   577    80   666   178   944     0     0 
    0     0     0     0     0     0     0     0     0     0     0     0     0     0     0     0     0     0     0     0     0     0     0     0     0     0     0     0 
