DIMENSION: 27
N: 15
M: 5
K: 2

SERVICE: 
99 251 65 260 150 184 221 136 204 170 220 144 383 196 317 

DIST MATRIX: 
    0   591   820   359   624   537   600   388   678   584   624  1207   428   390   699   745   802   435   778   768   714   776   990   983   294   178   224     0 
  286     0   465     1   305   272   262    86   331   229   318   887   110   291   420   613   730    80   593   428   403   755   634   654    68   242   420     0 
  786   321     0   501   311   433   287   482   207   276   335   499   444   665   381   715   868   424   621   177   297   948   178   287   568   732   895     0 
  522    28   285     0   296   365   229   286   227   143   326   765   264   372   432   729   870   206   670   313   368   922   388   531   315   458   609     0 
  674   465   325   432     0   173   217   354   232   304   124   509   322   712    13   326   479   370   238   212    94   561   566   315   488   658   838     0 
  323   319   461   109   253     0   233    35   313   238   256   839    65   395   344   507   622   116   492   399   346   648   661   613   142   303   484     0 
  328   298   447    94   246   187     0    14   300   220   251   833    49   384   344   520   637    95   501   388   341   666   643   605   136   303   484     0 
  201   331   551    88   376   319   341     0   413   315   384   962   173   280   478   628   731   165   623   508   472   743   721   732    32   169   350     0 
  590   407   329   349    98    89   161   270     0   247    67   586   239   633    75   346   494   291   280   223   112   563   571   378   404   573   753     0 
  575    73   258   313   316   397   251   336   231     0   347   741   311   413   446   756   900   257   690   305   376   957   336   512   370   510   658     0 
  368   251   395    99   209   177   174    42   250   166     0   795    16   384   322   533   659    55   503   342   307   695   589   564   159   334   514     0 
 1114   802   511   856   550   614   601   787   557   668   539     0   751  1113   451   578   691   784   471   462   452   800   648   257   918  1092  1273     0 
  186   594   780   346   561   459   551   345   632   553   556  1131     0   465   617   626   677   410   667   714   644   650   973   917   294   253   347     0 
  180   512   803   366   672   626   626   440   686   576   684  1250   473     0   783   917  1002   440   924   786   770   993   918  1015   305   145    80     0 
  397   213   358   115   194   189   147    84   218   125   210   772    54   383     0   554   684    41   516   313   291   726   547   539   182   357   535     0 
  755   744   651   614   444   368   505   528   547   588   412   699   517   901   335     0   153   586   113   538   419   244   892   583   644   773   936     0 
  829   883   803   731   592   506   651   647   697   731   560   821   643  1010   487   153     0   713   257   691   572   110  1044   727   751   859  1009     0 
  365   203   386    79   234   225   185    82   251   150   251   810    71   342   358   586   713     0   552   349   332   750   563   577   147   321   497     0 
  774   687   557   594   375   327   441   507   469   527   344   588   488   884   249   113   257   552     0   446   331   355   795   472   634   780   952     0 
  709   340   113   427   157   278   168   380   100   212   174   466   341   657   204   538   691   349   446     0   120   771   355   230   495   670   846     0 
  668   391   232   403    98   187   154   337   146   235    90   493   300   668    84   419   572   332   331   120     0   651   475   273   466   641   821     0 
  816   932   883   756   658   560   712   677   767   787   628   930   679  1023   568   244   110   750   355   771   651     0  1126   827   767   855   992     0 
  908   409   243   633   486   606   455   631   378   424   512   567   596   739   558   892  1044   563   795   355   475  1126     0   404   696   845   993     0 
  932   559   256   654   360   459   392   599   330   443   361   236   560   886   316   583   727   577   472   230   273   827   404     0   721   896  1074     0 
  219   302   532    68   369   322   329   135   398   296   379   953   167   259   477   644   751   147   634   495   466   767   696   721     0   176   355     0 
   79   438   701   242   544   487   504   305   572   467   553  1129   341   216   647   773   859   321   780   670   641   855   845   896   176     0   181     0 
  181   586   870   420   724   667   682   486   747   638   733  1307   522   276   827   936  1009   497   952   846   821   992   993  1074   355   181     0     0 
    0     0     0     0     0     0     0     0     0     0     0     0     0     0     0     0     0     0     0     0     0     0     0     0     0     0     0     0 
