DIMENSION: 37
N: 15
M: 10
K: 2

SERVICE: 
196 443 380 481 396 120 81 250 209 183 268 188 471 321 490 

DIST MATRIX: 
    0   379   392   510   199   359   458   328   431   585   827   418   114   395   532   745   604   297   768   798   845   963   466   379   228   532   280   396   191   820   717   867   207   129   292   468   263     0 
  807     0   569   262   832   974   769   495   487    54   331   785   679   763   359   324   653   408   297   162   379   343   470   258   553   480   835  1014   455   235   369   250   471   511   704   602   457     0 
  489   250     0   260   513   662   555   263   342   268   551   549   370   524   334   487   553   170   496   482   580   654   354    63   269   405   538   701   137   518   483   557   168   192   426   424   184     0 
  664   203   692     0   749   914   870   270   642   290   652   862   644   837   582   632   847   484   614   409   699   629   644   294   370   683   821   950   376   552   663   548   349   465   483   307   296     0 
  254   254   649   656     0   559   740   189   662   622   948   702   396   679   715   886   859   490   893   815   979  1018   690   451   130   753   543   586   284   899   879   924   234   321    30   227   221     0 
  195   638   562   772    94     0   518   576   635   873  1088   458   263   448   771   999   749   555  1030  1086  1099  1245   675   667   468   737   222   139   479  1097   961  1149   487   414   436   674   535     0 
  596   808   277   596   448   418     0   776   368   807   846    67   368    92   529   747   336   455   795   993   834  1071   398   651   693   428   272   443   578   916   684   987   628   491   770   935   691     0 
  432   253   359   295   454   604   521     0   336   327   598   510   313   485   356   528   547   155   541   540   624   710   354   122   233   411   483   643    84   572   518   614   127   134   387   418   161     0 
  765   794   199   402   656   688   240   788     0   642   571   299   510   297   304   475    24   387   528   785   549   815   205   556   740   183   516   720   587   667   405   743   645   528   864   957   697     0 
  577   227   480   282   620   774   664   268   428     0   520   662   484   638   377   474   633   275   470   387   558   579   430    80   317   471   655   813   232   458   488   484   238   304   470   402   222     0 
 1127   759   798   486  1139  1271   992   815   705   378     0  1022   978  1004   543   351   805   690   297   194   312    31   674   576   877   653  1118  1311   775   157   423    87   795   822  1027   905   781     0 
  477   569   100   373   381   450   194   546   178   562   663     0   224   164   334   567   304   203   607   757   664   862   218   398   478   276   278   488   342   707   517   772   397   263   587   712   456     0 
  680   522   253    68   641   748   451   537   163   305   356   477     0   458    59   266   330   187   298   466   366   549   141   252   530   158   584   787   374   393   234   461   424   366   682   698   455     0 
  217   566   416   631    69   176   392   512   487   749   945   336   122     0   626   855   608   415   887   962   954  1110   527   546   407   589   120   215   373   960   815  1015   395   295   427   639   452     0 
  646   821   251   565   504   485    60   794   335   786   798   101   407   120     0   700   273   448   749   963   782  1029   360   643   718   381   333   511   592   876   634   949   645   509   806   957   706     0 
  939   701   487   237   907  1011   666   736   394   344    99   706   736   690   233     0   457   449    54   369   100   341   356   438   755   319   843  1050   612   203    72   280   653   622   912   876   668     0 
  782   798   213   394   676   710   264   794   211   634   552   323   528   320   294   457     0   392   510   772   528   796   203   555   749   173   538   743   595   650   386   727   653   538   876   963   703     0 
  493   407   210   218   461   582   390   403   181   364   535   391   293   367   237   449   392     0   476   568   549   697   203   196   369   264   430   622   210   546   420   603   267   182   512   572   313     0 
  961   698   531   259   937  1046   714   736   437   324    59   752   767   736   274    54   510   476     0   323    88   287   401   443   763   368   881  1086   626   150   126   226   663   643   921   870   673     0 
  964   570   716   398   993  1137   915   629   628   214   329   936   842   915   483   369   772   568   323     0   383   221   606   419   699   604   996  1176   614   191   432   152   625   673   845   712   604     0 
 1039   785   581   336  1007  1109   753   823   488   410    53   795   836   781   331   100   528   549    88   383     0   294   450   529   849   407   941  1148   708   194   150   260   748   721  1006   958   759     0 
 1142   781   799   490  1150  1280   990   836   704   396   253  1022   988  1004   542   341   796   697   287   221   294     0   672   591   896   649  1125  1319   791   156   413    97   812   835  1047   930   800     0 
  659   602   131   209   588   668   318   603    40   444   455   351   420   335   131   356   203   203   401   606   450   672     0   353   571    66   496   706   412   518   301   589   469   373   711   771   514     0 
  552   273   400   223   575   722   585   299   348   205   497   586   428   561   310   438   555   196   443   419   529   591   353     0   321   397   592   761   200   457   441   495   225   254   479   451   231     0 
  293   171   543   526   395   564   659   108   546   500   818   628   339   604   588   755   749   369   763   699   849   896   571   321     0   633   507   597   159   773   749   801   106   215   157   243    96     0 
  725   655   181   220   651   725   347   660   103   461   418   388   484   375   122   319   173   264   368   604   407   649    66   397   633     0   552   762   474   497   257   571   530   438   774   827   572     0 
  337   657   371   636   179   175   297   608   456   787   938   236   177   227   610   843   538   430   881   996   941  1125   496   592   507   552     0   211   445   971   795  1032   478   357   543   746   538     0 
  334   764   582   835   202    40   489   704   666   964  1143   427   335   424   817  1050   743   622  1086  1176  1148  1319   706   761   597   762   211     0   585  1168  1003  1225   602   509   575   810   655     0 
  352   230   394   378   389   548   532   205   389   402   682   511   268   486   432   612   595   210   626   614   708   791   412   200   159   474   445   585     0   655   600   694    58    91   308   373   115     0 
 1004   676   643   336  1003  1128   836   725   549   281   141   867   838   849   387   203   650   546   150   191   194   156   518   457   773   497   971  1168   655     0   275    77   682   691   928   837   678     0 
  913   712   431   223   870   965   603   740   340   380   166   645   699   632   189    72   386   420   126   432   150   413   301   441   749   257   795  1003   600   275     0   351   645   599   905   889   667     0 
 1046   691   713   400  1054  1185   907   745   620   302   210   937   893   918   459   280   727   603   226   152   260    97   589   495   801   571  1032  1225   694    77   351     0   716   738   954   845   706     0 
  340   182   452   422   402   566   585   149   446   417   719   561   301   537   482   653   653   267   663   625   748   812   469   225   106   530   478   602    58   682   645   716     0   137   260   316    63     0 
  318   318   329   386   321   471   449   286   343   459   701   424   182   399   418   622   538   182   643   673   721   835   373   254   215   438   357   509    91   691   599   738   137     0   340   449   200     0 
  241   283   665   682   390   549   750   218   682   652   975   709   402   687   739   912   876   512   921   845  1006  1047   711   479   157   774   543   575   308   928   905   954   260   340     0   245   250     0 
  481   177   767   674   615   782   898   169   753   558   918   869   581   845   757   876   963   572   870   712   958   930   771   451   243   827   746   810   373   837   889   845   316   449   245     0   260     0 
  374   119   506   444   453   619   646    91   494   404   727   624   362   599   514   668   703   313   673   604   759   800   514   231    96   572   538   655   115   678   667   706    63   200   250   260     0     0 
    0     0     0     0     0     0     0     0     0     0     0     0     0     0     0     0     0     0     0     0     0     0     0     0     0     0     0     0     0     0     0     0     0     0     0     0     0     0 
