DIMENSION: 27
N: 15
M: 5
K: 2

SERVICE: 
217 133 211 203 342 286 141 301 284 345 378 170 144 302 159 

DIST MATRIX: 
    0   226   554   218   499    97   371   807   376   136   107   348   159   408   221   889   263   633   214   362   645   384   610   176   357   493   107     0 
  328     0   271   379   551   261    75   480   578   320   305   144   201   538   142   610   467   499   199    96   505   660   443   267    68   667   325     0 
  622   540     0   671   674   651   453   460   822   660   663   403   588   736   527   665   748   434   614   384   777   945   371   682   392   864   678     0 
  238   487   552     0   144   414   613  1021    86   295   332   429   420    24   443  1162   146   418   549   480  1002   228   441   551   499   115   317     0 
   60   189   384   108     0   142   322   751   310    73    90   190   125   288   146   874   196   438   257   226   706   390   414   273   234   408    97     0 
  388   156   332   436   625     0     6   434   638   367   345   221   235   605   185   546   523   574   184   174   428   709   518   253   146   732   366     0 
  413   245   210   465   594   371     0   402   656   419   408   190   310   602   249   559   553   483   306   140   527   750   420   375   127   735   427     0 
  858   609   730   901  1104   713   483     0  1104   820   791   695   684  1082   651   170   985  1016   570   643   195  1154   951   604   617  1205   811     0 
   92   222   471    97   376   118   369   807     0    15    36   272   143   295   191   916   164   513   261   302   715   334   495   254   307   396    20     0 
  351   556   755   299   409   436   705  1143   179     0   366   583   477   287   527  1248   218   677   577   624  1016    43   691   547   633   251   345     0 
  341   567   730   289   351   455   712  1145   127   352     0   571   488   233   533  1261   201   628   599   615  1046    28   647   575   628   181   358     0 
  386   329    43   436   481   425   291   525   597   425   429     0   364   520   306   705   515   318   416   163   699   714   253   479   180   652   444     0 
   39   214   411    79   331   148   351   781   282    52    81   219     0   268   173   902   167   448   275   256   727   359   429   284   265   384    81     0 
  344   539   752   293   425   416   689  1128   196   331   350   575   460     0   512  1229   217   687   556   614   991    72   698   523   622   277   329     0 
  260   142   505   282   553    73   272   700   466   189   152   304   110   480     0   777   348   637   103   303   539   491   602    69   290   580   167     0 
  933   694   728   981  1152   812   552   206  1184   909   883   741   773  1147   730     0  1069  1021   675   689   363  1250   955   721   666  1276   904     0 
  140   377   536    88   263   282   517   946   120   167   200   370   302   152   339  1069     0   483   424   414   879   200   487   416   426   233   182     0 
  424   540   293   449   290   571   573   834   501   500   527   366   527   395   497  1021   483     0   634   404  1000   643    67   680   432   496   529     0 
  313    95   458   347   598   144   178   598   544   258   225   276   132   542   139   675   424   634     0   257   455   584   591    69   236   654   244     0 
  274   167   204   327   464   267   171   541   516   289   285    53   205   463   145   689   414   404   257     0   601   612   350   318    28   595   302     0 
  765   519   736   802  1036   597   430   444   999   713   679   647   583   994   566   363   879  1000   455   601     0  1029   941   471   573  1108   698     0 
  338   556   734   286   370   441   703  1139   142   343   367   570   477   250   524  1250   200   643   584   612  1029     0   660   558   624   208   346     0 
  409   496   227   441   326   540   517   767   520   481   504   317   492   417   455   955   487    67   591   350   941   660     0   640   378   529   509     0 
  324   151   521   349   615   138   247   657   535   256   219   330   155   547   186   721   416   680    69   318   471   558   640     0   300   649   235     0 
  286   150   222   339   488   260   143   523   532   294   286    78   197   483   136   666   426   432   236    28   573   624   378   300     0   615   304     0 
  348   597   661   307   206   514   727  1137   118   396   431   544   527   133   554  1276   233   496   654   595  1108   208   529   649   615     0   414     0 
  110   211   476   117   396   101   360   799   301    29    21   275   131   314   184   904   182   529   244   302   698   346   509   235   304   414     0     0 
    0     0     0     0     0     0     0     0     0     0     0     0     0     0     0     0     0     0     0     0     0     0     0     0     0     0     0     0 
