DIMENSION: 27
N: 15
M: 5
K: 2

SERVICE: 
196 443 380 481 396 120 81 250 209 183 268 188 471 321 490 

DIST MATRIX: 
    0   379   392   510   199   359   458   328   431   585   827   418   114   395   532   556   706   472   450   124   186   798   360   107   617   468   969     0 
  807     0   569   262   832   974   769   495   487    54   331   785   679   763   359   735   849   178   716   514   509   869   659   744   104   602   342     0 
  489   250     0   260   513   662   555   263   342   268   551   549   370   524   334   579   723   166   515   193   217   782   415   423   313   424   657     0 
  664   203   692     0   749   914   870   270   642   290   652   862   644   837   582   888  1028   337   830   454   523  1076   407   653   402   307   616     0 
  254   254   649   656     0   559   740   189   662   622   948   702   396   679   715   830   982   558   729   301   420  1068    87   320   698   227  1014     0 
  195   638   562   772    94     0   518   576   635   873  1088   458   263   448   771   655   782   755   543   412   437   889   535   183   897   674  1252     0 
  596   808   277   596   448   418     0   776   368   807   846    67   368    92   529   206   297   675   139   509   410   407   838   470   766   935  1090     0 
  432   253   359   295   454   604   521     0   336   327   598   510   313   485   356   558   706   220   486   134   170   772   388   364   367   418   714     0 
  765   794   199   402   656   688   240   788     0   642   571   299   510   297   304   110   186   528   194   548   429   231   902   634   566   957   838     0 
  577   227   480   282   620   774   664   268   428     0   520   662   484   638   377   675   814   143   621   301   335   863   433   528   263   402   577     0 
 1127   759   798   486  1139  1271   992   815   705   378     0  1022   978  1004   543   919   994   479   934   828   803   978   977  1056   337   905    18     0 
  477   569   100   373   381   450   194   546   178   562   663     0   224   164   334   257   409   428   163   284   169   496   636   348   535   712   877     0 
  680   522   253    68   641   748   451   537   163   305   356   477     0   458    59   406   523   196   396   382   302   555   685   575   240   698   565     0 
  217   566   416   631    69   176   392   512   487   749   945   336   122     0   626   522   658   626   409   298   298   762   514   109   764   639  1119     0 
  646   821   251   565   504   485    60   794   335   786   798   101   407   120     0   140   230   656   104   528   420   339   869   516   737   957  1050     0 
  715   809   199   474   591   602   143   794   253   709   674   205   463   209   386     0   153   586   113   538   419   244   892   583   644   962   936     0 
  859   959   348   588   727   715   265   945   386   828   734   324   609   337   490   153     0   713   257   691   572   110  1044   727   751  1113  1009     0 
  652   367   405   144   661   799   602   401   333   134   390   613   504   590   246   586   713     0   552   349   332   750   563   577   147   544   497     0 
  604   731   147   463   478   495    58   708   233   682   707   107   352   103   391   113   257   552     0   446   331   355   795   472   634   874   952     0 
  307   301   350   398   320   474   468   267   362   461   713   442   190   418   435   538   691   349   446     0   120   771   355   230   495   430   846     0 
  382   401   230   336   343   469   360   377   249   461   653   342   176   317   347   419   572   332   331   120     0   651   475   273   466   544   821     0 
  959  1025   422   615   831   824   371  1017   440   855   712   432   706   442   512   244   110   750   355   771   651     0  1126   827   767  1186   992     0 
  340   219   705   675   483   646   811   165   708   609   951   775   473   752   744   892  1044   563   795   355   475  1126     0   404   696   145   993     0 
  132   467   445   606    95   262   466   410   500   691   924   416   124   397   619   583   727   577   472   230   273   827   404     0   721   531  1074     0 
  799   488   489   172   803   935   689   531   402   114   259   710   642   690   262   644   751   147   634   495   466   767   696   721     0   658   355     0 
  481   177   767   674   615   782   898   169   753   558   918   869   581   845   757   962  1113   544   874   430   544  1186   145   531   658     0   920     0 
 1145   774   816   505  1158  1290  1009   831   722   395   281  1040   997  1022   561   936  1009   497   952   846   821   992   993  1074   355   920     0     0 
    0     0     0     0     0     0     0     0     0     0     0     0     0     0     0     0     0     0     0     0     0     0     0     0     0     0     0     0 
