DIMENSION: 27
N: 15
M: 5
K: 2

SERVICE: 
74 705 379 27 260 128 387 104 67 334 122 301 326 101 97 

DIST MATRIX: 
    0   422   412   659   512   429   703   426   426   435   665   505   483   360   381   397   269   298   680   260   721   360   394   559   317    71   476     0 
  397     0   688   979   647   652  1005   668   733   663   969   812   804   584   596   533   358   323  1004   586   939   375   373   859   119   256   711     0 
   87   392     0   656   451   380   685   382   410   387   648   489   511   309   329   335   328   352   683   281   674   416   447   539   338    96   534     0 
  606   361   388     0   692   516   176   471   285   501   163   221   324   535   545   683   842   899    52   435   537   937   982   218   993   750   670     0 
  221   237   215   558     0   174   543   185   299   184   510   368   525   104   122   161   531   559   604   315   469   622   655   400   528   302   665     0 
  410   289   262   618    72     0   551   174   384   143   528   427   670   133   112    72   713   736   678   485   346   800   830   431   672   474   849     0 
  541   437   462   230   781   599     0   555   339   587   364   323   139   592   609   738   703   764   178   345   709   790   835   361   897   674   467     0 
  276    94    76   417   303   133   400     0   161   128   367   225   434   105   124   252   593   632   467   268   391   690   728   256   641   399   644     0 
  332   161   182   255   497   316   310   273     0   306   272   119   250   305   323   452   599   651   287   189   486   697   740   182   722   476   530     0 
  131   360   344   649   384   325   662   333   394     0   627   472   538   254   272   267   395   416   683   307   620   481   511   516   379   155   593     0 
  470   175   201   161   505   328   160   283   119   313     0    40   342   349   358   495   749   800   223   339   394   847   890    47   860   613   662     0 
  292   162   137   496   224    85   461    90   244    91   431     0   516    22    46   166   610   642   549   334   378   704   739   323   622   391   704     0 
  735   717   741   500  1055   876   659   833   619   865   641   610     0   859   879  1000   788   848   432   550   997   852   894   649  1026   844   446     0 
  272   100    81   423   300   132   406   104   166   128   373   231   437     0   121   247   590   629   473   269   393   687   725   262   636   394   644     0 
  349   281   254   615   131   139   566   178   368   155   539   421   636   108     0    41   649   671   671   439   399   735   765   435   609   409   796     0 
  372   322   295   656   119   175   603   217   410   191   577   462   675   149   137     0   662   681   712   474   417   746   774   475   606   418   825     0 
  319   662   658   828   779   695   908   687   639   699   870   714   564   627   649   662     0    61   828   413   982    99   141   775   260   248   369     0 
  356   705   700   884   799   727   960   723   688   733   922   764   625   658   679   681    61     0   886   467  1018    66    96   824   215   263   424     0 
  608   390   417    72   728   550   228   504   307   535   214   251   292   563   575   712   828   886     0   428   587   921   966   258   990   751   636     0 
  196   294   303   419   557   400   497   370   240   396   459   307   231   356   379   474   413   467   428     0   638   510   554   370   563   330   376     0 
  663   344   337   515   330   294   375   295   419   287   376   394   726   365   348   417   982  1018   587   638     0  1078  1114   348   995   769  1009     0 
  415   760   756   923   864   789  1006   783   738   794   968   812   650   720   741   746    99    66   921   510  1078     0    45   873   260   328   415     0 
  453   800   795   968   893   824  1050   819   780   829  1012   855   695   754   775   774   141    96   966   554  1114    45     0   916   255   356   454     0 
  486   163   187   191   475   303   146   259   136   288   111    64   389   333   339   475   775   824   258   370   348   873   916     0   874   626   704     0 
  391   729   716   974   724   702  1018   711   742   712   981   821   764   632   648   606   260   215   990   563   995   260   255   874     0   248   625     0 
  144   484   472   730   537   475   770   477   494   483   733   573   550   404   424   418   248   263   751   330   769   328   356   626   248     0   511     0 
  464   666   677   667   921   775   798   747   594   772   764   641   346   726   750   825   369   424   636   376  1009   415   454   704   625   511     0     0 
    0     0     0     0     0     0     0     0     0     0     0     0     0     0     0     0     0     0     0     0     0     0     0     0     0     0     0     0 
