DIMENSION: 47
N: 15
M: 15
K: 2

SERVICE: 
224 289 314 199 415 112 374 191 432 223 315 221 354 436 241 

DIST MATRIX: 
    0   742   447   468   373   571   391   650   387   211   553   427   461   412   202   397   383   326   658   700   579   655   772   652   661   520   299   620   696   690   729   317   133   648   588   530   543   759   782  1026   792   534   660   610   275   357   715     0 
  812     0   643   640   870   578   735   586   735   924   629   726   572   660   928   632   625   853   867   605   708   585   420   351   349   704   875   385   316   690   568   886   989  1036   797   698   605   482   326   310   499   839   564   399   881   781   465     0 
   93   658     0   333   248   435   254   624   249    99   416   289   398   279    92   276   277   195   530   563   442   518   641   551   570   382   172   516   605   552   592   365   234   541   455   525   407   624   712   957   657   405   524   520   149   219   583     0 
  370   278   197     0   426   178   288   477   287   475   225   284   269   210   480   187   200   404   500   299   321   249   234   132   192   290   425   104   217   364   292   564   599   642   410   495   192   256   374   590   299   430   234   172   431   333   202     0 
  467   452   243   224     0   121   312   690   315   529   152   284   478   279   536   313   360   421   355   100   203    74   105   316   383   220   450   301   396   182    80   749   743   525   288   707   150    68   555   735   103   337    53   378   467   358    47     0 
  289   375    94    97   324     0   186   532   186   382   145   182   293   112   388   114   156   303   417   261   240   206   267   231   284   198   326   199   313   306   269   545   546   548   323   523   111   265   466   690   304   335   198   254   334   232   214     0 
  482   898   442   429   267   453     0  1018   378   403   402   356   762   452   412   522   579   323   182   436   316   441   617   752   808   331   335   722   836   357   479   858   729    41   228   963   431   562   990  1210   563   191   462   777   356   355   563     0 
  607   145   545   558   755   561   621     0   618   736   607   633   279   538   737   475   431   715   881   675   703   628   549   264   197   665   725   282   186   746   658   535   681  1013   789   313   573   597    70   291   635   801   611   213   721   654   549     0 
  544   938   489   474   329   487   427  1071     0   468   436   406   815   503   476   573   633   385   186   450   345   463   635   791   849   369   398   762   876   367   491   921   794    24   254  1020   468   577  1032  1247   573   232   485   821   419   412   584     0 
  143   591   344   367   352   466   314   513   309     0   460   352   310   306   217   272   244   297   623   609   508   558   653   505   510   445   280   473   545   615   632   243   161   655   539   405   443   647   630   875   684   498   560   459   260   296   600     0 
  322   780   316   310   109   364   234   871   237   246     0   227   615   317   255   381   434   163   227   401   257   386   561   638   688   240   175   606   718   342   443   697   573   200   199   808   336   515   866  1096   528   132   404   651   195   205   501     0 
  144   433   172   196   302   283   192   461   187   270   290     0   207   138   271    79    49   254   512   433   361   379   456   323   344   300   260   289   379   456   450   366   357   594   418   405   266   455   496   740   494   398   377   295   253   206   405     0 
  657    87   551   559   775   538   636   319   634   783   588   640     0   553   784   500   469   742   859   628   682   589   478   232   179   654   757   262   149   707   605   644   773  1006   772   436   556   533    59   230   567   794   569   221   757   675   492     0 
  481   873   422   408   266   424   360  1004   365   412   373   339   748     0   421   506   566   322   142   398   284   407   581   727   784   304   338   697   811   318   441   859   739    48   194   954   404   525   966  1183   525   165   428   755   360   347   528     0 
  338   843   382   379   154   444   293   908   295   234   395   294   655   376     0   433   479   194   302   487   343   471   645   704   750   322   191   670   782   428   530   697   553   227   285   833   414   600   924  1159   614   219   489   710   204   255   584     0 
  183   415    99   123   280   204   148   498   145   293   214   168   242    72   296     0    63   243   452   355   291   301   381   288   322   233   257   253   356   382   371   443   432   552   357   460   188   377   491   730   415   347   298   279   258   179   328     0 
  190   387   162   185   329   259   205   439   201   314   275   228   183   135   316    63     0   286   515   411   354   356   417   274   296   296   295   240   332   442   423   389   399   611   420   397   246   421   453   696   461   408   351   249   291   229   369     0 
  159   657   210   216    56   306   119   715   118   121   269   138   461   195   130   243   286     0   335   402   265   366   520   523   564   213    31   489   597   374   438   537   429   361   263   646   275   489   734   972   514   209   378   522    52    71   458     0 
  480   775   356   336   285   322   323   943   328   448   275   291   692   380   457   452   515   335     0   265   179   283   451   629   691   222   360   603   714   181   306   855   763   179    96   912   309   392   874  1078   388   126   304   668   383   329   402     0 
  480   550   266   242   382   151   309   776   313   518   149   275   551   304   527   355   411   402   265     0   146    55   186   411   478   188   432   394   493    85    43   798   769   441   213   782   168   127   653   834   129   272    66   469   452   348   142     0 
  369   598   192   169   239   144   194   770   199   385    96   157   523   223   394   291   354   265   179   146     0   131   308   451   513    63   296   425   536   110   187   721   663   331    91   749   130   259   695   903   271   134   150   490   317   223   250     0 
  433   508   215   191   354    97   266   724   270   480   102   234   497   252   488   301   356   366   283    55   131     0   178   366   432   156   396   346   450   118    75   744   719   451   214   727   115   129   610   800   148   264    21   420   415   308   122     0 
  550   410   329   313   518   215   407   684   409   623   254   382   501   362   630   381   417   520   451   186   308   178     0   294   359   324   549   291   363   271   148   796   813   625   390   722   246    62   513   667    89   442   158   369   563   454    62     0 
  463   146   323   329   551   307   412   390   410   580   356   412   249   330   583   288   274   523   629   411   451   366   294     0    67   422   541    35    85   484   395   570   645   774   541   442   324   337   245   459   377   562   348    79   545   454   287     0 
  487    93   372   381   596   369   457   329   455   609   417   461   225   373   612   322   296   564   691   478   513   432   359    67     0   480   579    88    35   550   462   545   640   832   601   394   384   403   183   409   443   619   414    51   580   496   354     0 
  307   569   135   114   197   126   131   721   136   331    75    94   470   163   339   233   296   213   222   188    63   156   324   422   480     0   244   393   506   171   225   659   600   352   127   693   101   283   663   879   304   140   171   452   264   163   263     0 
  149   672   234   242    76   334   144   717   143    91   299   167   465   215   101   257   295    31   360   432   296   396   549   541   579   244     0   506   613   404   468   522   406   375   291   642   303   518   746   986   543   235   408   536    24    96   487     0 
  428   176   290   296   517   281   378   394   376   545   329   379   229   295   548   253   240   489   603   394   425   346   291    35    88   393   506     0   114   463   381   547   616   745   514   434   296   329   270   491   370   532   329    78   509   419   277     0 
  522    62   402   410   628   393   489   336   487   644   441   492   256   405   647   356   332   597   714   493   536   450   363    85    35   506   613   114     0   568   475   574   674   858   626   412   409   412   160   378   450   646   431    86   614   529   365     0 
  478   626   285   260   344   194   302   835   307   495   168   265   599   320   504   382   442   374   181    85   110   118   271   484   550   171   404   463   568     0   125   821   771   359   144   829   198   211   728   916   207   210   138   536   426   333   227     0 
  507   529   288   265   421   167   340   769   344   553   176   307   553   326   561   371   423   438   306    43   187    75   148   395   462   225   468   381   475   125     0   812   793   483   256   783   189    87   632   806    86   315    73   458   487   382   113     0 
  379   598   537   561   593   647   535   391   530   464   656   570   322   501   457   443   389   537   855   798   721   744   796   570   545   659   522   547   574   821   812     0   197   897   766   250   631   807   597   819   848   732   740   499   502   526   754     0 
  293   712   505   528   482   627   469   566   464   327   620   506   421   467   318   432   399   429   763   769   663   719   813   645   640   600   406   616   674   771   793   197     0   770   686   434   604   809   734   971   846   638   721   590   383   444   760     0 
  520   920   469   455   305   471   406  1050   410   444   420   385   793   482   452   552   611   361   179   441   331   451   625   774   832   352   375   745   858   359   483   897   770     0   240   998   451   568  1014  1230   566   213   473   802   395   390   573     0 
  397   688   261   241   221   235   232   848   237   382   185   198   596   285   391   357   420   263    96   213    91   214   390   541   601   127   291   514   626   144   256   766   686   240     0   817   218   337   784   994   342    67   235   576   314   244   336     0 
  495   414   558   580   699   636   596   143   592   614   663   623   231   532   610   460   397   646   912   782   749   727   722   442   394   693   642   434   412   829   783   250   434   998   817     0   631   751   381   581   793   802   717   363   628   608   696     0 
  320   470    99    76   276    31   162   644   165   379    34   136   402   137   387   188   246   275   309   168   130   115   246   324   384   101   303   296   409   198   189   631   604   451   218   631     0   219   566   779   249   241   118   360   318   209   184     0 
  535   462   311   292   480   189   380   723   383   597   219   352   525   347   605   377   421   489   392   127   259   129    62   337   403   283   518   329   412   211    87   807   809   568   337   751   219     0   565   726    42   391   112   407   534   426    55     0 
  638   104   551   561   770   552   633   260   630   765   599   640   321   549   766   491   453   734   874   653   695   610   513   245   183   663   746   270   160   728   632   597   734  1014   784   381   566   565     0   246   602   801   591   214   744   669   521     0 
  883   316   780   787  1005   760   866   440   864  1009   810   869   565   782  1011   730   696   972  1078   834   903   800   667   459   409   879   986   491   378   916   806   819   971  1230   994   581   779   726   246     0   755  1019   780   451   986   905   693     0 
  568   498   345   324   501   222   409   764   412   625   246   379   568   382   633   415   461   514   388   129   271   148    89   377   443   304   543   370   450   207    86   848   846   566   342   793   249    42   602   755     0   401   136   448   561   453    97     0 
  355   708   258   243   162   264   206   844   211   325   212   179   589   275   334   347   408   209   126   272   134   264   442   562   619   140   235   532   646   210   315   732   638   213    67   802   241   391   801  1019   401     0   284   589   259   206   384     0 
  437   489   216   194   368    94   274   710   277   490   110   243   486   254   498   298   351   378   304    66   150    21   158   348   414   171   408   329   431   138    73   740   721   473   235   717   118   112   591   780   136   284     0   404   425   318   101     0 
  438   139   337   348   556   349   418   316   416   562   394   426   178   334   564   279   249   522   668   469   490   420   369    79    51   452   536    78    86   536   458   499   590   802   576   363   360   407   214   451   448   589   404     0   535   456   355     0 
  133   673   244   254    99   349   157   707   155    69   316   183   458   222    78   258   291    52   383   452   317   415   563   545   580   264    24   509   614   426   487   502   383   395   314   628   318   534   744   986   561   259   425   535     0   109   502     0 
  153   590   139   146   101   239    48   666    47   172   208    75   410   124   180   179   229    71   329   348   223   308   454   454   496   163    96   419   529   333   382   526   444   390   244   608   209   426   669   905   453   206   318   456   109     0   392     0 
  492   417   269   252   455   153   345   670   348   562   192   320   470   304   569   328   369   458   402   142   250   122    62   287   354   263   487   277   365   227   113   754   760   573   336   696   184    55   521   693    97   384   101   355   502   392     0     0 
    0     0     0     0     0     0     0     0     0     0     0     0     0     0     0     0     0     0     0     0     0     0     0     0     0     0     0     0     0     0     0     0     0     0     0     0     0     0     0     0     0     0     0     0     0     0     0     0 
