DIMENSION: 37
N: 15
M: 10
K: 2

SERVICE: 
318 231 131 268 316 143 335 279 175 130 185 104 300 207 356 

DIST MATRIX: 
    0   107   344   338   247   223   118   192   544   698   234   471   188   449   313   160   349   144   636   502   274   304   414   627   572   244   231   487   623   635   567    42   350   526   425   474   505     0 
  366     0   444   446   351   310   229   325   665   718   307   604   308   592   422   267   398   220   716   627   275   290   550   694   690   127    93   569   685   717   638   184   435   535   493   394   463     0 
  486   245     0   418    42    72   271   254   335   864   105   283   287   350   396    63   511   324   732   298   475   510   238   745   360   451   394   593   747   427   681   200   153   707   239   690   714     0 
  462   406   507     0   484   525   415   312   471   703   558   358   338   138   276   481   460   449   435   430   554   591   321   489   508   700   728   367   506   721   438   457   560   630   641   814   752     0 
  490   340   326   322     0   364   358   260   301   806   396   186   302    58   315   335   501   409   580   257   549   588   139   620   340   636   630   477   632   539   561   363   379   696   457   807   777     0 
  571   337    60   475    90     0   363   324   230   942   167   195   363   324   456   169   594   419   782   196   573   609   167   803   254   557   496   651   809   338   740   302   112   794   194   795   813     0 
  332   353   653   491   557   522     0   437   862   592   521   787   402   729   474   471   356   289   682   820   210   192   728   638   890    91   222   552   623   932   596   346   649   411   710   181   281     0 
  516   354   301   353   300   350   373     0   267   838   382   152   322    81   345   327   528   426   614   222   569   609   106   654   306   646   633   510   666   506   595   370   356   725   431   826   801     0 
  851   620   252   737   349   383   646   600     0  1217   388   278   642   497   722   436   873   701  1029   208   855   890   318  1061   146   819   734   910  1069    90   999   582   259  1074   228  1069  1095     0 
  421   659  1034   563   944   935   634   672  1162     0   951  1054   630   885   571   866   399   584   438  1114   448   425   993   362  1199   625   760   437   337  1329   384   715  1055   198  1137   416   277     0 
  723   486   216   686   235   211   508   520   419  1105     0   443   545   594   664   279   752   549  1001   410   680   707   432  1009   419   568   453   859  1009   317   946   419   161   935   115   838   900     0 
  718   504   203   584   281   331   529   464    38  1069   350     0   509   324   571   360   737   586   864    34   740   778   150   900    66   747   688   752   910   262   839   482   244   938   274   976   982     0 
  365   379   577   179   532   564   379   291   582   572   596   467     0   251   197   509   357   398   305   538   472   505   420   357   621   649   701   237   374   819   306   443   624   510   710   724   646     0 
  316   176   358   175   299   325   189    85   439   657   356   330   124     0   159   268   330   234   480   391   370   409   269   502   476   475   493   350   509   632   439   221   399   530   488   629   599     0 
  435   562   820   332   768   793   553   493   828   442   823   714   483   495     0   731   411   549   129   785   557   577   669   206   866   774   858   216   230  1068   200   635   866   466   953   761   646     0 
  452   211   184   409    87    70   234   242   398   833    94   344   266   391   386     0   480   283   724   361   428   461   297   730   422   389   331   580   730   475   667   153   191   670   271   633   664     0 
   32   269   639   193   552   550   246   274   766   353   570   660   231   511   191   480     0   205   330   718   147   167   598   297   802   372   476   195   288   932   246   334   664   202   748   370   292     0 
  175    82   455   228   362   352    57   150   619   555   369   528   113   441   206   283   205     0   502   573   155   192   466   487   652   252   310   353   482   750   428   131   473   388   553   401   396     0 
  359   533   838   315   773   790   518   482   882   314   818   766   461   556   338   724   330   502     0   836   476   490   714    77   920   701   800   148   101  1105    87   607   878   346   967   655   531     0 
  700   492   216   560   286   338   516   447    48  1047   360    72   492   292   548   361   718   573   836     0   727   766   124   873    86   744   691   727   884   296   813   475   262   919   300   967   968     0 
  122   237   606   294   511   495   212   291   773   443   508   680   247   573   280   428   147   155   476   727     0    39   617   439   807   227   342   342   427   901   392   276   620   262   697   262   241     0 
  146   275   641   328   545   527   249   330   812   430   538   718   286   612   315   461   167   192   490   766    39     0   656   448   844   224   348   362   433   935   404   310   653   247   729   224   205     0 
  582   386   217   437   244   298   409   331   171   923   327    62   376   184   425   297   598   466   714   124   617   656     0   750   209   659   624   603   761   400   690   382   272   799   339   865   856     0 
  329   529   857   329   786   798   512   490   920   238   824   805   463   602   349   730   297   487    77   873   439   448   750     0   958   666   773   152    25  1133    63   602   894   278   982   595   466     0 
  784   570   256   646   341   389   595   530    39  1132   405   154   574   372   634   422   802   652   920    86   807   844   209   958     0   811   747   812   969   236   898   548   290  1003   304  1041  1048     0 
  343   300   569   474   474   436   287   391   784   649   434   715   362   677   453   389   372   252   701   744   227   224   659   666   811     0   136   562   654   844   618   278   562   466   620   272   360     0 
  445   324   494   538   407   359   322   417   726   778   348   674   401   679   515   331   476   310   800   691   342   348   624   773   747   136     0   655   764   748   720   273   476   594   521   402   496     0 
  221   385   705   177   635   648   370   340   774   337   675   659   315   465   197   580   195   353   148   727   342   362   603   152   812   562   655     0   159   982    89   459   742   284   831   551   446     0 
  320   528   862   334   789   799   509   493   931   215   824   816   464   615   353   730   288   482   101   884   427   433   761    25   969   654   764   159     0  1140    71   600   898   255   986   575   444     0 
  908   671   296   807   390   414   697   662   265  1280   411   365   701   582   790   475   932   750  1105   296   901   935   400  1133   236   844   748   982  1140     0  1071   625   285  1131   227  1103  1139     0 
  276   468   794   266   723   735   451   427   860   270   761   745   400   545   286   667   246   428    87   813   392   404   690    63   898   618   720    89    71  1071     0   541   831   266   919   569   448     0 
  305    74   331   303   236   221    91   152   518   686   237   440   152   408   279   153   334   131   607   475   276   310   382   602   548   278   273   459   600   625   541     0   344   519   423   494   514     0 
  638   397    55   566   112   129   422   406   280  1017   129   286   439   436   545   191   664   473   878   262   620   653   272   894   290   562   476   742   898   285   831   344     0   858    88   818   855     0 
  223   462   836   377   747   739   437   475   967   184   756   860   432   701   381   670   202   388   346   919   262   247   799   278  1003   466   594   284   255  1131   266   519   858     0   941   327   190     0 
  721   480   134   654   198   202   504   493   305  1101   192   340   526   513   633   271   748   553   967   300   697   729   339   982   304   620   521   831   986   227   919   423    88   941     0   883   929     0 
  358   479   817   549   720   690   456   547  1011   485   693   926   505   834   538   633   370   401   655   967   262   224   865   595  1041   272   402   551   575  1103   569   494   818   327   883     0   145     0 
  292   479   845   484   749   728   453   526  1014   340   738   918   481   795   479   664   292   396   531   968   241   205   856   466  1048   360   496   446   444  1139   448   514   855   190   929   145     0     0 
    0     0     0     0     0     0     0     0     0     0     0     0     0     0     0     0     0     0     0     0     0     0     0     0     0     0     0     0     0     0     0     0     0     0     0     0     0     0 
