DIMENSION: 37
N: 15
M: 10
K: 2

SERVICE: 
74 705 379 27 260 128 387 104 67 334 122 301 326 101 97 

DIST MATRIX: 
    0   422   412   659   512   429   703   426   426   435   665   505   483   360   381   172   250   317   158   221   468    37   101   485   228   236   374   208   293   256   855   207   247   283   113    71   263     0 
  397     0   688   979   647   652  1005   668   733   663   969   812   804   584   596   462   421   447   311   177   702   338   329   676   151   474   300   300   577   306  1101   510   272   572   352   256   390     0 
   87   392     0   656   451   380   685   382   410   387   648   489   511   309   329   227   314   381   217   253   422    34   164   547   253   299   420   264   345   311   815   255   297   333    52    96   199     0 
  606   361   388     0   692   516   176   471   285   501   163   221   324   535   545   606   760   816   774   891   480   663   719   767   903   672  1001   824   563   866   500   560   877   552   658   750   711     0 
  221   237   215   558     0   174   543   185   299   184   510   368   525   104   122   371   502   572   420   455   221   226   361   703   451   463   627   470   462   517   620   374   504   446   157   302   127     0 
  410   289   262   618    72     0   551   174   384   143   528   427   670   133   112   560   690   760   602   616   170   408   546   891   607   652   795   648   646   695   522   560   678   630   333   474   216     0 
  541   437   462   230   781   599     0   555   339   587   364   323   139   592   609   484   615   659   658   792   580   601   615   568   809   525   868   702   406   737   706   434   755   400   623   674   720     0 
  276    94    76   417   303   133   400     0   161   128   367   225   434   105   124   388   544   615   489   556   147   309   426   701   558   484   715   543   446   592   514   372   586   430   264   399   271     0 
  332   161   182   255   497   316   310   273     0   306   272   119   250   305   323   362   526   591   516   622   304   387   457   608   632   445   748   569   361   614   547   323   620   346   381   476   448     0 
  131   360   344   649   384   325   662   333   394     0   627   472   538   254   272   285   382   449   284   305   371    98   232   612   301   363   479   329   399   375   768   307   359   386    24   155   132     0 
  470   175   201   161   505   328   160   283   119   313     0    40   342   349   358   512   677   741   664   764   293   521   603   747   772   595   896   717   507   763   416   474   767   493   501   613   534     0 
  292   162   137   496   224    85   461    90   244    91   431     0   516    22    46   427   572   644   501   547   127   309   440   753   544   522   716   552   502   601   525   421   590   486   247   391   208     0 
  735   717   741   500  1055   876   659   833   619   865   641   610     0   859   879   626   700   718   783   924   861   792   759   540   947   623   948   813   511   834   983   581   861   515   834   844   956     0 
  272   100    81   423   300   132   406   104   166   128   373   231   437     0   121   386   542   613   486   552   148   304   423   700   553   482   710   539   446   588   518   371   582   429   259   394   265     0 
  349   281   254   615   131   139   566   178   368   155   539   421   636   108     0   501   627   697   538   551   190   344   482   834   542   592   730   584   593   630   570   505   613   577   269   409   154     0 
  158   442   443   591   631   508   671   490   407   509   633   479   350   448   472     0   166   233   174   309   534   193   134   333   328    96   395   220   122   261   883    50   274   113   262   221   415     0 
  282   605   604   747   759   656   835   643   572   659   797   644   475   591   614   166     0    71   120   244   687   285   152   260   270    90   255   122   209   134  1047   204   163   215   363   254   513     0 
  352   675   675   804   828   727   898   714   639   730   861   709   520   662   685   233    71     0   173   271   758   353   217   231   298   147   231   154   256   142  1116   268   176   265   431   313   578     0 
  214   563   557   757   668   586   824   581   550   591   786   627   523   517   539   174   120   173     0   141   623   195    63   380   164   163   233    54   273   102  1002   224   104   271   269   140   410     0 
  294   641   630   872   674   630   923   634   646   638   886   725   659   559   577   309   244   271   141     0   674   249   177   499    27   303   181   122   414   133  1068   359   100   412   300   158   404     0 
  411   144   122   453   212    52   382    44   243    39   358   268   553   118   107   534   687   758   623   674     0   433   561   848   671   629   841   675   592   724   399   519   715   576   374   518   320     0 
   60   392   382   642   476   394   679   392   402   400   642   482   484   324   345   193   285   353   195   249   433     0   137   515   252   266   408   244   311   292   822   222   282   300    78    92   230     0 
  151   500   494   702   613   525   764   518   488   530   726   566   482   457   479   134   152   217    63   177   561   137     0   400   195   159   294   117   249   166   939   184   165   244   214   107   361     0 
  489   734   742   762   963   829   888   805   670   828   853   723   443   774   798   333   260   231   380   499   848   515   400     0   526   249   449   378   256   373  1155   332   407   272   590   506   744     0 
  302   644   632   884   663   626   930   632   653   635   893   732   677   555   572   328   270   298   164    27   671   252   195   526     0   327   197   149   436   160  1067   378   126   433   297   160   393     0 
  244   536   538   659   723   604   752   586   494   604   714   563   386   542   566    96    90   147   163   303   629   266   159   249   327     0   343   190   121   216   975   122   239   126   341   265   495     0 
  440   792   785   985   854   800  1056   800   782   807  1018   859   729   729   749   395   255   231   233   181   841   408   294   449   197   343     0   179   464   134  1229   442   130   468   470   325   584     0 
  267   617   611   808   713   637   877   633   603   643   839   680   565   568   589   220   122   154    54   122   675   244   117   378   149   190   179     0   307    49  1056   270    53   308   315   178   451     0 
  268   479   486   552   718   576   658   550   419   573   621   479   266   524   548   122   209   256   273   414   592   311   249   256   436   121   464   307     0   337   906    91   358    16   375   342   524     0 
  316   665   660   851   759   686   923   682   650   691   885   727   599   616   637   261   134   142   102   133   724   292   166   373   160   216   134    49   337     0  1105   309    34   339   362   222   494     0 
  789   442   445   483   513   449   324   435   486   437   343   433   758   517   504   883  1047  1116  1002  1068   399   822   939  1155  1067   975  1229  1056   906  1105     0   854  1100   890   770   910   715     0 
  176   417   421   545   632   498   631   476   373   497   594   442   300   442   466    50   204   268   224   359   519   222   184   332   378   122   442   270    91   309   854     0   323    78   284   264   432     0 
  311   663   656   861   741   675   928   673   653   682   890   730   618   605   625   274   163   176   104   100   715   282   165   407   126   239   130    53   358    34  1100   323     0   360   348   205   474     0 
  255   462   470   541   702   559   645   533   404   557   608   465   261   507   531   113   215   265   271   412   576   300   244   272   433   126   468   308    16   339   890    78   360     0   362   334   510     0 
  107   355   340   635   399   330   654   335   383   338   618   461   516   260   279   262   363   431   269   300   374    78   214   590   297   341   470   315   375   362   770   284   348   362     0   145   154     0 
  144   484   472   730   537   475   770   477   494   483   733   573   550   404   424   221   254   313   140   158   518    92   107   506   160   265   325   178   342   222   910   264   205   334   145     0   273     0 
  258   363   340   686   271   269   667   293   426   282   636   495   631   207   214   415   513   578   410   404   320   230   361   744   393   495   584   451   524   494   715   432   474   510   154   273     0     0 
    0     0     0     0     0     0     0     0     0     0     0     0     0     0     0     0     0     0     0     0     0     0     0     0     0     0     0     0     0     0     0     0     0     0     0     0     0     0 
