DIMENSION: 27
N: 15
M: 5
K: 2

SERVICE: 
74 13 384 76 121 182 306 179 76 134 242 656 293 384 137 

DIST MATRIX: 
    0   704   759   535   159   667   335   535   638   419   494   263   702   588   224   731  1064   595   397    53   675  1166   115   438   540   480   668     0 
  724     0   219   439   666   300   520   262    99   430   476   515   209   148   473   167   371   223   308   737   307   545   581   496   531   502    70     0 
 1056   323     0   687   988   525   821   544   396   720   759   831   425   451   804   345    89   486   634  1069   498   386   912   773   773   765   363     0 
  668   409   622     0   487   654   280   179   316   187   708   342   594   280   429   295   708   192   315   658   135   945   513   185   142   156   344     0 
  300   781   893   473     0   829   280   553   696   387   699   262   840   641   340   760  1145   614   472   263   657  1296   276   364   438   396   730     0 
  832   425   197   815   889     0   822   635   501   765   380   780   215   529   670   579   486   618   581   862   719   384   747   839   903   859   481     0 
  108   698   763   508   124   677     0   519   629   394   514   238   707   577   216   717  1060   579   387    82   655  1171   112   410   510   451   659     0 
  515   440   619    85   333   616   127     0   343    37   616   188   580   292   289   374   783   232   224   504   253   985   363    57   129    72   377     0 
  609   168   356   280   516   386   356    99     0   264   480   359   325    21   346   166   525    85   172   616   203   712   455   330   371   338   110     0 
  528   552   733   139   313   725   130   291   455     0   705   212   692   405   346   476   889   340   325   508   336  1098   392    59    89    56   489     0 
  408   340   366   436   417   291   368   302   307   343     0   313   310   276   198   422   682   335   155   428   452   773   286   415   505   447   326     0 
  465   735   625   866   655   482   735   752   737   756   247     0   579   717   516   854   996   784   595   505   902   955   501   816   919   855   746     0 
  964   461   249   884  1005   302   918   703   551   850   520   884     0   590   785   606   408   675   677   993   761   247   870   923   975   938   525     0 
  922   235   190   668   893   332   756   496   332   667   574   746   238     0   688   345   182   451   535   941   510   312   792   732   760   736   298     0 
  264   486   503   488   327   405   356   400   443   375   255   280   446   404     0   554   830   446   235   289   555   908   171   433   537   473   466     0 
  773   156   383   343   665   464   483   208   118   379   614   505   375   150   510     0   415   146   336   779   166   654   618   429   431   421   113     0 
 1088   365   371   758  1037   514   880   606   449   782   756   883   419   505   843   415     0   550   679  1104   575   299   950   839   846   834   415     0 
  643   220   430   217   521   470   338    62   124   234   560   360   404    90   380   146   550     0   214   645   120   763   485   288   309   286   155     0 
  437   314   432   281   359   403   242   165   241   193   397   214   384   191   175   336   679   214     0   444   320   827   284   267   351   295   272     0 
   40   746   791   588   204   692   387   586   684   471   505   316   734   635   269   779  1104   645   444     0   727  1197   160   491   592   532   713     0 
  730   300   525   197   579   580   378   155   219   272   680   422   506   203   473   166   575   120   320   727     0   820   572   300   277   280   239     0 
 1172   545   407   980  1178   513  1059   807   643   974   752  1041   464   693   964   654   299   763   827  1197   820     0  1060  1042  1072  1047   610     0 
  158   589   652   448   161   569   263   427   524   328   423   182   596   474   109   618   950   485   284   160   572  1060     0   362   468   405   554     0 
  506   497   674   110   307   666   103   236   400    75   651   180   633   348   303   429   839   288   267   491   300  1042   362     0   106    43   434     0 
  609   528   726    92   400   736   206   273   432   164   745   286   691   386   408   431   846   309   351   592   277  1072   468   106     0    64   463     0 
  548   501   688    83   346   688   145   240   404   104   686   223   650   355   344   421   834   286   295   532   280  1047   405    43    64     0   437     0 
  703    66   287   371   625   354   466   198    35   371   504   469   271    90   445   113   415   155   272   713   239   610   554   434   463   437     0     0 
    0     0     0     0     0     0     0     0     0     0     0     0     0     0     0     0     0     0     0     0     0     0     0     0     0     0     0     0 
