DIMENSION: 37
N: 15
M: 10
K: 2

SERVICE: 
318 231 131 268 316 143 335 279 175 130 185 104 300 207 356 

DIST MATRIX: 
    0   107   344   338   247   223   118   192   544   698   234   471   188   449   313   325   283   153   362   535   424   619    81   275   518   123   519   725   359   463   283   531   413   334   664   474   452     0 
  366     0   444   446   351   310   229   325   665   718   307   604   308   592   422   378   140   259   427   655   465   706    63   415   625    59   501   712   467   554   316   628   525   421   760   394   572     0 
  486   245     0   418    42    72   271   254   335   864   105   283   287   350   396   183   452   295   192   325   276   408   282   255   573   281   717   915   434   254   194   317   472   454   731   690   485     0 
  462   406   507     0   484   525   415   312   471   703   558   358   338   138   276   629   775   393   621   477   708   689   574   225   250   621   701   826   257   589   647   600   226   347   376   814   172     0 
  490   340   326   322     0   364   358   260   301   806   396   186   302    58   315   457   684   352   443   305   529   509   484   159   394   515   746   906   324   403   484   417   325   397   541   807   300     0 
  571   337    60   475    90     0   363   324   230   942   167   195   363   324   456   198   554   382   176   219   263   315   389   291   610   385   811  1004   487   169   242   221   516   523   767   795   517     0 
  332   353   653   491   557   522     0   437   862   592   521   787   402   729   474   595   199   347   643   853   681   921   250   541   648   275   344   546   510   767   531   839   566   433   752   181   625     0 
  516   354   301   353   300   350   373     0   267   838   382   152   322    81   345   438   688   370   420   271   506   475   490   181   429   517   772   935   355   373   469   385   359   426   575   826   334     0 
  851   620   252   737   349   383   646   600     0  1217   388   278   642   497   722   341   791   664   287   164   310    57   655   547   847   636  1094  1285   747   141   413    65   765   795   997  1069   751     0 
  421   659  1034   563   944   935   634   672  1162     0   951  1054   630   885   571  1043   750   610  1078  1160  1142  1307   704   743   568   762   213    34   564  1156   999  1212   578   490   542   416   629     0 
  723   486   216   686   235   211   508   520   419  1105     0   443   545   594   664    92   503   539    95   403    27   321   431   528   846   386   924  1132   703   216   130   285   744   713  1003   838   758     0 
  718   504   203   584   281   331   529   464    38  1069   350     0   509   324   571   347   746   541   303    28   367   229   578   395   680   577   969  1151   591   179   410   151   604   648   827   976   584     0 
  365   379   577   179   532   564   379   291   582   572   596   467     0   251   197   679   741   350   680   586   767   789   549   241   119   605   588   700   161   673   682   696   112   249   259   724    50     0 
  316   176   358   175   299   325   189    85   439   657   356   330   124     0   159   442   542   177   449   437   534   606   339    20   314   385   572   742   186   469   442   509   215   236   472   629   226     0 
  435   562   820   332   768   793   553   493   828   442   823   714   483   495     0   911   887   518   918   833  1004  1038   718   475   156   782   565   600   311   921   906   945   261   349    25   761   245     0 
  635   396   152   595   147   119   419   428   383  1017    95   385   454   515   572     0   457   449    54   369   100   341   356   438   755   319   843  1050   612   203    72   280   653   622   912   771   668     0 
  464   369   552   574   465   417   364   463   784   778   405   732   443   732   551   457     0   392   510   772   528   796   203   555   749   173   538   743   595   650   386   727   653   538   876   372   703     0 
  191    53   424   189   335   333    35    92   573   570   355   477    55   384   165   449   392     0   476   568   549   697   203   196   369   264   430   622   210   546   420   603   267   182   512   456   313     0 
  665   424   121   610   151   143   448   446   338  1046   128   351   475   500   588    54   510   476     0   323    88   287   401   443   763   368   881  1086   626   150   126   226   663   643   921   817   673     0 
  744   531   227   608   308   357   556   490    16  1093   375   119   535   339   595   369   772   568   323     0   383   221   606   419   699   604   996  1176   614   191   432   152   625   673   845  1003   604     0 
  735   496   205   692   236   218   519   526   398  1117   195   428   553   586   670   100   528   549    88   383     0   294   450   529   849   407   941  1148   708   194   150   260   748   721  1006   859   759     0 
  886   651   277   781   373   400   677   638   232  1256   400   333   678   551   764   341   796   697   287   221   294     0   672   591   896   649  1125  1319   791   156   413    97   812   835  1047  1089   800     0 
  331   170   403   391   307   273   170   263   615   698   275   548   249   530   367   356   203   203   401   606   450   672     0   353   571    66   496   706   412   518   301   589   469   373   711   418   514     0 
  336   192   348   190   293   323   207   104   420   674   355   311   144   188   176   438   555   196   443   419   529   591   353     0   321   397   592   761   200   457   441   495   225   254   479   649   231     0 
  320   410   668   180   613   637   403   338   696   460   667   580   330   369   205   755   749   369   763   699   849   896   571   321     0   633   507   597   159   773   749   801   106   215   157   672    96     0 
  397   226   390   453   298   254   230   315   615   760   249   559   306   565   428   319   173   264   368   604   407   649    66   397   633     0   552   762   474   497   257   571   530   438   774   452   572     0 
  256   474   849   437   755   740   448   506  1000   255   753   899   462   758   437   843   538   430   881   996   941  1125   496   592   507   552     0   211   445   971   795  1032   478   357   543   232   538     0 
  434   670  1045   584   954   943   644   687  1179   164   958  1072   644   907   590  1050   743   622  1086  1176  1148  1319   706   761   597   762   211     0   585  1168  1003  1225   602   509   575   400   655     0 
  207   252   542    21   475   493   244   185   614   483   521   501   172   322    46   612   595   210   626   614   708   791   412   200   159   474   445   585     0   655   600   694    58    91   308   564   115     0 
  736   498   122   643   217   245   524   492   207  1110   248   259   531   454   624   203   650   546   150   191   194   156   518   457   773   497   971  1168   655     0   275    77   682   691   928   934   678     0 
  600   367   208   581   169   122   388   414   447   980    89   437   434   542   558    72   386   420   126   432   150   413   301   441   749   257   795  1003   600   275     0   351   645   599   905   709   667     0 
  791   558   187   684   284   318   583   542   166  1160   323   249   583   462   667   280   727   603   226   152   260    97   589   495   801   571  1032  1225   694    77   351     0   716   738   954  1004   706     0 
  254   306   573    79   512   534   300   232   624   486   564   509   225   313   102   653   653   267   663   625   748   812   469   225   106   530   478   602    58   682   645   716     0   137   260   612    63     0 
  117   233   573    80   495   503   217   200   674   422   528   565   168   402    82   622   538   182   643   673   721   835   373   254   215   438   357   509    91   691   599   738   137     0   340   475   200     0 
  421   558   825   328   770   794   547   492   840   417   824   725   479   507   352   912   876   512   921   845  1006  1047   711   479   157   774   543   575   308   928   905   954   260   340     0   742   250     0 
  358   479   817   549   720   690   456   547  1011   485   693   926   505   834   538   771   372   456   817  1003   859  1089   418   649   672   452   232   400   564   934   709  1004   612   475   742     0   675     0 
  316   346   575   134   524   551   344   263   601   531   582   485   266   277   153   668   703   313   673   604   759   800   514   231    96   572   538   655   115   678   667   706    63   200   250   675     0     0 
    0     0     0     0     0     0     0     0     0     0     0     0     0     0     0     0     0     0     0     0     0     0     0     0     0     0     0     0     0     0     0     0     0     0     0     0     0     0 
