DIMENSION: 27
N: 15
M: 5
K: 2

SERVICE: 
74 13 384 76 121 182 306 179 76 134 242 656 293 384 137 

DIST MATRIX: 
    0   704   759   535   159   667   335   535   638   419   494   263   702   588   224   533   921   969   332   521   265  1020  1062   153  1004   480   854     0 
  724     0   219   439   666   300   520   262    99   430   476   515   209   148   473   386   278   304   689   272   716   367   400   562   312   502   492     0 
 1056   323     0   687   988   525   821   544   396   720   759   831   425   451   804   641   244   194  1002   574  1025   232   223   894    38   765   612     0 
  668   409   622     0   487   654   280   179   316   187   708   342   594   280   429    77   683   695   789   536   469   761   785   551   597   156   875     0 
  300   781   893   473     0   829   280   553   696   387   699   262   840   641   340   495  1035  1074   566   674    82  1132  1170   349  1063   396  1037     0 
  832   425   197   815   889     0   822   635   501   765   380   780   215   529   670   763   285   341   653   338   976   338   379   689   540   859    86     0 
  108   698   763   508   124   677     0   519   629   394   514   238   707   577   216   510   923   969   364   528   230  1021  1063   166   996   451   869     0 
  515   440   619    85   333   616   127     0   343    37   616   188   580   292   289    92   717   742   656   476   326   806   837   409   685    72   843     0 
  609   168   356   280   516   386   356    99     0   264   480   359   325    21   346   227   444   470   633   285   556   534   566   454   444   338   605     0 
  528   552   733   139   313   725   130   291   455     0   705   212   692   405   346   180   830   853   710   581   268   918   948   452   787    56   952     0 
  408   340   366   436   417   291   368   302   307   343     0   313   310   276   198   396   528   578   371   135   504   627   669   247   639   447   506     0 
  465   735   625   866   655   482   735   752   737   756   247     0   579   717   516   834   797   858   190   450   768   880   925   426   998   855   531     0 
  964   461   249   884  1005   302   918   703   551   850   520   884     0   590   785   832   235   276   794   453  1085   247   279   816   491   938   190     0 
  922   235   190   668   893   332   756   496   332   667   574   746   238     0   688   616    58    68   832   408   950   131   164   760   211   736   414     0 
  264   486   503   488   327   405   356   400   443   375   255   280   446   404     0   461   671   723   253   262   431   770   813   109   786   473   597     0 
  594   384   583    53   423   601   218   129   287   116   638   272   550   242   352     0   662   681   712   474   417   746   774   475   606   125   825     0 
  935   279   178   715   920   316   792   540   376   707   564   778   233   426   711   662     0    61   828   413   982    99   141   775   260   780   369     0 
  986   302   237   732   960   377   824   562   398   734   623   814   290   451   755   681    61     0   886   467  1018    66    96   824   215   801   424     0 
  275   701   650   736   474   518   580   652   677   619   275   498   596   645   368   712   828   886     0   428   587   921   966   258   990   711   636     0 
  526   285   241   521   553   156   490   358   294   447   206   443   184   287   333   474   413   467   428     0   638   510   554   370   563   548   376     0 
  337   721   847   393   113   794   206   483   632   312   687   204   796   577   310   417   982  1018   587   638     0  1078  1114   348   995   314  1009     0 
 1034   366   272   798  1018   404   886   627   463   797   653   874   328   515   809   746    99    66   921   510  1078     0    45   873   260   866   415     0 
 1077   398   317   825  1056   450   920   657   494   830   698   911   373   547   849   774   141    96   966   554  1114    45     0   916   255   896   454     0 
  162   572   609   491   237   515   322   443   517   372   351   240   552   472   123   475   775   824   258   370   348   873   916     0   874   458   704     0 
 1035   302   386   652   961   525   790   513   369   688   753   803   423   423   781   606   260   215   990   563   995   260   255   874     0   731   625     0 
  548   501   688    83   346   688   145   240   404   104   686   223   650   355   344   125   780   801   711   548   314   866   896   458   731     0   915     0 
  838   502   277   876   916   227   867   698   573   818   371   818   286   597   699   825   369   424   636   376  1009   415   454   704   625   915     0     0 
    0     0     0     0     0     0     0     0     0     0     0     0     0     0     0     0     0     0     0     0     0     0     0     0     0     0     0     0 
