DIMENSION: 27
N: 15
M: 5
K: 2

SERVICE: 
278 62 567 203 365 122 430 140 299 30 314 161 210 118 343 

DIST MATRIX: 
    0   395   533   387   566   478   529   702   530   729    93   655   423   562   529   550   638   525   406   612   643   623   508   673   756   355   437     0 
  101     0   436    69   718   543   209   700   703   705   380   654   480   429   405   379   278   457   499   879   536   328   736   722   764   716   304     0 
  365   261     0   260   935   742   223   840   931   830   657   800   686   535   527   471    65   601   717  1133   632   237   982   889   901   992   460     0 
  273   318   705     0   978   812   412   972   959   975   577   926   749   692   671   636   347   728   763  1109   799   117   978   995  1036   835   574     0 
  476   397    59   510     0   168   376   260   378   267   422   214   143   111    91   157   549    31   188   625   151   752   465   293   323   762   142     0 
  533   462   110   572   310     0   443   199   328   213   444   152   123   160   149   216   616    70   165   581   155   817   423   226   262   764   209     0 
  424   396   204   487   300   127     0   334   293   359   287   287    63   251   222   277   600   179    80   514   297   749   356   322   392   614   199     0 
  771   670   287   790   437   340   601     0   478    94   706   163   374   295   316   353   756   275   407   727   188  1008   590   238   153  1011   420     0 
  418   464   405   513   334   273   552   501     0   535   139   458   234   449   418   464   703   382   202   420   500   776   290   457   549   411   364     0 
  746   666   282   781   316   248   624    21   359     0   634    65   297   310   321   375   790   255   320   605   221  1018   471   115    56   914   410     0 
  118    86   369   151   632   460   219   625   618   633     0   578   396   369   342   327   333   386   414   797   474   414   653   642   688   667   237     0 
  772   725   375   828   173   222   715   153   222   197   592     0   286   418   416   480   887   337   284   447   356  1082   329    57   145   816   478     0 
  546   451    64   568   394   213   403   215   416   209   507   177     0    91   100   156   570    55   254   671    67   798   514   275   277   843   196     0 
  403   322    89   434   415   217   311   335   420   341   382   289   171     0    85   131   484    95   212   656   200   677   496   365   399   737    70     0 
  789   696   309   814   399   324   636   104   442    62   702   139   366   325     0   386   795   291   394   686   222  1040   554   196   102   994   442     0 
  445   322   106   444   522   325   250   370   534   359   496   333   292    65    67     0   415   146   336   779   166   654   618   429   431   860   113     0 
  373   247   515   276   895   699   173   785   893   773   647   747   646   480   474   415     0   550   679  1104   575   299   950   839   846   994   415     0 
  498   411    40   526   378   186   379   245   394   247   453   202   168    91    80   146   550     0   214   645   120   763   485   288   309   792   155     0 
  497   476   248   564   220    72   508   301   214   333   317   257    46   299   275   336   679   214     0   444   320   827   284   267   351   605   272     0 
  838   876   683   933   291   460   940   587   257   633   536   572   487   735   715   779  1104   645   444     0   727  1197   160   491   592   523   713     0 
  591   483   112   603   444   274   415   221   470   201   572   195   276   107   132   166   575   120   320   727     0   820   572   300   277   911   239     0 
  359   357   735   266  1046   869   411  1009  1031  1007   672   965   807   715   699   654   299   763   827  1197   820     0  1060  1042  1072   948   610     0 
  705   727   523   794   157   301   784   451   112   497   422   429   326   576   555   618   950   485   284   160   572  1060     0   362   468   517   554     0 
  741   685   325   791   205   198   667    99   251   145   582   105   260   365   366   429   839   288   267   491   300  1042   362     0   106   829   434     0 
  795   720   337   833   311   279   680    64   357    78   668   110   334   366   376   431   846   309   351   592   277  1072   468   106     0   932   463     0 
  627   750   813   735   651   672   881   893   602   932   370   855   643   854   822   860   994   792   605   523   911   948   517   829   932     0   751     0 
  353   256   133   372   481   285   242   400   484   402   385   355   234   136   107   113   415   155   272   713   239   610   554   434   463   751     0     0 
    0     0     0     0     0     0     0     0     0     0     0     0     0     0     0     0     0     0     0     0     0     0     0     0     0     0     0     0 
