DIMENSION: 47
N: 15
M: 15
K: 2

SERVICE: 
74 13 384 76 121 182 306 179 76 134 242 656 293 384 137 

DIST MATRIX: 
    0   704   759   535   159   667   335   535   638   419   494   263   702   588   224   363   854   391   386   168   444   304   929   307   264   394   301   675   388   271   459  1020   363   585   535   483   154   924   217   484    80   468   940   178    33   480   269     0 
  724     0   219   439   666   300   520   262    99   430   476   515   209   148   473   501   228   317   314   544   258   409   504   409   604   310   399   351   336   609   709   327   593   131   227   224   711   365   742   570   617   374   303   681   691   502   456     0 
 1056   323     0   687   988   525   821   544   396   720   759   831   425   451   804   813   282   648   646   876   585   740   574   739   926   637   731   567   664   930  1002    18   902   454   523   554  1033   383  1059   853   948   674   255  1001  1023   765   786     0 
  668   409   622     0   487   654   280   179   316   187   708   342   594   280   429   650   641   435   411   538   316   478   904   482   683   319   442   698   473   691   869   618   731   432   220   418   528   778   522   778   535   599   708   487   621   156   515     0 
  300   781   893   473     0   829   280   553   696   387   699   262   840   641   340   572   972   522   508   357   521   459  1104   464   491   470   439   847   535   500   693  1082   589   693   570   600    90  1066    34   705   250   648  1057   100   268   396   443     0 
  832   425   197   815   889     0   822   635   501   765   380   780   215   529   670   497   253   492   510   674   543   551    98   548   626   579   571   166   475   624   595   538   553   380   594   434   925   161   977   450   781   373   278   910   821   859   575     0 
  108   698   763   508   124   677     0   519   629   394   514   238   707   577   216   384   856   391   385   179   435   309   942   312   291   384   302   687   392   299   490  1013   390   584   521   482   119   930   183   509    75   481   942   142    68   451   278     0 
  515   440   619    85   333   616   127     0   343    37   616   188   580   292   289   538   664   344   320   397   248   362   886   367   551   227   325   654   380   560   748   705   611   411   213   361   375   788   375   675   383   516   742   335   468    72   392     0 
  609   168   356   280   516   386   356    99     0   264   480   359   325    21   346   459   391   239   224   436   130   320   635   321   535   175   297   432   272   542   682   462   551   164    61   178   562   520   587   564   489   368   469   529   571   338   367     0 
  528   552   733   139   313   725   130   291   455     0   705   212   692   405   346   614   778   440   416   444   357   442   997   447   606   328   405   761   473   616   812   807   678   524   326   468   347   902   327   756   403   611   855   306   481    56   462     0 
  408   340   366   436   417   291   368   302   307   343     0   313   310   276   198   196   460    32    57   229   154    90   567    88   279   152   100   313     8   284   419   652   287   203   272   104   456   534   505   312   323   140   547   438   382   447   131     0 
  465   735   625   866   655   482   735   752   737   756   247     0   579   717   516   259   736   480   501   428   603   432   618   428   268   591   469   449   443   259    62  1005   184   596   722   533   667   718   732   152   513   350   803   679   487   855   402     0 
  964   461   249   884  1005   302   918   703   551   850   520   884     0   590   785   634   241   603   619   801   634   672   117   668   763   676   688   299   591   762   736   482   693   459   663   533  1043    96  1092   591   905   503   217  1025   951   938   700     0 
  922   235   190   668   893   332   756   496   332   667   574   746   238     0   688   645    81   513   518   742   485   603   385   601   766   536   602   371   521   769   818   210   729   319   463   421   937   198   972   667   828   502    82   909   895   736   645     0 
  264   486   503   488   327   405   356   400   443   375   255   280   446   404     0   138   603   159   167    95   262    70   669    68   149   231    98   414   141   157   336   800   199   351   380   251   357   663   416   281   203   208   688   351   245   473    23     0 
  340   514   467   609   457   343   492   494   497   501   131   418   411   470   275     0   577   224   244   215   347   176   578   171   129   332   213   335   188   129   224   812    93   370   467   289   482   607   544   143   322   144   657   481   338   602   153     0 
  867   232   113   667   855   254   734   489   328   651   499   715   165   374   644   577     0   464   472   689   454   550   318   548   701   503   554   291   467   703   742   289   658   278   452   375   898   145   938   591   780   433    87   873   843   729   590     0 
  410   328   374   404   402   310   340   272   287   312   274   289   320   252   184   224   464     0    25   230   124    92   588    92   298   119    90   336    38   304   447   643   314   197   243    94   442   545   489   344   316   172   551   422   382   415   139     0 
  410   324   386   379   388   329   318   250   276   287   299   269   332   238   173   244   472    25     0   230   103    98   607    99   311    95    86   356    62   318   468   640   333   199   224    97   429   558   474   367   310   196   559   408   379   391   146     0 
  181   554   592   479   242   499   315   426   499   360   342   233   535   454   109   215   689   230   230     0   306   139   763   141   163   263   145   508   222   173   373   870   248   426   415   324   267   755   329   352   109   302   775   266   154   448   101     0 
  480   265   388   293   409   368   285   148   195   222   392   262   342   147   220   347   454   124   103   306     0   193   641   195   410    52   167   405   161   417   571   578   435   178   121   112   453   561   487   466   364   283   538   424   444   321   239     0 
  319   419   455   434   338   372   325   333   374   326   268   257   398   335   123   176   550    92    98   139   193     0   644     5   217   164    37   388    84   224   391   735   254   288   312   186   374   621   427   314   234   192   636   360   293   427    48     0 
  916   513   285   912   982   278   920   731   593   863   453   876   310   624   764   578   318   588   607   763   641   644     0   640   704   677   666   257   570   701   650   586   624   477   690   532  1018   191  1071   513   871   461   319  1004   908   957   666     0 
  321   420   452   438   342   368   330   336   375   331   263   262   396   336   127   171   548    92    99   141   195     5   640     0   214   168    42   384    82   222   387   735   249   287   315   186   378   618   432   309   237   187   634   365   295   432    47     0 
  225   616   592   630   389   471   477   549   584   513   251   396   536   549   262   129   701   298   311   163   410   217   704   214     0   380   247   464   271     9   211   924    99   475   529   382   403   736   468   223   246   270   783   412   234   606   172     0 
  434   317   433   284   357   401   243   169   244   195   394   213   384   194   171   332   503   119    95   263    52   164   677   168   380     0   133   435   156   387   553   629   416   225   152   145   402   607   436   460   315   290   588   373   395   298   208     0 
  325   409   463   397   318   390   289   302   356   289   303   224   408   313    98   213   554    90    86   145   167    37   666    42   247   133     0   410    97   254   427   726   289   284   284   182   356   633   406   352   227   221   640   339   294   390    75     0 
  667   363   183   692   726    50   673   519   414   627   226   625   151   427   508   335   291   336   356   508   405   388   257   384   464   435   410     0   314   463   461   572   398   269   478   293   762   279   815   310   615   207   354   748   655   726   410     0 
  401   347   371   440   414   293   369   309   315   346   237   313   315   283   195   188   467    38    62   222   161    84   570    82   271   156    97   314     0   276   412   660   279   210   279   112   452   538   503   306   317   138   553   436   376   450   124     0 
  231   621   594   639   398   472   486   557   590   522   249   405   538   555   272   129   703   304   318   173   417   224   701   222     9   387   254   463   276     0   202   928    92   480   536   388   412   737   476   217   255   271   784   421   241   616   180     0 
  403   722   630   823   596   489   685   718   715   711   244   604   581   692   466   224   742   447   468   373   571   391   650   387   211   553   427   461   412   202     0  1003   138   580   691   509   607   737   672   152   454   335   814   620   426   808   357     0 
 1050   317   389   673   979   529   810   533   387   708   760   821   428   442   797   812   289   643   640   870   578   735   586   735   924   629   726   572   660   928  1003     0   901   450   512   549  1024   395  1049   855   941   674   267   991  1017   752   781     0 
  323   606   546   686   483   414   552   582   590   574   173   473   492   562   332    93   658   314   333   248   435   254   624   249    99   416   289   398   279    92   138   901     0   463   556   382   500   676   565   125   341   228   735   507   333   672   219     0 
  607   143   211   435   577   222   462   256   151   391   352   438   169   158   369   370   278   197   199   426   178   288   477   287   475   225   284   269   210   480   580   450   463     0   214   102   620   384   659   444   509   246   364   595   578   481   333     0 
  581   228   414   222   470   434   300    41   132   204   503   310   380    79   317   467   452   243   224   415   121   312   690   315   529   152   284   478   279   536   691   512   556   214     0   204   516   579   537   582   456   392   529   481   540   277   358     0 
  505   235   293   403   482   257   388   241   207   334   302   352   242   184   269   289   375    94    97   324   112   186   532   186   382   145   182   293   112   388   509   549   382   102   204     0   524   467   566   386   407   190   462   501   475   433   232     0 
  224   717   815   453    46   745   248   504   637   351   609   206   761   583   258   482   898   442   429   267   453   374  1018   378   403   402   356   762   452   412   607  1024   500   620   516   524     0   987    65   615   161   561   984    41   186   383   355     0 
  926   370   174   799   946   265   846   618   463   772   505   818   226   504   729   607   145   545   558   755   561   621   191   618   736   607   633   279   538   737   737   395   676   384   579   467   987     0  1032   586   855   469   128   966   908   856   654     0 
  286   748   859   446    89   796   250   521   663   356   670   228   806   608   308   544   938   489   474   329   487   427  1071   432   468   436   406   815   503   476   672  1049   565   659   537   566    65  1032     0   678   224   617  1023    67   250   371   412     0 
  447   583   478   742   594   337   635   614   587   639    95   561   430   571   418   143   591   344   367   352   466   314   513   309   223   460   352   310   306   217   152   855   125   444   582   386   615   586   678     0   455   199   661   618   455   742   296     0 
  132   625   688   468   143   603   275   457   559   349   450   197   632   509   144   322   780   316   310   109   364   234   871   237   246   315   227   615   317   255   454   941   341   509   456   407   161   855   224   455     0   410   867   166    87   419   205     0 
  461   387   323   573   527   204   505   427   388   483   112   444   268   373   314   144   433   172   196   302   283   192   461   187   270   290   221   207   138   271   335   674   228   246   392   190   561   469   617   199   410     0   514   550   448   587   206     0 
  953   304   190   740   941   325   816   564   401   731   573   800   246   451   731   657    87   551   559   775   538   636   319   634   783   588   640   354   553   784   814   267   735   364   529   462   984   128  1023   661   867   514     0   959   929   805   675     0 
  251   687   793   412    24   729   208   468   604   312   606   170   740   550   241   481   873   422   408   266   424   360  1004   365   412   373   339   748   436   421   620   991   507   595   481   501    41   966    67   618   166   550   959     0   209   342   347     0 
   47   700   746   553   189   649   356   543   639   435   469   281   689   590   224   338   843   382   379   154   444   293   908   295   234   395   294   655   376   241   426  1017   333   578   540   475   186   908   250   455    87   448   929   209     0   501   255     0 
  548   501   688    83   346   688   145   240   404   104   686   223   650   355   344   602   729   415   391   448   321   427   957   432   606   298   390   726   450   616   808   752   672   481   277   433   383   856   371   742   419   587   805   342   501     0   453     0 
  277   466   491   467   323   399   340   377   422   354   263   265   434   382   123   153   590   139   146   101   239    48   666    47   172   208    75   410   124   180   357   781   219   333   358   232   355   654   412   296   205   206   675   347   255   453     0     0 
    0     0     0     0     0     0     0     0     0     0     0     0     0     0     0     0     0     0     0     0     0     0     0     0     0     0     0     0     0     0     0     0     0     0     0     0     0     0     0     0     0     0     0     0     0     0     0     0 
