DIMENSION: 47
N: 15
M: 15
K: 2

SERVICE: 
196 443 380 481 396 120 81 250 209 183 268 188 471 321 490 

DIST MATRIX: 
    0   379   392   510   199   359   458   328   431   585   827   418   114   395   532   830   455   164   550   263   372   288   498   224   336   269   343   459   780   249   885   550   209   427   251   514   505   629   298   411   462   350   824   910   435   468   792     0 
  807     0   569   262   832   974   769   495   487    54   331   785   679   763   359   256   251   529   122   412   393   359   209   414   302   429   979   230   168   535   349   123   553   272   547   229   216   134   466   324   216   959   378   275   219   602   187     0 
  489   250     0   260   513   662   555   263   342   268   551   549   370   524   334   531   176   220   245   141   223    74   220    93    19   171   659   183   465   276   600   245   262   156   289   248   231   331   236   178   178   649   565   595   139   424   484     0 
  664   203   692     0   749   914   870   270   642   290   652   862   644   837   582   575   145   397   365   456   522   389   417   379   303   486   878   404   345   590   670   367   382   160   603   451   431   434   550   149   389   906   695   537   353   307   500     0 
  254   254   649   656     0   559   740   189   662   622   948   702   396   679   715   915   430   196   633   446   569   425   618   345   411   468   482   581   771   501   992   634   138   405   507   646   630   721   523   359   576   561   964   942   536   227   857     0 
  195   638   562   772    94     0   518   576   635   873  1088   458   263   448   771  1104   741   434   832   531   617   570   772   512   625   527    56   734  1069   460  1151   832   454   714   454   783   777   906   530   692   739   131  1076  1195   717   674  1073     0 
  596   808   277   596   448   418     0   776   368   807   846    67   368    92   529   912   791   614   722   475   451   542   636   555   629   446   528   614  1012   339   917   722   674   771   326   624   632   757   389   784   629   394   806  1060   636   935   917     0 
  432   253   359   295   454   604   521     0   336   327   598   510   313   485   356   584   222   173   299   115   223    66   263    34    78   146   600   225   524   239   649   299   223   198   252   288   274   383   213   207   223   591   607   653   188   418   540     0 
  765   794   199   402   656   688   240   788     0   642   571   299   510   297   304   657   704   659   545   428   329   481   461   537   557   398   776   458   825   347   641   544   724   693   342   436   451   546   334   727   474   664   520   825   501   957   681     0 
  577   227   480   282   620   774   664   268   428     0   520   662   484   638   377   476    70   296   202   253   308   186   223   205   100   281   763   200   360   390   557   203   318    64   403   257   237   289   342   114   187   762   547   508   146   402   416     0 
 1127   759   798   486  1139  1271   992   815   705   378     0  1022   978  1004   543   165   569   852   402   705   649   664   468   729   621   715  1289   503   264   809   213   402   878   593   820   465   466   332   735   642   496  1254   334    69   517   905   162     0 
  477   569   100   373   381   450   194   546   178   562   663     0   224   164   334   707   538   396   484   222   213   289   401   309   376   193   515   374   770    88   731   483   460   518    76   396   399   531   138   534   386   429   638   838   389   712   698     0 
  680   522   253    68   641   748   451   537   163   305   356   477     0   458    59   393   389   464   209   225   116   232   124   313   271   215   789   126   495   278   422   207   520   385   286   100   115   228   204   428   141   728   343   531   176   698   388     0 
  217   566   416   631    69   176   392   512   487   749   945   336   122     0   626   966   638   351   700   395   473   441   635   394   506   388   201   598   951   314  1009   700   390   611   308   644   639   771   385   598   605   164   930  1066   586   639   939     0 
  646   821   251   565   504   485    60   794   335   786   798   101   407   120     0   870   788   637   698   473   431   540   611   562   626   443   592   592   988   342   869   697   700   769   330   595   605   725   380   787   607   461   754  1024   620   957   880     0 
 1015   695   641   338  1010  1133   831   743   547   301   119   864   844   847   383     0   504   751   286   574   502   542   333   615   514   578  1160   371   293   665    99   286   786   522   674   323   328   201   590   575   368  1114   186   180   397   858    79     0 
  595   192   548   346   653   813   729   246   497   203   561   725   529   700   444   504     0   313   250   316   377   249   285   252   161   345   792   266   345   452   591   251   321    28   465   319   298   331   407    73   251   802   594   512   213   357   438     0 
  282   215   462   468   352   518   578   167   468   475   770   548   268   524   521   751   313     0   465   249   373   233   436   151   236   273   483   398   653   316   820   465    65   285   325   461   447   551   329   258   395   511   780   803   358   321   701     0 
  731   430   447   143   738   872   647   469   365    98   318   664   578   642   244   286   250   465     0   305   273   262    87   330   228   318   887   110   290   420   359     1   501   260   432   109    94    88   349   313    99   856   346   366   115   603   242     0 
  457   367   245   247   437   567   414   360   225   364   564   409   273   384   277   574   316   249   305     0   123    67   241   110   155    31   587   203   572   137   624   305   311   296   150   253   246   376    98   316   209   550   561   672   194   529   544     0 
  568   471   181   163   525   634   377   473   121   356   472   391   354   370   160   502   377   373   273   123     0   158   189   228   228   105   673   164   561   163   537   272   433   365   173   184   187   319    89   397   177   614   459   626   189   640   487     0 
  475   314   306   236   476   616   481   315   274   309   546   476   321   452   290   542   249   233   262    67   158     0   212    82    87    97   625   173   514   204   600   262   287   229   217   233   221   341   161   251   174   601   551   626   147   482   504     0 
  687   443   361    64   678   804   560   472   278   181   335   579   513   557   168   333   285   436    87   241   189   212     0   290   208   248   828    39   377   343   388    86   482   286   354    35    14   136   270   336    42   787   345   440    84   621   305     0 
  401   262   349   317   419   570   502   250   335   361   625   488   279   463   371   615   252   151   330   110   228    82   290     0   113   139   566   251   559   221   678   331   207   227   232   313   300   413   204   231   250   557   632   686   218   420   572     0 
  507   251   390   252   532   681   568   268   348   249   537   563   389   539   331   514   161   236   228   155   228    87   208   113     0   184   679   173   446   291   584   229   276   143   304   238   220   315   247   170   166   668   553   576   125   427   467     0 
  465   398   213   246   434   557   384   389   197   383   563   381   266   356   264   578   345   273   318    31   105    97   248   139   184     0   583   212   592   111   624   318   335   326   124   256   251   384    67   347   220   539   556   684   210   559   553     0 
  228   683   614   828   150   125   560   620   688   927  1144   499   319   490   827  1160   792   483   887   587   673   625   828   566   679   583     0   790  1123   515  1207   887   499   765   509   839   833   962   586   741   795   144  1131  1250   772   709  1129     0 
  648   414   341    83   640   768   540   439   265   194   374   555   476   533   178   371   266   398   110   203   164   173    39   251   173   212   790     0   398   311   428   110   444   264   322    65    49   173   239   311    16   751   383   473    54   592   341     0 
  936   521   738   427   978  1127   937   583   655   209   403   953   833   931   520   293   345   653   290   572   561   514   377   559   446   592  1123   398     0   700   390   291   665   372   712   395   384   280   633   413   384  1113   465   196   383   652   216     0 
  438   481   148   326   370   470   282   460   184   491   634   273   200   248   312   665   452   316   420   137   163   204   343   221   291   111   515   311   700     0   699   420   381   432    13   344   344   478    75   446   322   451   617   783   317   628   647     0 
 1075   781   655   378  1057  1170   836   825   561   390    71   875   888   859   398    99   591   820   359   624   537   600   388   678   584   624  1207   428   390   699     0   358   859   607   708   370   380   271   625   661   427  1150   126   253   462   947   178     0 
  731   431   446   141   738   872   646   470   364   100   317   663   578   642   243   286   251   465     1   305   272   262    86   331   229   318   887   110   291   420   358     0   502   261   432   108    93    87   349   314    98   856   344   366   115   604   242     0 
  282   184   527   518   379   548   640   124   531   500   813   609   320   585   577   786   321    65   501   311   433   287   482   207   276   335   499   444   665   381   859   502     0   293   389   509   493   589   393   256   440   543   827   825   401   262   732     0 
  567   173   532   346   626   785   710   223   485   222   574   704   503   679   441   522    28   285   260   296   365   229   286   227   143   326   765   264   372   432   607   261   293     0   444   321   300   344   390    54   251   775   605   537   210   344   458     0 
  438   493   143   336   365   462   270   471   186   504   642   260   196   235   318   674   465   325   432   150   173   217   354   232   304   124   509   322   712    13   708   432   389   444     0   354   354   488    85   459   333   442   624   794   330   637   658     0 
  706   477   347    34   689   810   547   503   261   207   313   569   522   548   137   323   319   461   109   253   184   233    35   313   238   256   839    65   395   344   370   108   509   321   354     0    21   136   269   370    73   792   319   442   116   654   303     0 
  695   457   356    52   683   807   555   485   271   191   325   575   517   554   156   328   298   447    94   246   187   221    14   300   220   251   833    49   384   344   380    93   493   300   354    21     0   134   270   350    54   789   334   440    97   634   303     0 
  814   516   480   161   812   940   679   557   390   145   231   703   648   683   243   201   331   551    88   376   319   341   136   413   315   384   962   173   280   478   271    87   589   344   488   136   134     0   404   398   167   923   264   307   195   687   169     0 
  493   465   146   251   439   545   323   454   140   424   560   325   268   302   242   590   407   329   349    98    89   161   270   204   247    67   586   239   633    75   625   349   393   390    85   269   270   404     0   412   251   526   545   709   251   624   573     0 
  535   120   558   394   607   770   728   173   518   275   629   717   496   692   486   575    73   258   313   316   397   251   336   231   170   347   741   311   413   446   661   314   256    54   459   370   350   398   412     0   299   761   659   584   257   290   510     0 
  649   404   356    95   645   776   555   430   280   179   375   569   482   546   193   368   251   395    99   209   177   174    42   250   166   220   795    16   384   322   427    98   440   251   333    73    54   167   251   299     0   759   387   464    43   581   334     0 
  315   724   523   776   166    24   436   667   607   909  1084   373   280   369   758  1114   802   511   856   550   614   601   787   557   668   539   144   751  1113   451  1150   856   543   775   442   792   789   923   526   761   759     0  1064  1222   744   782  1092     0 
 1018   775   554   316   984  1084   725   811   462   406    68   768   813   754   306   186   594   780   346   561   459   551   345   632   553   556  1131   383   465   617   126   344   827   605   624   319   334   264   545   659   387  1064     0   364   427   949   253     0 
 1082   699   784   467  1101  1238   981   757   692   328   296  1008   944   988   535   180   512   803   366   672   626   626   440   686   576   684  1250   473   196   783   253   366   825   537   794   442   440   307   709   584   464  1222   364     0   480   842   145     0 
  618   361   369   137   623   759   565   388   301   174   413   574   465   551   231   397   213   358   115   194   189   147    84   218   125   210   772    54   383   317   462   115   401   210   330   116    97   195   251   257    43   744   427   480     0   538   357     0 
  481   177   767   674   615   782   898   169   753   558   918   869   581   845   757   858   357   321   603   529   640   482   621   420   427   559   709   592   652   628   947   604   262   344   637   654   634   687   624   290   581   782   949   842   538     0   789     0 
  972   630   641   326   979  1109   837   681   548   236   188   865   817   846   390    79   438   701   242   544   487   504   305   572   467   553  1129   341   216   647   178   242   732   458   658   303   303   169   573   510   334  1092   253   145   357   789     0     0 
    0     0     0     0     0     0     0     0     0     0     0     0     0     0     0     0     0     0     0     0     0     0     0     0     0     0     0     0     0     0     0     0     0     0     0     0     0     0     0     0     0     0     0     0     0     0     0     0 
