DIMENSION: 47
N: 15
M: 15
K: 2

SERVICE: 
99 251 65 260 150 184 221 136 204 170 220 144 383 196 317 

DIST MATRIX: 
    0   591   820   359   624   537   600   388   678   584   624  1207   428   390   699   671   647   909   980   728   810   699   553   385   351   793   926   420   316   812   696   832   965  1140   901   612   692   614   236   132   639   933   678   399   928   178   586     0 
  286     0   465     1   305   272   262    86   331   229   318   887   110   291   420   323   291   565   706   499   528   452   386    92    30   492   579   106    53   569   485   521   622   843   615   365   398   429   172   407   469   630   435    44   579   242   379     0 
  786   321     0   501   311   433   287   482   207   276   335   499   444   665   381   209   213   167   495   504   391   458   576   487   509   329   152   452   544   500   532   370   273   527   414   500   345   561   657   902   594   370   463   460   134   732   518     0 
  522    28   285     0   296   365   229   286   227   143   326   765   264   372   432   218   155   416   670   552   508   497   524   294   280   451   418   270   313   592   559   278   361   759   575   243   394   541   384   628   583   561   489   231   408   458   486     0 
  674   465   325   432     0   173   217   354   232   304   124   509   322   712    13   239   297   302   278   118   102    68   224   352   415   101   332   327   437   149   143   682   652   432   193   680    51   186   597   801   212   229    76   396   349   658   162     0 
  323   319   461   109   253     0   233    35   313   238   256   839    65   395   344   307   297   540   632   406   455   364   279    26    80   429   558    57    87   482   387   596   671   781   545   465   330   325   246   450   364   570   345   103   563   303   278     0 
  328   298   447    94   246   187     0    14   300   220   251   833    49   384   344   293   280   529   632   412   454   368   292     6    67   426   547    41    83   485   395   575   651   778   544   446   327   336   243   455   376   566   349    83   550   303   287     0 
  201   331   551    88   376   319   341     0   413   315   384   962   173   280   478   406   378   647   766   541   588   499   403   137    83   559   662   166    52   617   521   593   705   911   678   411   461   454   112   326   491   698   480   129   663   169   409     0 
  590   407   329   349    98    89   161   270     0   247    67   586   239   633    75   208   256   341   363   165   186   111   184   267   331   170   369   243   352   223   169   645   639   515   277   617    72   170   512   717   207   308   100   314   382   573   125     0 
  575    73   258   313   316   397   251   336   231     0   347   741   311   413   446   223   162   393   667   571   513   516   558   344   333   454   391   318   367   604   581   238   307   745   573   253   408   570   436   680   612   553   510   283   379   510   517     0 
  368   251   395    99   209   177   174    42   250   166     0   795    16   384   322   244   227   482   608   405   429   356   308    48    86   395   499    20   116   472   393   528   598   746   517   416   300   344   268   493   386   534   340    65   501   334   292     0 
 1114   802   511   856   550   614   601   787   557   668   539     0   751  1113   451   567   626   378   183   447   341   459   632   786   844   364   391   757   870   364   488   914   787    17   249  1014   463   574  1026  1242   571   226   481   815   412  1092   581     0 
  186   594   780   346   561   459   551   345   632   553   556  1131     0   465   617   626   614   854   888   629   724   606   447   340   327   716   874   375   293   714   594   855   966  1055   815   659   615   509   282   258   530   853   584   378   880   253   487     0 
  180   512   803   366   672   626   626   440   686   576   684  1250   473     0   783   677   633   918  1071   848   892   806   699   442   379   859   928   467   357   924   825   691   857  1209   981   445   763   755   197   156   789   996   787   408   924   145   713     0 
  397   213   358   115   194   189   147    84   218   125   210   772    54   383     0   210   187   452   599   411   421   360   333    91   112   382   467    61   146   473   404   488   556   730   507   389   291   363   286   520   406   518   345    72   468   357   309     0 
  607   243   155   322   112   228    78   284    10   103   142   576   245   549   227     0    63   243   452   355   291   301   381   288   322   233   257   253   356   382   371   443   432   552   357   460   188   377   491   730   415   347   298   279   258   564   328     0 
  577   180   174   291   158   258   100   269    72    63   189   627   232   495   285    63     0   286   515   411   354   356   417   274   296   296   295   240   332   442   423   389   399   611   420   397   246   421   453   696   461   408   351   249   291   528   369     0 
  849   444   136   565   294   410   308   520   234   343   305   348   481   779   299   243   286     0   335   402   265   366   520   523   564   213    31   489   597   374   438   537   429   361   263   646   275   489   734   972   514   209   378   522    52   807   458     0 
  951   695   445   707   407   449   467   631   443   545   390   296   598   979   288   452   515   335     0   265   179   283   451   629   691   222   360   603   714   181   306   855   763   179    96   912   309   392   874  1078   388   126   304   668   383   935   402     0 
  710   571   440   500   256   228   323   415   348   410   226   542   391   789   128   355   411   402   265     0   146    55   186   411   478   188   432   394   493    85    43   798   769   441   213   782   168   127   653   834   129   272    66   469   452   706   142     0 
  776   531   330   528   231   274   293   453   283   375   211   413   420   802   111   291   354   265   179   146     0   131   308   451   513    63   296   425   536   110   187   721   663   331    91   749   130   259   695   903   271   134   150   490   317   757   250     0 
  674   516   393   453   201   181   268   370   295   355   171   542   343   740    77   301   356   366   283    55   131     0   178   366   432   156   396   346   450   118    75   744   719   451   214   727   115   129   610   800   148   264    21   420   415   666   122     0 
  546   534   513   387   269   161   316   301   379   388   242   719   292   674   224   381   417   520   451   186   308   178     0   294   359   324   549   291   363   271   148   796   813   625   390   722   246    62   513   667    89   442   158   369   563   555    62     0 
  332   293   441    93   242   185   215     8   294   214   247   829    43   383   341   288   274   523   629   411   451   366   294     0    67   422   541    35    85   484   395   570   645   774   541   442   324   337   245   459   377   562   348    79   545   306   287     0 
  285   273   469    31   295   251   257    63   330   234   305   880    93   316   404   322   296   564   691   478   513   432   359    67     0   480   579    88    35   550   462   545   640   832   601   394   384   403   183   409   443   619   414    51   580   249   354     0 
  752   475   267   493   188   257   245   423   224   323   175   415   387   759   103   233   296   213   222   188    63   156   324   422   480     0   244   393   506   171   225   659   600   352   127   693   101   283   663   879   304   140   171   452   264   728   263     0 
  864   446   133   579   317   435   326   538   249   354   330   351   499   784   328   257   295    31   360   432   296   396   549   541   579   244     0   506   613   404   468   522   406   375   291   642   303   518   746   986   543   235   408   536    24   820   487     0 
  364   271   406   107   210   166   181    32   259   181   218   796     8   396   316   253   240   489   603   394   425   346   291    35    88   393   506     0   114   463   381   547   616   745   514   434   296   329   270   491   370   532   329    78   509   335   277     0 
  252   304   504    55   323   269   289    84   364   269   331   910   120   312   426   356   332   597   714   493   536   450   363    85    35   506   613   114     0   568   475   574   674   858   626   412   409   412   160   378   450   646   431    86   614   222   365     0 
  791   613   438   570   299   299   366   487   374   453   272   466   460   855   162   382   442   374   181    85   110   118   271   484   550   171   404   463   568     0   125   821   771   359   144   829   198   211   728   916   207   210   138   536   426   784   227     0 
  683   576   467   486   266   216   330   400   365   416   234   585   379   776   151   371   423   438   306    43   187    75   148   395   462   225   468   381   475   125     0   812   793   483   256   783   189    87   632   806    86   315    73   458   487   682   113     0 
  737   277   410   519   547   635   486   561   450   408   579   860   542   496   670   443   389   537   855   798   721   744   796   570   545   659   522   547   574   821   812     0   197   897   766   250   631   807   597   819   848   732   740   499   502   661   754     0 
  875   374   333   621   545   656   498   638   435   444   574   712   609   667   642   432   399   429   763   769   663   719   813   645   640   600   406   616   674   771   793   197     0   770   686   434   604   809   734   971   846   638   721   590   383   805   760     0 
 1103   787   495   843   538   604   587   775   542   654   527   135   739  1099   441   552   611   361   179   441   331   451   625   774   832   352   375   745   858   359   483   897   770     0   240   998   451   568  1014  1230   566   213   473   802   395  1080   573     0 
  867   600   360   616   313   366   372   542   347   449   298   330   508   885   202   357   420   263    96   213    91   214   390   541   601   127   291   514   626   144   256   766   686   240     0   817   218   337   784   994   342    67   235   576   314   847   336     0 
  514   218   510   363   530   574   463   434   470   376   558   993   432   249   667   460   397   646   912   782   749   727   722   442   394   693   642   434   412   829   783   250   434   998   817     0   631   751   381   581   793   802   717   363   628   435   696     0 
  652   415   280   398   103   157   169   325   181   255    81   516   290   673    39   188   246   275   309   168   130   115   246   324   384   101   303   296   409   198   189   631   604   451   218   631     0   219   566   779   249   241   118   360   318   630   184     0 
  605   554   496   430   265   178   321   343   374   401   235   666   329   720   190   377   421   489   392   127   259   129    62   337   403   283   518   329   412   211    87   807   809   568   337   751   219     0   565   726    42   391   112   407   534   610    55     0 
  141   364   627   172   476   429   434   243   500   393   487  1059   276   192   586   491   453   734   874   653   695   610   513   245   183   663   746   270   160   728   632   597   734  1014   784   381   566   565     0   246   602   801   591   214   744    75   521     0 
  127   607   870   408   700   629   667   459   738   635   705  1287   497   336   792   730   696   972  1078   834   903   800   667   459   409   879   986   491   378   916   806   819   971  1230   994   581   779   726   246     0   755  1019   780   451   986   171   693     0 
  636   596   529   470   304   220   362   383   412   442   273   670   370   759   217   415   461   514   388   129   271   148    89   377   443   304   543   370   450   207    86   848   846   566   342   793   249    42   602   755     0   401   136   448   561   644    97     0 
  892   587   321   630   325   396   375   562   337   446   315   280   526   889   236   347   408   209   126   272   134   264   442   562   619   140   235   532   646   210   315   732   638   213    67   802   241   391   801  1019   401     0   284   589   259   867   384     0 
  654   507   398   436   194   163   260   352   293   346   163   562   326   724    82   298   351   378   304    66   150    21   158   348   414   171   408   329   431   138    73   740   721   473   235   717   118   112   591   780   136   284     0   404   425   646   101     0 
  329   225   422    43   265   242   219    71   287   186   279   844    79   320   384   279   249   522   668   469   490   420   369    79    51   452   536    78    86   536   458   499   590   802   576   363   360   407   214   451   448   589   404     0   535   286   355     0 
  864   436   123   578   325   445   330   541   251   352   340   366   502   776   345   258   291    52   383   452   317   415   563   545   580   264    24   509   614   426   487   502   383   395   314   628   318   534   744   986   561   259   425   535     0   818   502     0 
   79   438   701   242   544   487   504   305   572   467   553  1129   341   216   647   564   528   807   935   706   757   666   555   306   249   728   820   335   222   784   682   661   805  1080   847   435   630   610    75   171   644   867   646   286   818     0   570     0 
  570   500   454   380   216   123   269   293   325   347   186   663   276   670   162   328   369   458   402   142   250   122    62   287   354   263   487   277   365   227   113   754   760   573   336   696   184    55   521   693    97   384   101   355   502   570     0     0 
    0     0     0     0     0     0     0     0     0     0     0     0     0     0     0     0     0     0     0     0     0     0     0     0     0     0     0     0     0     0     0     0     0     0     0     0     0     0     0     0     0     0     0     0     0     0     0     0 
