DIMENSION: 37
N: 15
M: 10
K: 2

SERVICE: 
74 13 384 76 121 182 306 179 76 134 242 656 293 384 137 

DIST MATRIX: 
    0   704   759   535   159   667   335   535   638   419   494   263   702   588   224   779   290   798   740   442   306   604   994   795   475   836   467   898   623   262   568   621   460   782   255   480   983     0 
  724     0   219   439   666   300   520   262    99   430   476   515   209   148   473   453   517   149   432   554   629   516   490   168   447   449   666   300   159   492   144   513   236    98   511   502   314     0 
 1056   323     0   687   988   525   821   544   396   720   759   831   425   451   804   614   828   275   613   826   931   733   497   297   717   572   955   319   447   811   470   724   567   257   829   765   136     0 
  668   409   622     0   487   654   280   179   316   187   708   342   594   280   429   820   318   561   789   221   367   104   902   582   134   836   842   713   506   344   425   100   343   501   351   156   526     0 
  300   781   893   473     0   829   280   553   696   387   699   262   840   641   340   963   264   905   924   336   182   508  1154   909   418  1013   698  1027   749   284   676   526   549   872   265   396  1021     0 
  832   425   197   815   889     0   822   635   501   765   380   780   215   529   670   102   797   303   125   896   915   905   157   273   804    45   547   210   306   750   391   906   509   368   770   859   611     0 
  108   698   763   508   124   677     0   519   629   394   514   238   707   577   216   794   263   798   755   411   272   575  1004   796   448   850   497   902   625   240   566   592   453   778   230   451   972     0 
  515   440   619    85   333   616   127     0   343    37   616   188   580   292   289   780   162   587   745   114   224   170   902   601    27   807   726   732   484   192   398   183   282   537   197    72   630     0 
  609   168   356   280   516   386   356    99     0   264   480   359   325    21   346   552   357   314   522   388   465   366   638   328   282   566   646   460   236   339   158   367   130   264   358   338   414     0 
  528   552   733   139   313   725   130   291   455     0   705   212   692   405   346   887   180   700   851    15   171   158  1015   714   106   917   796   846   596   231   510   176   391   649   225    56   725     0 
  408   340   366   436   417   291   368   302   307   343     0   313   310   276   198   435   335   409   396   463   450   534   616   403   400   478   385   505   230   283   186   542   137   401   302   447   639     0 
  465   735   625   866   655   482   735   752   737   756   247     0   579   717   516   471   688   728   446   850   770   961   719   706   820   540    67   737   569   633   587   973   587   757   643   855  1029     0 
  964   461   249   884  1005   302   918   703   551   850   520   884     0   590   785   239   899   314   266   981  1017   968    35   289   882   171   688   171   389   856   474   966   600   381   876   938   576     0 
  922   235   190   668   893   332   756   496   332   667   574   746   238     0   688   412   751   105   412   789   864   737   325   114   682   373   770   125   286   722   337   732   458   139   742   736   287     0 
  264   486   503   488   327   405   356   400   443   375   255   280   446   404     0   522   310   555   483   469   406   581   732   548   439   577   316   642   374   254   334   593   261   550   267   473   783     0 
  763   464   250   817   842   167   798   642   527   753   298   747   244   546   626     0   768   367    39   882   884   911   248   338   799    69   451   302   317   718   396   914   498   425   737   852   686     0 
  357   521   656   245   175   616    49   289   433   134   551    33   607   378   173   768     0   652   730   166   119   315   930   659   185   808   623   784   511    56   431   332   302   614    46   192   757     0 
  817   153   119   588   790   253   660   410   249   575   484   646   150   296   584   367   652     0   357   701   767   664   349    30   596   344   680   152   182   621   232   661   356    67   641   651   321     0 
  725   443   238   784   803   137   761   610   501   717   261   709   224   517   587    39   730   357     0   846   846   878   279   328   764   102   422   309   289   680   365   882   463   412   698   817   678     0 
  513   554   731   148   298   721   117   293   458   131   697   199   690   406   334   882   166   701   846     0   157   173  1014   715   110   913   785   846   593   219   508   191   387   651   212    65   733     0 
  379   632   774   291   150   734   110   387   541   213   656   137   725   486   272   884   119   767   846   157     0   329  1049   775   237   926   707   901   630   167   549   347   420   727   148   214   851     0 
  672   512   721    98   468   744   269   270   417   207   776   345   691   378   459   911   315   664   878   173   329     0  1002   684   143   930   895   815   600   356   516    18   421   604   356   124   622     0 
  988   496   283   919  1033   327   950   737   586   883   537   915   325   625   814   248   930   349   279  1014  1049  1002     0   324   916   179   700   205   422   887   506  1001   632   416   907   971   607     0 
  811   173    90   606   793   228   669   426   267   587   464   652   128   312   583   338   659    30   328   715   775   684   324     0   611   314   660   132   174   626   233   682   360    95   646   666   349     0 
  540   447   633    60   353   634   146   186   350    64   641   212   594   300   316   799   185   596   764   110   237   143   916   611     0   825   753   742   499   218   413   156   301   543   221    56   625     0 
  824   459   234   839   892   193   835   660   532   783   363   789   244   557   674    69   808   344   102   913   926   930   179   314   825     0   520   255   330   760   414   932   526   407   779   879   655     0 
  417   679   582   799   597   441   670   686   676   689   196   591   533   654   451   451   623   680   422   785   707   895   700   660   753   520     0   701   516   568   528   906   522   705   578   789   975     0 
  906   304   139   738   909   263   796   558   399   717   511   774   196   444   695   302   784   152   309   846   901   815   205   132   742   255   701     0   279   747   353   813   482   216   768   798   412     0 
  637   172   145   509   630   153   529   329   212   462   322   499    97   229   416   317   511   182   289   593   630   600   422   174   499   330   516   279     0   471    86   602   211   191   492   554   460     0 
  323   497   616   277   177   569   103   284   415   158   496    29   566   360   117   718    56   621   680   219   167   356   887   626   218   760   568   747   471     0   394   371   266   588    20   236   748     0 
  590   156   226   425   559   229   446   247   154   377   345   421   182   155   351   396   431   232   365   508   549   516   506   233   413   414   528   353    86   394     0   519   129   216   415   468   458     0 
  688   509   721   107   485   747   286   272   415   221   784   361   692   378   472   914   332   661   882   191   347    18  1001   682   156   932   906   813   602   371   519     0   427   601   372   141   611     0 
  492   244   355   324   435   334   318   169   185   257   368   292   308   144   237   498   302   356   463   387   420   421   632   360   301   526   522   482   211   266   129   427     0   327   286   354   529     0 
  806    97   176   532   761   296   618   358   194   528   510   611   193   245   562   425   614    67   412   651   727   604   416    95   543   407   705   216   191   588   216   601   327     0   607   598   275     0 
  318   517   637   281   160   589    95   300   433   164   511    13   586   378   129   737    46   641   698   212   148   356   907   646   221   779   578   768   492    20   415   372   286   607     0   234   765     0 
  548   501   688    83   346   688   145   240   404   104   686   223   650   355   344   852   192   651   817    65   214   124   971   666    56   879   789   798   554   236   468   141   354   598   234     0   669     0 
 1020   302   440   587   925   570   743   468   345   638   782   765   466   395   760   686   757   321   678   733   851   622   607   349   625   655   975   412   460   748   458   611   529   275   765   669     0     0 
    0     0     0     0     0     0     0     0     0     0     0     0     0     0     0     0     0     0     0     0     0     0     0     0     0     0     0     0     0     0     0     0     0     0     0     0     0     0 
