DIMENSION: 27
N: 15
M: 5
K: 2

SERVICE: 
318 231 131 268 316 143 335 279 175 130 185 104 300 207 356 

DIST MATRIX: 
    0   107   344   338   247   223   118   192   544   698   234   471   188   449   313   166   332   421   553   334   563   321   432   668   230   474   397     0 
  366     0   444   446   351   310   229   325   665   718   307   604   308   592   422   278   401   307   550   407   688   316   338   715   157   394   285     0 
  486   245     0   418    42    72   271   254   335   864   105   283   287   350   396   293   161   631   741   471   358   276   647   807   445   690   608     0 
  462   406   507     0   484   525   415   312   471   703   558   358   338   138   276   373   596   838   681   389   457   726   809   586   644   814   815     0 
  490   340   326   322     0   364   358   260   301   806   396   186   302    58   315   335   420   798   743   434   296   568   787   708   597   807   774     0 
  571   337    60   475    90     0   363   324   230   942   167   195   363   324   456   377   157   738   831   546   256   328   753   874   551   795   715     0 
  332   353   653   491   557   522     0   437   862   592   521   787   402   729   474   367   617   106   407   402   881   523   122   629    96   181    82     0 
  516   354   301   353   300   350   373     0   267   838   382   152   322    81   345   354   399   812   771   463   262   554   803   741   610   826   788     0 
  851   620   252   737   349   383   646   600     0  1217   388   278   642   497   722   658   303  1000  1112   822   201   476  1024  1139   824  1069   978     0 
  421   659  1034   563   944   935   634   672  1162     0   951  1054   630   885   571   615  1047   559   166   456  1167  1022   481   268   560   416   558     0 
  723   486   216   686   235   211   508   520   419  1105     0   443   545   594   664   543   117   739   961   724   452   153   780  1063   598   838   719     0 
  718   504   203   584   281   331   529   464    38  1069   350     0   509   324   571   531   301   927   980   679    68   490   938   983   736   976   903     0 
  365   379   577   179   532   564   379   291   582   572   596   467     0   251   197   330   652   766   561   289   573   754   728   454   583   724   745     0 
  316   176   358   175   299   325   189    85   439   657   356   330   124     0   159   158   420   627   574   268   443   513   611   577   427   629   604     0 
  435   562   820   332   768   793   553   493   828   442   823   714   483   495     0   503   889   845   513   371   817   970   788   303   698   761   828     0 
  194    61   420   172   334   336    50    75   562   571   358   465    35   365   148     0   446   471   454   181   573   479   453   520   272   472   447     0 
  633   392   107   579   121   112   416   414   337  1015    98   340   444   478   557   446     0   707   881   627   369   189   738   964   544   790   685     0 
  415   458   751   587   655   617   440   542   964   618   614   891   506   834   571   471   707     0   432   489   984   596    78   676   201   145    24     0 
  262   496   871   425   780   770   470   516  1009   187   785   904   472   749   428   454   881   432     0   308  1016   857   356   262   401   302   426     0 
   77   240   595   122   513   517   220   222   706   396   540   598   185   442   121   181   627   489   308     0   711   654   444   339   328   435   470     0 
  755   551   271   609   345   397   576   503    34  1096   417   113   548   323   598   573   369   984  1016   711     0   558   992  1003   790  1027   960     0 
  638   418   291   641   254   204   435   477   526  1014   172   521   491   626   617   479   189   596   857   654   558     0   643   989   473   704   577     0 
  368   451   772   550   675   642   430   527   975   542   642   894   487   818   537   453   738    78   356   444   992   643     0   605   203    70    80     0 
  353   578   926   402   848   855   557   553  1005   140   878   890   521   694   419   520   964   676   262   339  1003   989   605     0   593   558   666     0 
  265   257   571   406   474   443   239   342   772   577   447   694   308   633   387   272   544   201   401   328   790   473   203   593     0   246   178     0 
  358   479   817   549   720   690   456   547  1011   485   693   926   505   834   538   472   790   145   302   435  1027   704    70   558   246     0   150     0 
  396   435   728   566   632   594   417   519   940   613   592   867   483   810   549   447   685    24   426   470   960   577    80   666   178   150     0     0 
    0     0     0     0     0     0     0     0     0     0     0     0     0     0     0     0     0     0     0     0     0     0     0     0     0     0     0     0 
