DIMENSION: 27
N: 15
M: 5
K: 2

SERVICE: 
74 705 379 27 260 128 387 104 67 334 122 301 326 101 97 

DIST MATRIX: 
    0   422   412   659   512   429   703   426   426   435   665   505   483   360   381   425   541   180   414   384   310   572   681   582   221    71   548     0 
  397     0   688   979   647   652  1005   668   733   663   969   812   804   584   596   474   500   471   537   700   605   463  1007   871   405   256   537     0 
   87   392     0   656   451   380   685   382   410   387   648   489   511   309   329   362   481   234   351   376   285   516   695   556   285    96   606     0 
  606   361   388     0   692   516   176   471   285   501   163   221   324   535   545   808   959   601   703   303   415  1050   166   262   745   750  1072     0 
  221   237   215   558     0   174   543   185   299   184   510   368   525   104   122   251   401   375   183   295   174   477   649   399   473   302   810     0 
  410   289   262   618    72     0   551   174   384   143   528   427   670   133   112   188   324   564    77   407   302   427   747   404   660   474   991     0 
  541   437   462   230   781   599     0   555   339   587   364   323   139   592   609   851  1003   477   760   315   431  1079    93   419   606   674   900     0 
  276    94    76   417   303   133   400     0   161   128   367   225   434   105   124   370   523   390   274   172    69   609   522   259   517   399   870     0 
  332   161   182   255   497   316   310   273     0   306   272   119   250   305   323   567   720   359   474    29   150   801   325   229   506   476   854     0 
  131   360   344   649   384   325   662   333   394     0   627   472   538   254   272   296   421   292   283   369   264   466   706   527   353   155   672     0 
  470   175   201   161   505   328   160   283   119   313     0    40   342   349   358   622   772   509   515   163   248   864   309   105   656   613  1004     0 
  292   162   137   496   224    85   461    90   244    91   431     0   516    22    46   287   439   430   188   258   147   528   607   314   544   391   890     0 
  735   717   741   500  1055   876   659   833   619   865   641   610     0   859   879  1102  1251   617  1022   585   692  1316   319   706   704   844   905     0 
  272   100    81   423   300   132   406   104   166   128   373   231   437     0   121   365   517   388   269   176    71   603   527   265   515   394   867     0 
  349   281   254   615   131   139   566   178   368   155   539   421   636   108     0   167   317   506    63   383   269   411   732   417   598   409   926     0 
  422   447   421   782   196   304   732   345   531   320   706   587   776   273   264     0   153   586   113   538   419   244   892   583   644   425   936     0 
  552   598   571   932   306   448   875   492   683   464   851   738   925   424   413   153     0   713   257   691   572   110  1044   727   751   525  1009     0 
  164   442   443   586   635   510   668   492   404   511   630   476   342   451   475   586   713     0   552   349   332   750   563   577   147   230   497     0 
  391   342   315   676   110   192   620   235   431   208   595   482   698   171   158   113   257   552     0   446   331   355   795   472   634   432   952     0 
  310   140   160   280   470   291   324   249    59   281   286   127   271   277   295   538   691   349   446     0   120   771   355   230   495   454   846     0 
  239   114   112   390   370   202   400   170   131   197   364   208   369   169   190   419   572   332   331   120     0   651   475   273   466   374   821     0 
  596   690   663  1024   414   547   975   589   769   563   949   829   992   515   508   244   110   750   355   771   651     0  1126   827   767   542   992     0 
  613   458   485   182   803   622   341   576   364   608   325   328   231   624   639   892  1044   563   795   355   475  1126     0   404   696   751   993     0 
  510   166   185   236   441   280   149   239   173   264   123   115   446   320   322   583   727   577   472   230   273   827   404     0   721   646  1074     0 
  253   579   578   731   729   628   815   615   549   631   777   622   467   562   585   644   751   147   634   495   466   767   696   721     0   226   355     0 
  144   484   472   730   537   475   770   477   494   483   733   573   550   404   424   425   525   230   432   454   374   542   751   646   226     0   519     0 
  598   934   933  1062  1056   975  1161   966   902   979  1123   972   764   907   928   936  1009   497   952   846   821   992   993  1074   355   519     0     0 
    0     0     0     0     0     0     0     0     0     0     0     0     0     0     0     0     0     0     0     0     0     0     0     0     0     0     0     0 
