DIMENSION: 27
N: 15
M: 5
K: 2

SERVICE: 
224 289 314 199 415 112 374 191 432 223 315 221 354 436 241 

DIST MATRIX: 
    0   742   447   468   373   571   391   650   387   211   553   427   461   412   202   302   694   934   677   708   509   718   595  1009   486   357   206     0 
  812     0   643   640   870   578   735   586   735   924   629   726   572   660   928   703  1073   318   380  1003   560   863   601   219  1039   781   798     0 
   93   658     0   333   248   435   254   624   249    99   416   289   398   279    92   204   589   868   556   593   458   588   569   931   392   219   132     0 
  370   278   197     0   426   178   288   477   287   475   225   284   269   210   480   282   687   520    99   633   315   521   447   534   607   333   381     0 
  467   452   243   224     0   121   312   690   315   529   152   284   478   279   536   430   561   681   176   492   528   356   661   662   549   358   518     0 
  289   375    94    97   324     0   186   532   186   382   145   182   293   112   388   229   594   616   178   546   353   446   494   636   506   232   322     0 
  482   898   442   429   267   453     0  1018   378   403   402   356   762   452   412   576    89  1139   654   117   830   225   970  1150   133   355   586     0 
  607   145   545   558   755   561   621     0   618   736   607   633   279   538   737   478  1060   198   406  1012   228   905   212   293   950   654   547     0 
  544   938   489   474   329   487   427  1071     0   468   436   406   815   503   476   634    28  1179   686    73   883   213  1024  1184   195   412   648     0 
  143   591   344   367   352   466   314   513   309     0   460   352   310   306   217   162   704   783   543   700   360   678   457   857   514   296    64     0 
  322   780   316   310   109   364   234   871   237   246     0   227   615   317   255   422   250  1020   562   254   683   287   821  1043    98   205   426     0 
  144   433   172   196   302   283   192   461   187   270   290     0   207   138   271    39   645   653   344   618   275   557   411   707   496   206   135     0 
  657    87   551   559   775   538   636   319   634   783   588   640     0   553   784   531  1051   155   354   995   322   875   337   196   964   675   614     0 
  481   873   422   408   266   424   360  1004   365   412   373   339   748     0   421   568    95  1114   624    90   816   184   958  1121   162   347   585     0 
  338   843   382   379   154   444   293   908   295   234   395   294   655   376     0   453   270  1080   638   299   723   361   856  1110    60   255   438     0 
  130   453   207   231   313   321   215   455   210   259   326   247   206   171   259     0   662   667   381   639   272   585   403   726   504   222    99     0 
  570   965   517   502   355   514   455  1099   460   492   463   434   843   531   500   662     0  1206   712    83   911   230  1053  1210   213   440   674     0 
  795   241   704   712   926   694   788   351   785   923   743   793   474   704   924   667  1206     0   507  1150   426  1029   389   126  1117   825   742     0 
  463   276   268   262   492   201   359   531   359   560   253   347   353   290   566   381   712   507     0   649   388   523   509   499   660   406   479     0 
  561   910   476   459   348   456   426  1064   431   500   408   400   809   495   509   639    83  1150   649     0   876   149  1019  1148   249   419   664     0 
  400   271   402   422   577   464   456   188   452   528   496   478    69   382   527   272   911   426   388   876     0   794   143   512   771   478   326     0 
  535   792   395   373   344   344   372   977   377   508   301   338   729   422   517   585   230  1029   523   149   794     0   937  1018   330   382   631     0 
  524   322   545   565   713   605   597    55   593   650   639   620   210   524   647   403  1053   389   509  1019   143   937     0   499   906   617   438     0 
  851   274   729   733   957   697   818   466   816   975   748   818   549   735   977   726  1210   126   499  1148   512  1018   499     0  1142   859   810     0 
  393   878   414   408   195   462   329   957   332   293   411   324   703   413   300   504   213  1117   660   249   771   330   906  1142     0   296   495     0 
  153   590   139   146   101   239    48   666    47   172   208    75   410   124   180   222   440   825   406   419   478   382   617   859   296     0   249     0 
  104   540   282   306   319   404   262   493   256   215   400   298   269   245   211    99   674   742   479   664   326   631   438   810   495   249     0     0 
    0     0     0     0     0     0     0     0     0     0     0     0     0     0     0     0     0     0     0     0     0     0     0     0     0     0     0     0 
