DIMENSION: 27
N: 15
M: 5
K: 2

SERVICE: 
371 389 429 179 213 749 115 62 245 409 304 235 329 86 426 

DIST MATRIX: 
    0   423   438   306    43   187    75   148   395   462   225   468   381   475   125   239   643    94   172   571   157   847   415   197   233   113   238     0 
  443     0   537   855   798   721   744   796   570   545   659   522   547   574   821   825   851   799   659   725   918   746   674   918  1010   754   712     0 
  432   399     0   763   769   663   719   813   645   640   600   406   616   674   771   861   972   803   624   573   922   911   558   858   958   760   751     0 
  552   611   361     0   441   331   451   625   774   832   352   375   745   858   359   718  1097   573   422   229   622  1244   224   336   419   573   684     0 
  357   420   263    96     0    91   214   390   541   601   127   291   514   626   144   484   858   340   186   322   408  1013   179   186   292   336   444     0 
  460   397   646   912   782     0   727   722   442   394   693   642   434   412   829   722   643   741   665   870   850   500   778   932  1006   696   617     0 
  188   246   275   309   168   130     0   246   324   384   101   303   296   409   198   327   654   216    35   460   328   795   301   300   382   184   253     0 
  377   421   489   392   127   259   129     0   337   403   283   518   329   412   211   152   559    10   215   643   113   773   484   280   299    55   165     0 
  491   453   734   874   653   695   610   513     0   183   663   746   270   160   728   467   262   555   599   968   628   231   829   823   863   521   401     0 
  730   696   972  1078   834   903   800   667   459     0   879   986   491   378   916   595   203   717   809  1204   759   114  1059  1003  1022   693   568     0 
  415   461   514   388   129   271   148    89   377   443     0   543   370   450   207   168   582    52   241   656    79   806   499   262   267    97   201     0 
  347   408   209   126   272   134   264   442   562   619   140     0   532   646   210   534   893   394   214   257   470  1031   112   251   357   384   484     0 
  298   351   378   304    66   150    21   158   348   414   171   408     0   431   138   250   630   113   106   532   214   812   373   233   291   101   215     0 
  279   249   522   668   469   490   420   369    79    51   452   536    78     0   536   359   391   397   394   755   496   445   615   636   691   355   258     0 
  258   291    52   383   452   317   415   563   545   580   264    24   509   614     0   641   907   532   320   242   639   968   176   497   602   502   552     0 
  436   462   600   544   279   400   270    94   280   337   413   628   289   332   363     0   415   146   336   779   166   654   618   429   431   151   113     0 
  651   634   884   933   677   767   651   497   363   340   755   903   398   305   762   415     0   550   679  1104   575   299   950   839   846   535   415     0 
  371   414   487   398   133   261   131    54   327   393   284   516   319   402   217   146   550     0   214   645   120   763   485   288   309    46   155     0 
  217   277   274   275   145    96    97   250   355   416    78   303   328   440   165   336   679   214     0   444   320   827   284   267   351   188   272     0 
  478   523   237   330   528   385   514   689   750   795   366   231   716   827   466   779  1104   645   444     0   727  1197   160   491   592   628   713     0 
  490   533   592   443   199   344   225   128   420   483   381   621   419   485   267   166   575   120   320   727     0   820   572   300   277   164   239     0 
  719   677   961  1101   871   923   832   716   472   412   892   972   500   387   950   654   299   763   827  1197   820     0  1060  1042  1072   734   610     0 
  346   400   138   221   373   228   355   529   602   651   206   154   569   682   318   618   950   485   284   160   572  1060     0   362   468   468   554     0 
  482   544   445   165   171   197   216   342   581   647   261   474   562   664   103   429   839   288   267   491   300  1042   362     0   106   309   434     0 
  569   628   550   263   225   296   279   356   628   695   358   579   614   706   189   431   846   309   351   592   277  1072   468   106     0   342   463     0 
  328   369   458   402   142   250   122    62   287   354   263   487   277   365   227   151   535    46   188   628   164   734   468   309   342     0   125     0 
  330   352   516   519   266   354   236   114   182   245   350   541   183   249   349   113   415   155   272   713   239   610   554   434   463   125     0     0 
    0     0     0     0     0     0     0     0     0     0     0     0     0     0     0     0     0     0     0     0     0     0     0     0     0     0     0     0 
