DIMENSION: 47
N: 15
M: 15
K: 2

SERVICE: 
99 251 65 260 150 184 221 136 204 170 220 144 383 196 317 

DIST MATRIX: 
    0   591   820   359   624   537   600   388   678   584   624  1207   428   390   699   476   828   821  1020   886   834  1092   835   818   842  1054   895   761   764   783   410   316   455  1035   662   827   900   750   783   513   932   750   974   746   762   178   359     0 
  286     0   465     1   305   272   262    86   331   229   318   887   110   291   420   203   515   515   664   683   572   747   557   483   574   709   555   408   508   532   189   430   252   679   424   613   546   457   438   317   589   489   662   455   552   242   215     0 
  786   321     0   501   311   433   287   482   207   276   335   499   444   665   381   446   293   318   167   637   456   293   411   195   443   260   182   168   451   468   517   843   525   178   471   578   144   347   148   531   181   433   430   352   558   732   588     0 
  522    28   285     0   296   365   229   286   227   143   326   765   264   372   432   329   447   461   459   730   570   579   537   371   565   544   417   156   529   552   372   677   414   467   487   659   295   437   305   457   439   507   413   438   613   458   431     0 
  674   465   325   432     0   173   217   354   232   304   124   509   322   712    13   240   150   130   470   286   141   456   128   211   142   423   279   460    85   109   299   559   257   495    89   215   525    56   241   215   317    63   784    50   176   658   352     0 
  323   319   461   109   253     0   233    35   313   238   256   839    65   395   344   115   461   456   661   587   491   723   483   448   495   685   525   449   424   447    81   357   145   679   332   519   580   389   416   212   562   407   733   386   456   303   115     0 
  328   298   447    94   246   187     0    14   300   220   251   833    49   384   344   117   455   451   647   594   493   712   482   438   496   674   515   430   427   449    96   377   158   665   337   525   561   387   404   224   552   409   713   383   463   303   135     0 
  201   331   551    88   376   319   341     0   413   315   384   962   173   280   478   250   586   584   751   721   626   830   616   561   630   792   636   494   559   582   209   373   272   766   467   653   632   520   520   340   671   542   735   517   589   169   206     0 
  590   407   329   349    98    89   161   270     0   247    67   586   239   633    75   155   213   199   500   349   224   511   213   243   227   475   320   432   160   184   216   495   180   524    97   277   517   126   251   152   360   141   758   121   225   573   273     0 
  575    73   258   313   316   397   251   336   231     0   347   741   311   413   446   369   444   460   419   744   578   547   541   359   571   513   397   105   542   565   417   727   455   424   510   674   243   445   292   493   414   520   367   447   632   510   479     0 
  368   251   395    99   209   177   174    42   250   166     0   795    16   384   322   112   420   419   596   590   474   665   458   394   475   627   470   376   411   435   126   429   179   612   330   519   507   359   356   238   505   391   664   356   459   334   181     0 
 1114   802   511   856   550   614   601   787   557   668   539     0   751  1113   451   679   342   340   468   387   325   321   316   404   315   326   368   701   395   380   741   976   698   489   498   394   672   403   470   648   362   404   958   407   442  1092   794     0 
  186   594   780   346   561   459   551   345   632   553   556  1131     0   465   617   407   755   744   980   777   742  1036   747   759   750   998   838   751   671   688   335   190   367   998   567   722   887   671   733   417   876   660   998   666   658   253   272     0 
  180   512   803   366   672   626   626   440   686   576   684  1250   473     0   783   556   882   882   992  1025   932  1096   921   843   936  1059   911   690   866   889   513   550   574  1002   774   958   825   822   792   642   942   848   825   820   894   145   494     0 
  397   213   358   115   194   189   147    84   218   125   210   772    54   383     0   132   402   403   559   597   470   635   451   368   470   597   441   333   411   435   163   472   210   575   337   525   464   349   325   263   475   390   623   347   468   357   222     0 
  436   337   391   204   154    70   159   119   240   205   149   731    97   494   229     0   352   345   585   480   377   629   368   352   381   591   431   424   310   333    74   397    87   606   221   410   541   276   332   131   470   292   735   272   349   418   144     0 
  783   473   235   516   211   297   259   451   221   329   205   378   414   772   151   352     0    27   334   345   163   306   118    99   151   273   140   410   175   185   422   705   392   361   237   289   437    94   161   360   175   162   717   100   281   755   484     0 
  778   486   259   515   210   286   263   448   234   337   200   387   411   777   133   345    27     0   361   319   137   328    92   124   125   296   167   431   148   158   412   688   379   388   215   262   462    76   182   344   201   137   741    81   254   752   472     0 
  949   486   201   664   436   559   431   637   349   436   454   386   598   831   465   585   334   361     0   665   489   160   444   260   474   143   194   321   509   519   659   979   656    27   558   618   230   417   255   649   161   496   500   423   615   897   730     0 
  879   750   577   684   434   412   502   599   515   589   406   516   576   974   299   480   345   319   665     0   182   584   227   443   195   564   478   736   202   180   512   647   451   692   260    72   781   303   497   384   505   224  1055   300   131   881   537     0 
  807   593   395   572   285   308   350   493   347   435   262   418   463   853   153   377   163   137   489   182     0   428    46   261    16   402   299   560    71    56   429   652   380   516   174   128   599   133   316   325   328    85   876   132   139   795   475     0 
 1032   607   296   747   475   586   492   704   417   522   483   226   664   949   456   629   306   328   160   584   428     0   388   277   412    38   198   460   468   471   703  1005   685   176   543   551   387   400   310   662   160   461   659   406   566   988   770     0 
  803   561   351   557   261   301   323   481   311   405   241   396   448   832   139   368   118    92   444   227    46   388     0   216    33   361   253   520    87    84   426   668   382   471   185   174   555   104   273   333   283    90   833   104   178   786   477     0 
  762   398   136   482   198   311   221   431   158   271   207   408   392   716   206   352    99   124   260   443   261   277   216     0   249   240    80   315   261   275   426   733   410   285   299   384   339   161    67   394   119   244   619   166   368   725   494     0 
  813   588   384   574   283   312   347   496   340   431   261   405   465   853   154   381   151   125   474   195    16   412    33   249     0   387   284   551    80    68   435   663   387   501   184   143   587   128   306   334   313    91   865   128   155   799   483     0 
  994   572   260   709   437   549   454   666   379   485   446   246   626   913   422   591   273   296   143   564   402    38   361   240   387     0   160   428   439   443   665   969   648   163   510   528   364   367   272   627   122   431   641   373   539   950   733     0 
  837   445   143   555   277   391   295   507   225   335   286   348   468   776   276   431   140   167   194   478   299   198   253    80   284   160     0   333   315   325   505   812   489   221   368   427   323   225   119   472    40   301   610   231   421   797   573     0 
  677   178   190   407   334   438   281   416   229   220   365   665   386   516   448   424   410   431   321   736   560   460   520   315   551   428   333     0   537   558   483   804   511   324   525   670   139   434   250   538   342   516   326   437   636   614   550     0 
  738   550   388   509   235   240   302   428   313   389   208   482   399   793    98   310   175   148   509   202    71   468    87   261    80   439   315   537     0    24   360   584   309   535   104   133   592   105   305   254   349    22   859   101   108   727   404     0 
  759   573   405   533   259   263   326   451   335   413   232   473   422   817   122   333   185   158   519   180    56   471    84   275    68   443   325   558    24     0   381   596   329   545   122   112   609   124   323   272   358    46   879   121    97   749   424     0 
  378   376   463   190   228   127   230   106   312   264   221   799   111   476   290    74   422   412   659   512   429   703   426   426   435   665   505   483   360   381     0   326    64   679   262   445   605   341   406   132   544   345   784   336   381   371    71     0 
  370   673   787   431   543   422   556   391   637   587   527  1064   418   626   556   397   705   688   979   647   652  1005   668   733   663   969   812   804   584   596   326     0   324  1001   484   603   930   613   724   345   852   578  1087   607   543   426   256     0 
  432   420   466   253   219    99   240   167   318   292   204   764   163   540   250    87   392   379   656   451   380   685   382   410   387   648   489   511   309   329    64   324     0   677   208   385   625   305   400    68   529   296   821   300   321   431    96     0 
  963   493   218   678   458   581   450   654   368   451   477   402   616   837   491   606   361   388    27   692   516   176   471   285   501   163   221   324   535   545   679  1001   677     0   584   645   223   443   277   672   188   522   484   449   642   910   750     0 
  639   505   406   425   195   152   259   340   296   344   163   580   316   714    93   221   237   215   558   260   174   543   185   299   184   510   368   525   104   122   262   484   208   584     0   189   602   144   324   151   406    95   851   138   131   632   302     0 
  816   679   516   614   363   342   430   529   446   518   334   511   505   903   228   410   289   262   618    72   128   551   174   384   143   528   427   670   133   112   445   603   385   645   189     0   720   237   434   319   457   155   991   233    65   815   474     0 
  817   316   204   545   425   542   386   548   316   343   454   609   515   646   516   541   437   462   230   781   599   387   555   339   587   364   323   139   592   609   605   930   625   223   602   720     0   487   287   642   315   573   288   491   697   753   674     0 
  711   460   283   457   157   214   220   384   214   303   139   460   350   729    57   276    94    76   417   303   133   400   104   161   128   367   225   434   105   124   341   613   305   443   144   237   487     0   200   268   263    86   754     6   211   690   399     0 
  722   333    83   438   181   303   183   395   107   217   200   465   356   658   233   332   161   182   255   497   316   310   273    67   306   272   119   250   305   323   406   724   400   277   324   434   287   200     0   396   151   286   559   205   411   680   476     0 
  496   467   469   318   220   101   258   232   328   325   197   724   222   607   211   131   360   344   649   384   325   662   333   394   334   627   472   538   254   272   132   345    68   672   151   319   642   268   396     0   512   244   856   263   254   498   155     0 
  872   467   156   588   316   430   331   544   258   366   326   327   504   802   315   470   175   201   161   505   328   160   283   119   313   122    40   342   349   358   544   852   529   188   406   457   315   263   151   512     0   337   603   269   455   830   613     0 
  722   528   369   490   213   223   280   409   291   367   186   485   380   773    76   292   162   137   496   224    85   461    90   244    91   431   301   516    22    46   345   578   296   522    95   155   573    86   286   244   337     0   838    81   125   710   391     0 
  878   415   483   660   660   758   603   699   555   532   691   885   677   629   773   735   717   741   500  1055   876   659   833   619   865   641   610   326   859   879   784  1087   821   484   851   991   288   754   559   856   603   838     0   758   960   802   844     0 
  708   461   288   455   156   209   219   381   216   303   137   465   347   728    51   272   100    81   423   300   132   406   104   166   128   373   231   437   101   121   336   607   300   449   138   233   491     6   205   263   269    81   758     0   206   687   394     0 
  751   631   494   553   317   282   383   467   408   470   286   550   445   843   188   349   281   254   615   131   139   566   178   368   155   539   421   636   108    97   381   543   321   642   131    65   697   211   411   254   455   125   960   206     0   751   409     0 
   79   438   701   242   544   487   504   305   572   467   553  1129   341   216   647   418   755   752   897   881   795   988   786   725   799   950   797   614   727   749   371   426   431   910   632   815   753   690   680   498   830   710   802   687   751     0   349     0 
  342   432   534   217   297   187   301   149   383   331   288   859   167   485   345   144   484   472   730   537   475   770   477   494   483   733   573   550   404   424    71   256    96   750   302   474   674   399   476   155   613   391   844   394   409   349     0     0 
    0     0     0     0     0     0     0     0     0     0     0     0     0     0     0     0     0     0     0     0     0     0     0     0     0     0     0     0     0     0     0     0     0     0     0     0     0     0     0     0     0     0     0     0     0     0     0     0 
