DIMENSION: 27
N: 15
M: 5
K: 2

SERVICE: 
74 705 379 27 260 128 387 104 67 334 122 301 326 101 97 

DIST MATRIX: 
    0   422   412   659   512   429   703   426   426   435   665   505   483   360   381   397   772   446    62   710   361   584   472   438   714    71   495     0 
  397     0   688   979   647   652  1005   668   733   663   969   812   804   584   596   722  1002   452   357   928   629   782   694   357   994   256   821     0 
   87   392     0   656   451   380   685   382   410   387   648   489   511   309   329   417   728   503    36   663   415   532   531   486   685    96   515     0 
  606   361   388     0   692   516   176   471   285   501   163   221   324   535   545   325   517   992   644   538   586   565   699  1049   307   750   262     0 
  221   237   215   558     0   174   543   185   299   184   510   368   525   104   122   418   526   708   201   458   535   324   671   693   513   302   503     0 
  410   289   262   618    72     0   551   174   384   143   528   427   670   133   112   565   414   888   385   334   718   185   857   862   477   474   635     0 
  541   437   462   230   781   599     0   555   339   587   364   323   139   592   609   209   704   831   589   706   407   694   498   907   506   674   110     0 
  276    94    76   417   303   133   400     0   161   128   367   225   434   105   124   330   435   771   283   381   514   280   657   777   382   399   398     0 
  332   161   182   255   497   316   310   273     0   306   272   119   250   305   323   160   504   764   367   480   412   430   551   802   362   476   204     0 
  131   360   344   649   384   325   662   333   394     0   627   472   538   254   272   438   677   569    83   609   471   473   593   546   650   155   534     0 
  470   175   201   161   505   328   160   283   119   313     0    40   342   349   358   283   395   914   499   391   552   389   686   951   221   613   280     0 
  292   162   137   496   224    85   461    90   244    91   431     0   516    22    46   410   433   788   283   367   573   241   714   781   422   391   483     0 
  735   717   741   500  1055   876   659   833   619   865   641   610     0   859   879   433   989   865   787   994   469   980   477   968   786   844   356     0 
  272   100    81   423   300   132   406   104   166   128   373   231   437     0   121   332   439   768   278   384   514   281   657   773   387   394   402     0 
  349   281   254   615   131   139   566   178   368   155   539   421   636   108     0   530   465   823   322   387   666   240   802   797   505   409   606     0 
  332   315   334   314   632   459   424   420   227   450   389   264   107   432   453     0   662   667   381   639   272   585   403   726   504   466    99     0 
  711   376   374   496   402   353   346   346   439   343   354   402   735   423   407   662     0  1206   712    83   911   230  1053  1210   213   824   674     0 
  497   837   835   980   953   873  1072   865   809   878  1034   881   693   805   826   667  1206     0   507  1150   426  1029   389   126  1117   417   742     0 
   52   367   356   622   453   368   655   366   379   374   618   459   475   298   320   381   712   507     0   649   388   523   509   499   660   117   479     0 
  653   336   328   514   319   284   377   285   413   276   376   390   721   354   337   639    83  1150   649     0   876   149  1019  1148   249   758   664     0 
  340   540   550   579   790   645   697   617   474   642   661   528   271   595   619   272   911   426   388   876     0   794   143   512   771   405   326     0 
  533   270   252   539   176   157   433   177   365   155   419   372   680   224   203   585   230  1029   523   149   794     0   937  1018   330   626   631     0 
  465   683   693   695   929   787   824   760   614   785   790   664   375   735   760   403  1053   389   509  1019   143   937     0   499   906   502   438     0 
  502   853   847  1034   922   865  1111   864   839   872  1073   915   767   795   815   726  1210   126   499  1148   512  1018   499     0  1142   391   810     0 
  644   293   306   288   497   367   134   336   309   352   145   244   559   422   418   504   213  1117   660   249   771   330   906  1142     0   777   495     0 
  144   484   472   730   537   475   770   477   494   483   733   573   550   404   424   466   824   417   117   758   405   626   502   391   777     0   564     0 
  431   363   386   257   699   520   394   477   266   509   363   274    66   503   522    99   674   742   479   664   326   631   438   810   495   564     0     0 
    0     0     0     0     0     0     0     0     0     0     0     0     0     0     0     0     0     0     0     0     0     0     0     0     0     0     0     0 
