DIMENSION: 37
N: 15
M: 10
K: 2

SERVICE: 
196 443 380 481 396 120 81 250 209 183 268 188 471 321 490 

DIST MATRIX: 
    0   379   392   510   199   359   458   328   431   585   827   418   114   395   532   283   724   643   449   473   739   499   876   616   717   422   646   612   496   522   909   345   945   839   861   468   426     0 
  807     0   569   262   832   974   769   495   487    54   331   785   679   763   359   831    94   281   389   338   153   388   239    46   261  1051   164   228   613   263   347   458   329   202   228   602   325     0 
  489   250     0   260   513   662   555   263   342   268   551   549   370   524   334   535   408   390   285   271   433   325   560   302   443   734   355   343   468   273   617   261   637   523   547   424   216     0 
  664   203   692     0   749   914   870   270   642   290   652   862   644   837   582   821   343   565   565   531   474   590   491   347   572   970   467   507   773   490   664   570   621   466   505   307   488     0 
  254   254   649   656     0   559   740   189   662   622   948   702   396   679   715   549   740   788   646   650   812   694   900   672   841   584   748   742   754   669  1004   569  1004   867   899   227   596     0 
  195   638   562   772    94     0   518   576   635   873  1088   458   263   448   771   233  1013   900   685   721  1018   732  1163   901   980   140   920   877   648   783  1179   571  1225  1126  1146   674   683     0 
  596   808   277   596   448   418     0   776   368   807   846    67   368    92   529   261   937   672   465   518   863   487  1046   803   759   506   753   682   278   600   958   387  1048  1010  1012   935   520     0 
  432   253   359   295   454   604   521     0   336   327   598   510   313   485   356   481   467   429   295   291   488   339   619   360   489   676   405   386   454   308   668   247   693   582   605   418   236     0 
  765   794   199   402   656   688   240   788     0   642   571   299   510   297   304   506   746   424   287   330   634   276   821   617   504   781   531   454    94   399   686   295   792   789   780   957   364     0 
  577   227   480   282   620   774   664   268   428     0   520   662   484   638   377   653   311   389   352   322   372   381   470   231   421   843   319   334   559   293   566   358   564   435   463   402   275     0 
 1127   759   798   486  1139  1271   992   815   705   378     0  1022   978  1004   543  1113   263   403   611   560   218   585   116   337   318  1353   326   391   805   480   169   711    42   137    99   905   575     0 
  477   569   100   373   381   450   194   546   178   562   663     0   224   164   334   270   697   476   253   301   643   291   818   564   563   543   533   470   196   379   767   148   840   781   788   712   286     0 
  680   522   253    68   641   748   451   537   163   305   356   477     0   458    59   577   417   167    65    13   334    63   516   284   251   837   223   156   284    70   455   170   527   480   482   698    62     0 
  217   566   416   631    69   176   392   512   487   749   945   336   122     0   626   128   891   756   539   576   884   586  1036   773   838   253   783   736   504   642  1039   425  1090   999  1016   639   541     0 
  646   821   251   565   504   485    60   794   335   786   798   101   407   120     0   322   911   630   434   486   828   450  1012   777   716   574   718   645   229   568   911   370  1006   977   977   957   495     0 
  345   658   362   629   189   184   286   611   448   783   931   225   178   216   602     0   924   742   519   564   895   560  1060   798   828   278   788   731   432   638  1032   407  1098  1022  1035   750   539     0 
  888   497   661   349   920  1066   861   555   577   142   346   878   771   856   442   924     0   344   479   427   162   474   160   134   303  1141   224   298   701   349   330   551   278   128   164   643   417     0 
  838   614   403   135   807   915   591   644   308   286   190   625   637   608   144   742   344     0   223   180   211   188   397   238    88  1003   120    58   403   123   292   335   377   366   356   791   218     0 
  645   535   189   131   594   693   387   543    99   361   412   412   424   393    86   519   479   223     0    53   399    50   581   345   310   783   288   220   225   134   515   114   590   545   547   708    77     0 
  669   519   241    79   629   735   439   533   151   313   370   464   458   445    65   564   427   180    53     0   346    59   528   294   265   823   236   170   275    82   469   156   540   492   495   695    55     0 
  921   590   587   271   924  1054   784   639   495   196   185   811   762   791   339   895   162   211   399   346     0   378   187   141   148  1136   110   183   605   265   196   495   207   155   149   754   357     0 
  695   574   215   126   642   737   407   585   121   366   373   439   471   421    43   560   474   188    50    59   378     0   563   342   276   827   269   195   229   125   479   161   562   529   527   749   109     0 
 1045   656   769   450  1070  1210   967   714   678   292   314   991   915   971   525  1060   160   397   581   528   187   563     0   264   325  1288   294   370   791   446   246   670   146    37    47   796   532     0 
  791   450   527   217   807   946   727   498   444    58   306   744   651   723   313   798   134   238   345   294   141   342   264     0   226  1025   124   184   568   218   336   418   336   226   245   615   283     0 
  909   648   491   208   887   999   678   685   396   282   110   713   717   697   232   828   303    88   310   265   148   276   325   226     0  1087   105   105   488   197   205   421   290   298   282   822   297     0 
  330   778   639   882   224    94   551   716   721  1000  1193   489   375   486   869   278  1141  1003   783   823  1136   827  1288  1025  1087     0  1035   986   710   892  1289   669  1343  1251  1269   811   791     0 
  834   546   477   161   826   950   674   586   385   178   201   700   661   681   231   788   224   120   288   236   110   269   294   124   105  1035     0    77   497   155   264   385   310   260   259   719   249     0 
  804   560   407   104   783   899   602   592   314   229   215   631   615   613   155   731   298    58   220   170   183   195   370   184   105   986    77     0   421    94   303   325   370   336   332   736   194     0 
  674   707   106   352   571   616   198   698   132   586   570   246   420   238   266   432   701   403   225   275   605   229   791   568   488   710   497   421     0   352   683   208   779   757   754   867   297     0 
  716   509   323    13   690   805   521   533   233   245   306   546   521   527    98   638   349   123   134    82   265   125   446   218   197   892   155    94   352     0   398   232   461   410   413   686   100     0 
 1097   786   694   408  1086  1202   877   833   599   392   115   915   918   899   436  1032   330   292   515   469   196   479   246   336   205  1289   264   303   683   398     0   625   128   242   203   949   498     0 
  540   500   123   225   481   579   315   493    94   420   525   327   310   305   201   407   551   335   114   156   495   161   670   418   421   669   385   325   208   232   625     0   693   633   640   662   138     0 
 1125   769   776   469  1131  1259   967   824   682   382   231  1000   968   982   519  1098   278   377   590   540   207   562   146   336   290  1343   310   370   779   461   128   693     0   159   117   921   559     0 
 1009   625   733   414  1033  1172   932   683   643   256   297   955   877   935   491  1022   128   366   545   492   155   529    37   226   298  1251   260   336   757   410   242   633   159     0    42   769   495     0 
 1034   660   736   418  1052  1189   933   716   644   282   267   959   894   939   488  1035   164   356   547   495   149   527    47   245   282  1269   259   332   754   413   203   640   117    42     0   807   502     0 
  481   177   767   674   615   782   898   169   753   558   918   869   581   845   757   750   643   791   708   695   754   749   796   615   822   811   719   736   867   686   949   662   921   769   807     0   641     0 
  622   466   244    91   590   705   444   478   166   292   405   462   421   441   120   539   417   218    77    55   357   109   532   283   297   791   249   194   297   100   498   138   559   495   502   641     0     0 
    0     0     0     0     0     0     0     0     0     0     0     0     0     0     0     0     0     0     0     0     0     0     0     0     0     0     0     0     0     0     0     0     0     0     0     0     0     0 
