DIMENSION: 27
N: 15
M: 5
K: 2

SERVICE: 
196 443 380 481 396 120 81 250 209 183 268 188 471 321 490 

DIST MATRIX: 
    0   379   392   510   199   359   458   328   431   585   827   418   114   395   532   292   737   536   249   111   801   764   478   228   404   468   520     0 
  807     0   569   262   832   974   769   495   487    54   331   785   679   763   359   397   281   814   844   542   176   454   819   848   617   602   790     0 
  489   250     0   260   513   662   555   263   342   268   551   549   370   524   334   150   466   619   536   228   485   552   598   529   422   424   596     0 
  664   203   692     0   749   914   870   270   642   290   652   862   644   837   582   464   593   934   803   506   379   746   912   708   736   307   911     0 
  254   254   649   656     0   559   740   189   662   622   948   702   396   679   715   475   864   818   493   343   801   943   762   293   670   227   801     0 
  195   638   562   772    94     0   518   576   635   873  1088   458   263   448   771   556   998   586   155   385  1090   992   509   162   549   674   580     0 
  596   808   277   596   448   418     0   776   368   807   846    67   368    92   529   473   768   103   342   452  1018   674    32   595   230   935   109     0 
  432   253   359   295   454   604   521     0   336   327   598   510   313   485   356   135   511   590   478   170   544   582   562   472   398   418   567     0 
  765   794   199   402   656   688   240   788     0   642   571   299   510   297   304   407   507   222   576   506   821   377   280   780   188   957   206     0 
  577   227   480   282   620   774   664   268   428     0   520   662   484   638   377   256   444   725   650   342   383   566   709   619   525   402   702     0 
 1127   759   798   486  1139  1271   992   815   705   378     0  1022   978  1004   543   684   316  1018  1138   849   229   483  1043  1168   843   905   995     0 
  477   569   100   373   381   450   194   546   178   562   663     0   224   164   334   220   577   264   321   232   779   536   235   495   101   712   243     0 
  680   522   253    68   641   748   451   537   163   305   356   477     0   458    59   194   267   489   614   373   496   287   502   712   300   698   465     0 
  217   566   416   631    69   176   392   512   487   749   945   336   122     0   626   418   855   465    65   259   970   845   392   213   405   639   456     0 
  646   821   251   565   504   485    60   794   335   786   798   101   407   120     0   466   724    33   401   473   992   619    45   648   203   957    43     0 
  487   388   230   219   462   587   408   384   201   351   536   408   296   384   246     0   446   471   454   181   573   479   453   520   272   552   447     0 
  929   671   502   227   905  1015   687   708   408   304    90   724   735   708   244   446     0   707   881   627   369   189   738   964   544   845   685     0 
  673   833   248   557   534   518    78   809   327   782   780   130   430   146   477   471   707     0   432   489   984   596    78   676   201   973    24     0 
  273   628   419   661   113   134   364   575   498   794   970   304   166   293   645   454   881   432     0   308  1016   857   356   262   401   704   426     0 
  307   359   306   400   291   435   413   324   330   491   717   386   143   361   422   181   627   489   308     0   711   654   444   339   328   485   470     0 
  960   552   742   428   998  1145   942   613   657   222   379   960   851   938   518   573   369   984  1016   711     0   558   992  1003   790   686   960     0 
  960   787   443   292   903   986   595   812   359   465   215   643   734   632   233   479   189   596   857   654   558     0   643   989   473   965   577     0 
  604   796   250   569   460   440    51   767   340   783   815    61   369    83   500   453   738    78   356   444   992   643     0   605   203   928    80     0 
   44   507   593   738   149   281   601   442   646   794  1054   547   271   531   758   520   964   676   262   339  1003   989   605     0   593   521   666     0 
  577   647    48   366   472   522   152   630   139   583   626   180   322   164   302   272   544   201   401   328   790   473   203   593     0   799   178     0 
  481   177   767   674   615   782   898   169   753   558   918   869   581   845   757   552   845   973   704   485   686   965   928   521   799     0   953     0 
  661   811   225   533   525   517    64   788   303   758   759   123   416   135   454   447   685    24   426   470   960   577    80   666   178   953     0     0 
    0     0     0     0     0     0     0     0     0     0     0     0     0     0     0     0     0     0     0     0     0     0     0     0     0     0     0     0 
