
Closest parcels: 
0: 44 35 36 43 46 
1: 52 51 54 36 35 
2: 46 54 51 45 35 
3: 45 42 54 53 39 
4: 39 53 50 42 45 
5: 51 54 52 47 45 
6: 51 54 47 52 50 
7: 47 51 54 37 49 
8: 49 37 47 50 41 
9: 54 42 45 47 50 
10: 48 40 53 43 39 
11: 47 37 49 51 54 
12: 48 53 38 39 42 
13: 42 39 53 45 50 
14: 37 49 47 50 41 
15: 45 46 53 42 39 
16: 39 53 38 41 42 
17: 45 53 39 42 38 
18: 48 40 41 38 39 
19: 46 35 44 39 42 
20: 38 45 53 48 39 
21: 45 53 48 42 39 
22: 43 40 44 35 46 
23: 41 38 39 53 48 
24: 46 35 44 48 38 
25: 44 35 43 40 36 
26: 46 35 44 45 42 
27: 41 38 39 50 53 
28: 51 54 47 52 50 
29: 52 51 54 36 47 
30: 50 42 39 54 53 
31: 39 53 42 45 50 
32: 41 38 49 48 39 
33: 38 48 39 53 41 
34: 51 52 54 46 35 
Distance Matrix: 
    0 17.761 17.3542 18.725 19.3151 19.2503 19.938 21.0255 21.5916 20.043 16.9569 21.0735 18.3829 19.342 21.1221 17.5956 19.4643 18.206 22.3325 19.6033 17.6327 18.0912 0.501328 19.6787 19.0241 14.7014 18.7863 20.0339 19.9066 20.0834 19.6433 19.3673 22.5878 19.0311 18.1944 15.7446 16.2132 21.3235 19.0063 19.378 16.182 20.0899 18.8873 15.0468 15.4758 18.3309 17.88 20.6574 18.3265 21.1254 19.5327 18.6142 19.8675 18.7864 18.7566 15.4931 17.0731 21.418 19.8363 19.3889 18.9753 19.7117 19.1911 19.7389 15.4547 19.0082 17.2235 20.6671 19.3965 20.6433 20.2788 19.8392 19.8435 19.4615 19.3279 15.1858 15.1858 15.1858 15.1858 15.1858 15.1858     0 
18.5666     0 3.02838 3.18477 3.79486 1.70061 2.62272 3.37049 5.40276 2.53029 5.64015 3.55233 5.65039 4.25403 4.84608 3.51596 4.45433 4.11054 15.6076 4.49143 3.87876 4.41878 18.4155 5.24752 5.55672 31.9834 3.26249 5.10146 2.60875 2.28338 3.75192 4.12091 8.63851 5.17697 1.20677 4.00629 4.11683 5.00571 5.0823 4.47697 6.00232 5.48401 4.21622 5.82135 4.24524 3.42058 3.70816 3.88528 5.51654 4.9937 3.74607 1.47746 1.3418 4.33108 2.24475 3.85372 4.24879 4.98164 5.37704 4.55779 5.10322 5.24223 3.91267 4.87198 3.98713 4.34727 3.65181 3.87425 4.74639 4.85367 4.95334 2.63658 1.3916 4.4196 3.31441 5.83263 5.83263 5.83263 5.83263 5.83263 5.83263     0 
17.8089 2.5018     0 1.78736 2.53564 1.38724 2.16387 3.23063 4.63522 2.22327 3.91973 3.32439 4.03644 2.93188 4.0572 1.81232 3.14315 2.5029 13.9923 3.21862 2.1838 2.78613 17.6249 3.89825 4.04372 30.8409 1.87943 3.86729 2.13476 3.99421 2.63737 2.82655 7.50407 3.68748 0.538797 2.49304 4.99265 4.25156 3.59376 3.13656 4.28632 4.21099 2.76291 4.20373 2.76168 1.8639 2.04537 3.22364 3.89827 4.16122 2.58518 0.757909 2.30011 2.84268 1.09842 2.50143 5.40811 4.27611 4.05245 3.2106 3.60702 3.90182 2.58841 3.58532 2.59648 2.91536 1.92886 3.22259 3.37939 3.87095 3.82049 2.09228 2.20028 3.11237 2.16476 4.19614 4.19614 4.19614 4.19614 4.19614 4.19614     0 
19.0471 4.82755 1.92501     0 0.206941 2.18079 1.75523 2.47022  2.55 1.97074 2.89525 2.38464 2.17546 0.525009 2.02995 1.5253 0.734851 1.02193 11.9566 0.807673 1.48815 1.29086 18.8213 1.51518 1.88212 31.3861 0.533456 1.45743 1.73619 5.69457 0.556642 0.415752 5.09551 1.49152 2.68371 3.41341 7.4041 2.23543 1.40064 0.741686 3.61276 1.80126 0.575329 4.27525 3.66499 0.809611 1.22909 1.647 2.07012 2.0619 0.440768 2.26921 3.42806 0.737757 1.49788 3.77801 7.79063 2.3182 1.65692 0.821025  1.43 1.51337 0.177941 1.17499 3.76728 0.651409 1.89038 1.663 1.00682 1.6364 1.45412 1.63786 3.25123 0.702809 0.546504 4.17868 4.17868 4.17868 4.17868 4.17868 4.17868     0 
19.4608 5.67595 2.64299 1.47168     0 2.95603 2.3576 2.79067 2.07767 2.56608 2.85957 2.64549 1.76432 0.327175 1.68183 2.13275 0.116142 1.3396 11.2223 0.133254 1.96062 1.4351 19.2213 0.683338 1.26339 31.5325 1.37984 0.634579 2.34674 6.44778 0.915548 0.447227 4.25872 0.909978 3.53278 3.98424 8.25148 1.86304 0.848083 0.154115 3.64673 0.95199 0.66771 4.53019 4.21139 1.52895 1.77473 1.75263 1.7031 1.63916 0.870451 3.10612 4.14701 0.740392 2.33622 4.40538 8.64141 1.98286 0.810811 0.138778 0.889081 0.675555 0.673054 0.3278 4.37118 0.523575 2.45352 1.77457 0.260418 1.13685 0.762359 2.25935 3.96768 0.14896 1.26761 4.4104 4.4104 4.4104 4.4104 4.4104 4.4104     0 
19.2469 3.57756 2.04713 1.1378 1.50338     0 0.63528 1.72215 3.15225 0.77019 4.09035 1.78257 3.64029 1.97437 2.57636 2.10776 2.15809 2.22817 13.4588 2.17355 2.33347 2.55643 19.0496 2.94775 3.38771 32.0333 1.17301 2.75706 0.603801 4.19322 1.4015 1.83059 6.28213 2.99712 1.54859 3.64147 6.30438 2.7577 2.90612 2.19828 4.68922 3.14628 2.0601 5.02198 3.92165 1.57167 2.06299 1.67779 3.52344 2.70414 1.40918 1.0211 1.92524 2.2082 0.547017 3.81792 6.56308 2.763 3.0615 2.27999 2.93503 2.93767 1.65801 2.54996 3.87141 2.15556 2.43716 1.67395 2.47423 2.50855 2.59429 0.537978 1.74985 2.12251 0.999091 4.96649 4.96649 4.96649 4.96649 4.96649 4.96649     0 
19.8839 3.91479 2.6701 1.59014 1.67876 0.962402     0 1.08569 2.77913 0.214068 4.54842 1.15942 3.93056 2.12244 2.22572 2.67341 2.26796 2.64731 13.5713 2.2437 2.857 2.96415 19.687 3.01325 3.58038 32.6517 1.59413 2.73418 0.0339663 4.15942 1.44312 1.97448 6.08156 3.19542 2.04739 4.27346 6.69182 2.3822 3.11145 2.33186 5.1933 3.1304 2.33169 5.60595 4.55329 2.05896 2.57623 1.26165 3.82681 2.37851 1.49982 1.51678 1.84185 2.4945 1.18461 4.45555 6.87235 2.35921 3.09622 2.40969 3.14577 2.9958 1.86803 2.59179 4.5084 2.38931 3.02032 1.25062 2.60051 2.29671 2.49709 0.128542 1.66402 2.23333 1.2114 5.54276 5.54276 5.54276 5.54276 5.54276 5.54276     0 
20.3779 4.6312 3.0874 1.79246 1.54682 1.67954 0.719362     0 2.07454 0.812495 4.5927 0.698749 3.76528 1.89731 1.53664 2.95414 1.98591 2.70362 13.1386 1.92082 3.05593 2.98728 20.1713 2.63505 3.31381 32.9756 1.75842 2.28211 0.738381 4.73979 1.20987 1.76212 5.43766 2.95065 2.74163 4.70508 7.40987 1.68011 2.87855 2.07009 5.30048 2.66769 2.22729 5.86666 4.9803 2.25258 2.77232 0.567075 3.68069 1.69948 1.30871 2.20777 2.44806 2.39402 1.74061 4.94617 7.58265 1.64819 2.68352 2.13703 2.91734 2.61094 1.74494 2.21237 4.98117 2.23565 3.32375 0.552115 2.30981 1.69803 1.98754 0.740196 2.27792 1.95559 1.23544 5.78599 5.78599 5.78599 5.78599 5.78599 5.78599     0 
20.612 6.04074 3.56321 2.19186 1.4455 3.10217 2.23518 2.16378     0 2.39223 4.02885 1.96163 2.8248 1.33242 0.514039 3.15215 1.22229 2.46849 11.5842 1.08384 3.05363 2.60665 20.3771 1.3841 2.20726 32.7095 2.10461 0.925209 2.24045 6.36164 1.22307 1.31647 3.84875 1.95499 3.97231 5.04048 8.75415 0.681748 1.9261 1.31556 4.82206 1.21676 1.78823 5.7077 5.28462 2.45073 2.8264 1.09247 2.79312 0.456935 1.29924 3.46649 4.05734 1.89884 2.77165 5.41799 9.02569 0.807733 1.34156 1.32171 1.9672 1.34871 1.51925 1.07604 5.4036 1.67584 3.50599 1.11348 1.37526 0.0845509 0.556226 2.19038 3.88315 1.22049 1.686 5.59017 5.59017 5.59017 5.59017 5.59017 5.59017     0 
19.1548 4.93439 2.05144 0.748979 0.119696 2.25186 1.77509 2.43832 2.42906     0 2.93781 2.34231 2.15647 0.421083 1.9148 1.64171 0.626116 1.09153 11.8899 0.688991 1.58847 1.34094 18.9277 1.41522 1.82671 31.4655 0.655652 1.3373 1.75792 5.76209 0.482359 0.297698 4.97491 1.43669 2.79147 3.53094 7.52178 2.11966 1.34833 0.643866 3.668 1.68748 0.568621 4.36062 3.78066 0.93297 1.33609 1.57404 2.0569 1.94217 0.36867 2.36697 3.48404 0.735654 1.59617 3.90032 7.90141 2.20546 1.55151 0.724955 1.38009 1.41142 0.0919489 1.06157 3.88785 0.612841 2.00386 1.59108 0.915658 1.51114 1.3265 1.66152 3.30625 0.59267 0.582199 4.26105 4.26105 4.26105 4.26105 4.26105 4.26105     0 
19.3031 5.59942 2.50606 1.37967 0.733428 2.92432 2.37195 2.86286 2.23381 2.58351     0 2.72644 1.66964 0.262457 1.82905 1.98543 0.133035 1.18266 11.2298 0.256264 1.80574 1.27817 19.0638 0.741503 1.21414 31.3871 1.28978 0.771171 2.35913 6.42809 0.936491 0.407734 4.3724 0.840856 3.45541 3.83042 8.15341 2.01308 0.767946 0.0414376 3.50381 1.05821 0.515577 4.37518 4.0562 1.40044 1.62484 1.84771 1.59936 1.79149 0.873422 3.04302 4.13699 0.582373 2.27169 4.25497 8.55732 2.13075 0.88922 0.0471478 0.807066 0.741298 0.599356 0.452196 4.21907 0.366862 2.30167 1.86912 0.237564 1.29093 0.919988 2.26852 3.95815 0.157361 1.23845 4.25624 4.25624 4.25624 4.25624 4.25624 4.25624     0 
20.8938 4.85376 3.6149 2.33871 2.06348 1.98689 1.07034 0.330227 2.03579 1.05604 5.11937     0 4.23632 2.37571 1.5874 3.49928 2.43814 3.23989 13.4174 2.35563 3.6026 3.5167 20.6904 3.01642 3.74556 33.5219 2.30533 2.62134 1.09873 4.6866 1.71227 2.24918 5.49677 3.39811 3.10372 5.23305 7.64861 1.67324 3.33244 2.52877 5.83636 2.98638 2.73648 6.41358 5.50966 2.7995 3.3191 0.770843 4.15961 1.76742 1.81855 2.57796 2.48006 2.90171 2.2135 5.45821 7.7559 1.59732 3.04028 2.58902 3.37256 2.98858 2.25871 2.60503 5.49886 2.73051 3.86793 0.7479 2.74869 1.91524 2.28933 1.14273 2.32744 2.41073 1.78051 6.33277 6.33277 6.33277 6.33277 6.33277 6.33277     0 
19.3999 5.59046 2.55641 1.38329 0.693901 2.88191 2.30103 2.76487 2.13301 2.511 2.83177 2.62522     0 0.239247 1.72055 2.05065 0.0343286 1.26918 11.2865 0.146436 1.88563 1.37923 19.1616 0.761338 1.29924 31.4969 1.29161 0.722886 2.28929 6.37829 0.859966 0.365887 4.34813 0.934 3.44698 3.90729 8.16289 1.90599 0.86538 0.0863412 3.6144 1.04066 0.591569 4.47885 4.13633 1.44082 1.69457 1.74173 1.70596 1.68615 0.806766 3.02323 4.08087 0.676419 2.2528 4.32501 8.55467 2.02247 0.894559 0.121968 0.905362 0.755683 0.586133 0.417164 4.29232 0.4554 2.37474 1.76331 0.299274 1.18771 0.834145 2.20044 3.9017 0.0698212 1.19311 4.36095 4.36095 4.36095 4.36095 4.36095 4.36095     0 
19.1825 5.16706 2.18315 0.958253 0.318236 2.49547 1.99406 2.59623 2.36051 2.20865 2.82164 2.4847 1.95385     0 1.87913 1.72168 0.397583 1.05359 11.6481 0.484465 1.615 1.25509 18.9509 1.17633 1.59226 31.4127 0.866285 1.13207 1.97842 6.00466 0.615805 0.123582 4.7676 1.20371 3.02321 3.60521 7.73815 2.07932 1.11757 0.402968 3.573 1.46541 0.42152 4.33041 3.84633 1.05709 1.38737 1.66687 1.8615 1.88377 0.52046 2.60634 3.72313 0.581243 1.83507 3.99754 8.12949 2.17755 1.31744 0.483173 1.15105 1.17406 0.162658 0.839886 3.97571 0.410592 2.06874 1.68588 0.672262 1.42028 1.16935 1.88384 3.545 0.366975 0.819141 4.22361 4.22361 4.22361 4.22361 4.22361 4.22361     0 
21.3639 6.18699 4.17276 2.76686 2.11149 3.22735 2.27334 1.77848 0.553535 2.3649 4.88589 1.55435 3.69292 2.12455     0 3.84014 2.05052 3.24778 12.1425 1.91642 3.79459 3.42039 21.1362 2.24154 3.06886 33.5594 2.69148 1.77981 2.28995 6.16969 1.79842 2.0747 4.02653 2.82378 4.24255 5.72206 8.96011 0.253285 2.79448 2.14818 5.67452 2.0211 2.58339 6.51819 5.9784 3.11057 3.54519 1.02226 3.66193 0.474332 1.90364 3.71176 3.94187 2.7114 3.12229 6.05907 9.13965 0.124142 2.18128 2.16528 2.83566 2.20534 2.23566 1.94458 6.06121 2.49077 4.20802 1.02939 2.23622 0.937311 1.41591 2.27667 3.78143 2.04265 2.18419 6.40664 6.40664 6.40664 6.40664 6.40664 6.40664     0 
18.6461 5.38046 2.01558 1.22531 0.959425 2.94686 2.59689 3.27754 2.8904 2.81225 2.13451 3.17233 1.34238 0.692576 2.47017     0 0.763479 0.561834 11.221 0.902105 1.19598 0.621468 18.4065 1.15934 1.16376 30.7613 1.15944 1.37108 2.5773 6.45172 1.30004 0.783647 4.83014 0.800873 3.26001 3.2169 7.8217 2.65947 0.707554 0.671735 2.89614 1.56334 0.277106 3.72198 3.43208 1.02367 1.06584 2.35585 1.23139 2.44259 1.19622 2.92408 4.22324 0.1105 2.17591 3.66336 8.28918 2.7724 1.3356 0.679814 0.720298 1.17838 0.760372 1.05422 3.61636 0.316277 1.71158 2.37519 0.717611 1.94545 1.57199 2.4784 4.0492 0.76662 1.38713 3.60545 3.60545 3.60545 3.60545 3.60545 3.60545     0 
19.4135 5.97386 2.80969 1.7502 1.10644 3.29729 2.71379 3.12556 2.19093 2.92234 2.68652 2.97274 1.48364 0.637696 1.87022 2.25657     0 1.39777 10.8687 0.477718 2.03206 1.41036 19.1677 0.369711 0.928599 31.3685 1.66161 0.556703 2.70281 6.79612 1.27168 0.778002 4.03807 0.609768 3.83005 4.05223 8.51405 2.03258 0.571011 0.413384 3.48596 0.734878 0.80568 4.44702 4.26457 1.7313 1.88781 2.0679 1.44134 1.79689 1.2238 3.42084 4.49895 0.804353 2.6495 4.49912 8.92794 2.1632 0.530901 0.332119 0.612504 0.375267 0.977356 0.282743 4.45253 0.642216 2.54591 2.09035 0.149202 1.29406 0.840209 2.61512 4.31976 0.487979 1.60906 4.31878 4.31878 4.31878 4.31878 4.31878 4.31878     0 
19.0007 6.12833 2.74574 1.93302 1.44933 3.60233 3.12011 3.62166 2.69308 3.3336 2.19145 3.47889 0.945632 1.00064 2.40232 2.14425 0.888265     0 10.5353 0.966837 1.85151 1.13926 18.7488 0.614442 0.461189 30.8614 1.85608 1.02366 3.1056 7.11667 1.69655 1.14773 4.13977 0.0766359 3.99964 3.81184 8.5761 2.55889 0.0637154 0.805549 2.99488 1.02541 0.901544 4.01948 4.00109 1.77818 1.77952 2.58491 0.905019 2.32094 1.62492 3.64037 4.84865 0.797886 2.87825 4.29039 9.04384 2.69209 0.771559 0.737047 0.0905193 0.648633 1.27454 0.812902 4.22638 0.778063 2.37349 2.607 0.574527 1.82253 1.35509 3.01234 4.67118 0.918522 1.94763 3.88363 3.88363 3.88363 3.88363 3.88363 3.88363     0 
19.3355 6.46619 3.13945 2.24655 1.66903 3.85739 3.29564 3.68542 2.48902 3.50451 2.47495 3.52423 1.10868 1.19847 2.27624 2.54304 1.03027 1.64971     0 1.05851 2.25503 1.54262 19.0796 0.387752 0.445981 31.0945 2.16355 0.849081 3.2844 7.36423 1.85353 1.3445 3.73574 0.401548 4.32821 4.21253 8.94785 2.40969 0.466385 0.976419 3.27601 0.712103 1.22826 4.35612 4.39862 2.14083 2.17641 2.61086 1.11723 2.16921 1.80264 3.94471 5.07344 1.15474 3.17555 4.69338 9.39834 2.54939 0.475717 0.895434 0.479248 0.423597 1.51993 0.767223 4.62814 1.08154 2.77721 2.63367 0.701086 1.69615 1.21592 3.19613 4.89451 1.06541 2.17456 4.21534 4.21534 4.21534 4.21534 4.21534 4.21534     0 
2.8312 14.9097 14.6473 16.0341 16.6524 16.4772 17.1932 18.2811 18.9586 17.2898 14.4429 18.3385 15.8665 16.7081 18.471 14.9238 16.8412 15.5761 20.7138     0 14.9857 15.4831 2.77831 17.106 16.4899 17.3635 16.0993 17.4405 17.1621 17.222 16.9709 16.7242 20.1679 16.4679 15.4055 13.0517 13.3472 18.6746 16.4366 16.7582 13.6908 17.5226 16.2587 12.4984 12.7892 15.6561 15.2231 17.9616  15.8 18.4845 16.8625 15.8386 17.0534 16.1669 16.0152 12.7693 14.2124 18.763 17.2688 16.7744 16.4076 17.1377 16.5381 17.1377 12.7414 16.3865 14.5555 17.9702 16.7948 18.012 17.6672 17.0981 17.0349 16.836 16.6362 12.6453 12.6453 12.6453 12.6453 12.6453 12.6453     0 
19.6941 6.70547 3.46281 2.48019 1.83035 4.01518 3.38081 3.66137 2.24121 3.58293 2.81958 3.485 1.4212 1.36693 2.10213 2.87763 1.1695 1.98701 10.1903 1.15333     0 1.902 19.4365 0.376325 0.750521 31.3966 2.39251 0.720552 3.37282 7.50061 1.95214 1.50215 3.38834 0.770573 4.56198 4.57622 9.2295 2.21179 0.828105 1.14429 3.6167 0.431238 1.49853 4.71782 4.76529 2.42733 2.50842 2.56816 1.44981 1.97424 1.92169 4.15338 5.19351 1.45299 3.38207 5.0528 9.65564 2.35472 0.298399 1.06394 0.845339 0.388071 1.70964 0.789894 4.99024 1.34024 3.12629 2.59114 0.879698 1.54052 1.07802 3.29042 5.01398 1.20476 2.32707 4.57543 4.57543 4.57543 4.57543 4.57543 4.57543     0 
18.6601 5.81005 2.36162 1.67328 1.3366 3.39156 3.0058 3.61915 2.95067 3.22135 1.9374 3.49687 0.924443 0.961507 2.59971 1.75292 0.933874 0.864225 10.7732 1.0523 1.45099     0 18.4122 0.970479 0.73345 30.6187 1.60688 1.31397 2.98787 6.89865 1.64394 1.09077 4.5423 0.416675 3.69819 3.41081 8.21568 2.77292 0.340574 0.834869 2.73166 1.39178 0.681989 3.68697 3.60291 1.44899 1.39267 2.63806 0.829577 2.54174 1.55234 3.37053 4.66371 0.531389 2.62384 3.88763 8.70342 2.89827 1.14091 0.796947 0.332806 1.00009 1.14152 1.04085 3.82445 0.623079 1.97227 2.65892 0.716672 2.03609 1.59938 2.89045 4.48885 0.9533 1.80087 3.55709 3.55709 3.55709 3.55709 3.55709 3.55709     0 
18.0297 5.28526 1.70242 1.422 1.46152 3.13951 2.96486 3.76002 3.51023 3.17527 1.60442 3.67685 1.24627 1.29625 3.08666 1.07991 1.38322 0.333282 11.2038 1.52201 0.739943 0.00493138     0 1.67978 1.39003 30.1599 1.39173 1.96043 2.94113 6.57789 1.82335 1.3647 5.27202 1.14213 3.23502 2.68001 7.58893 3.27758 1.0723 1.29176 2.32649 2.09985 0.841511 3.10289 2.87684 1.03145 0.756552 2.90979 1.10757 3.06209 1.71053 2.98842 4.43501 0.70875 2.30577 3.15519 8.11966 3.38877 1.85484 1.29699 1.06062 1.70578 1.27516 1.65278 3.09244 0.930967 1.25273 2.92769 1.31016 2.56549 2.18572 2.84029 4.26865 1.38532 1.78649 2.98794 2.98794 2.98794 2.98794 2.98794 2.98794     0 
19.6787 6.44451 3.26402 2.22347 1.55387 3.73424 3.09585 3.39302 2.09799 3.29825 2.84429 3.22083 1.49797 1.09575 1.899 2.69498 0.893466 1.81535 10.475 0.870158 2.44427 1.77218 19.4259     0 0.836823 31.4817 2.13421 0.477751 3.08779 7.21652 1.66738 1.22688 3.57721 0.713251 4.3005 4.44518 8.98905 2.0258 0.740203 0.876406 3.64737 0.346222 1.27134 4.69708 4.64547 2.20084 2.32473 2.30359 1.50013 1.78558 1.63836 3.88362 4.90874 1.24807 3.11275 4.90819 9.40154 2.16656 0.0926038 0.798078 0.769309 0.105599 1.44141 0.50485 4.85331 1.10906 2.96477 2.32656 0.62431 1.32342 0.846686 3.00531 4.7292 0.928301 2.04727 4.56004 4.56004 4.56004 4.56004 4.56004 4.56004     0 
0.817638 17.2526 16.9846 18.3667 18.9752 18.8308 19.5416 20.6296 21.2709 19.64 16.6984 20.6847 18.1244 19.0197 20.7902 17.2492 19.1485 17.8855 22.4271 19.2871 17.3017 17.7833 1.11797 19.3915     0 15.4499 18.4306 19.7355 19.5104 19.5525 19.2974 19.0395 22.3795 18.7486 17.7609 15.3836 15.6262 20.993 18.7203 19.0641 15.934 19.8059 18.5679 14.7687 15.1188 17.9829 17.5431 20.2965 18.0629 20.7997 19.1882 18.1925 19.4089 18.4723 18.3626 15.111 16.4698 21.0837 19.552 19.0781 18.6904 19.4238 18.8572 19.4358 15.0799 18.693 16.8793 20.3054 19.093 20.3231 19.97 19.4456 19.3908 19.1443 18.9693 14.9119 14.9119 14.9119 14.9119 14.9119 14.9119     0 
0.882268 17.1424 16.8768 18.2592 18.8684 18.7216 19.4329 20.5209 21.1647 19.5312 16.5953 20.5763 18.0214 18.9136 20.6836 17.1422 19.0426 17.7795 22.3511 19.1812 17.1953 17.6778 1.1516 19.2869 18.6534     0 18.3232 19.6303 19.4017 19.4425 19.1903 18.9331 22.2791 18.6443 17.6514 15.2761 15.5173 20.8865 18.6158 18.9583 15.8316 19.7014 18.4619 14.6648 15.0114 17.8758 17.4364 20.1889 17.9595 20.6934 19.0812 18.0833 19.299 18.3666 18.254 15.0028 16.3614 20.9771 19.4476 18.9724 18.5859 19.3192 18.7506 19.3305 14.972 18.5871 16.7724 20.1978 18.9877 20.2171 19.8645 19.337 19.281 19.0384 18.8618 14.8082 14.8082 14.8082 14.8082 14.8082 14.8082     0 
1.1091 18.8216 18.3961 19.7633 20.3474 20.3032 20.986 22.0733 22.6166 21.0925 17.9585 22.1195 19.3836 20.3682 22.1513 18.6305 20.4882 19.232 23.0821 20.6273 18.6627 19.1126 1.3315 20.6913 20.0283 13.7972     0 21.0509 20.9546 21.1428 20.6775 20.3955 23.5614 20.042 19.2498 16.7846 17.2624 22.3521 20.0187 20.4012 17.1793 21.1009 19.9127 16.0582 16.5147 19.3661 18.9119 21.696 19.3296 22.1524 20.5665 19.6677 20.9259 19.8099 19.8043 16.5388 18.1173 22.4478 20.8476 20.411 19.9872 20.7245 20.2215 20.7578 16.4986 20.032 18.2579 21.7058 20.4157 21.6684 21.2997 20.8866 20.9013 20.4859 20.3661 16.1953 16.1953 16.1953 16.1953 16.1953 16.1953     0 
19.9677 6.62477 3.52159 2.4224 1.71128 3.85744 3.16338 3.36524 1.88081 3.3584 3.12081 3.18101 1.74991 1.27866 1.74791 2.96362 1.06798 2.09207 10.4296 1.01028 2.72387 2.06138 19.7141 0.378462 1.07854 31.7354 2.33095     0 3.15813 7.31045 1.76932 1.39441 3.32801 1.00198 4.48265 4.73136 9.20102 1.85248 1.03279 1.0741 3.92258 0.0698657 1.51731 4.98608 4.93409 2.43937 2.59388 2.26837 1.7641 1.61588 1.75846 4.04751 4.99506 1.51149 3.28026 5.19025 9.59272 1.99568 0.203568 1.00317 1.06099 0.354905 1.62486 0.630788 5.13772 1.3538 3.24256 2.29124 0.855507 1.19597 0.752554 3.08135 4.8157 1.10005 2.18504 4.84803 4.84803 4.84803 4.84803 4.84803 4.84803     0 
19.8674 3.90697 2.65336 1.57536 1.66924 0.952637 0.0143641 1.10205 2.7856 0.225017 4.53439 1.17483 3.91995 2.1141 2.23114 2.65731 2.26065 2.63367 13.5657 2.23732 2.84157 2.95083 19.6705 3.00754 3.57188 32.635 1.57983 2.73055     0 4.16142 1.43622 1.96607 6.08375 3.18664 2.0347 4.2567 6.68307 2.38854 3.10247 2.32405 5.17844 3.12682 2.32081 5.58971 4.53654 2.04391 2.56092 1.26814 3.81589 2.38324 1.49188 1.50374 1.84362 2.48343 1.16804 4.43894 6.86574 2.36646 3.09133 2.40203 3.13668 2.99027 1.85803 2.58641 4.49173 2.37929 3.00401 1.25736 2.59308 2.29793 2.49525 0.113906 1.66557 2.22596 1.20011 5.52664 5.52664 5.52664 5.52664 5.52664 5.52664     0 
20.2142 2.51994 4.62045 4.34768 4.74393 2.60928 3.15189 3.34022 5.66263 2.96232 7.13897 3.5634 6.88438 5.21151 5.19059 5.00271 5.38014 5.40699 16.7009 5.3731 5.33061 5.73481 20.0779 6.14974 6.64437 33.758 4.40121 5.88549 3.15666     0 4.57071 5.06433 9.11306 6.25375 2.8197 5.77543 4.91701 5.29526 6.16341 5.4318 7.59907 6.28175 5.31777 7.55189 6.02403 4.70826 5.10898 4.25164 6.76257 5.36539 4.60911 2.81918 1.33568 5.46316 3.43329 5.6525 4.67311 5.224 6.24157 5.51258 6.19288 6.13458 4.9102 5.73305 5.78193 5.4137 5.21371 4.23308 5.70689 5.39608 5.64185 3.23443 1.51393 5.34467 4.23967 7.54972 7.54972 7.54972 7.54972 7.54972 7.54972     0 
19.5683 4.86296 2.35138 0.948064 0.383922 2.02292 1.38028 1.94266 2.12663 1.59033 3.44126 1.84046 2.60879 0.752402 1.57073 2.03315 0.886703 1.58522 12.1988 0.867755 2.03686 1.84384 19.3464 1.64435 2.20722 31.949 0.869411 1.4228 1.36881 5.48406     0 0.607965 4.98254 1.82741 2.74912 3.90376 7.52913 1.7767 1.74756 0.953159 4.17027 1.81351 1.05818 4.83587 4.16362 1.2979 1.76793 1.08345 2.51863 1.63641 0.138775 2.2694 3.17571 1.22455 1.53236 4.23589 7.84805 1.84031 1.74271 1.0297 1.784 1.62986 0.57814 1.23109 4.2383 1.06836 2.40594 1.09913 1.21946 1.29258 1.27662 1.28101 2.99618 0.852183 0.41641 4.74097 4.74097 4.74097 4.74097 4.74097 4.74097     0 
19.2075 5.41249 2.33656 1.19168 0.570167 2.75408 2.23463 2.78252 2.32158 2.44811 2.70993 2.6575 1.74572 0.122422 1.88329 1.83157 0.207313 1.06659 11.391 0.339627 1.67445 1.20435 18.9711 0.928434 1.34491 31.3512 1.10194 0.940769 2.22023 6.2626 0.819434     0 4.55632 0.959773 3.26853 3.69277 7.96571 2.07514 0.877468 0.162921 3.48082 1.2433 0.384067 4.30553 3.92405 1.22312 1.47725 1.80289 1.66312 1.86296 0.741017 2.85951 3.97852 0.494691 2.0882 4.10704 8.36948 2.18537 1.07727 0.235175 0.913245 0.928961 0.418399 0.628488 4.07572 0.273952 2.15856 1.82337 0.41647 1.37333 1.04719 2.12728 3.80014 0.194948 1.07489 4.19137 4.19137 4.19137 4.19137 4.19137 4.19137     0 
19.8058 6.5273 3.3798 2.3128 1.62317 3.79105 3.12741 3.38257 2.00272 3.32673 2.96472 3.20488 1.60527 1.17518 1.83207 2.81539 0.967722 1.939 10.449 0.927814 2.56928 1.90098 19.5526 0.221731 0.93744 31.5915 2.22246 0.439255 3.12059 7.26155 1.71177 1.29971     0 0.839884 4.38362 4.57295 9.08585 1.94948 0.869397 0.961671 3.76721 0.219581 1.38076 4.82418 4.77416 2.30787 2.44527 2.28836 1.61363 1.71032 1.6909 3.95853 4.94979 1.36548 3.18882 5.03436 9.48938 2.09155 0.0459544 0.886406 0.89786 0.204286 1.52235 0.549516 4.9804 1.2176 3.08909 2.31133 0.724272 1.26461 0.797757 3.04056 4.77026 1.00149 2.10879 4.68658 4.68658 4.68658 4.68658 4.68658 4.68658     0 
19.2123 5.88001 2.64684 1.65518 1.07796 3.26106 2.73029 3.20805 2.38201 2.9422 2.50097 3.06513 1.34663 0.611889 2.04217 2.08141 0.476914 1.21094 10.8826 0.553696 1.8443 1.21057 18.9668 0.514203 0.855623 31.1837 1.57027 0.758166 2.71715 6.77071 1.29572 0.760079 4.19442     0 3.73888 3.86018 8.39146 2.21059 0.428164 0.400689 3.29804 0.91367 0.660838 4.24737 4.06994 1.5907 1.71145 2.1729 1.29095 1.97736 1.23161 3.34784 4.48632 0.631249 2.57794 4.31181 8.82257 2.33842 0.688701 0.32686 0.469437 0.530585 0.922083 0.472298 4.26268 0.502237 2.3612 2.19489 0.164953 1.47229 1.03068 2.62596 4.30783 0.508513 1.58312 4.11985 4.11985 4.11985 4.11985 4.11985 4.11985     0 
17.876 0.985763 2.77721 3.24057 3.9312 2.05114 3.01171 3.87865 5.7606 2.96001 5.39336 4.04208 5.57538 4.36658 5.18965 3.33446 4.57485 4.03994 15.5305 4.63153 3.70984 4.32518 17.7254 5.35509 5.56451 31.3191 3.32742 5.26673 2.99227 2.7468 3.95141 4.24562 8.87026 5.19966     0 3.51528 3.68632 5.36347 5.1052 4.58262 5.67402 5.63329 4.25588 5.36535 3.73437 3.38606 3.58324 4.25482 5.4373 5.32374 3.9257 1.62066 2.00377 4.34977 2.36634 3.30064 3.96129 5.35558 5.49882 4.66069 5.12104 5.35457 4.01943 5.00926 3.4442 4.40086 3.40216 4.24679 4.84035 5.12529 5.16369 2.9995 2.02897 4.54173 3.48817 5.392 5.392 5.392 5.392 5.392 5.392     0 
15.6855 4.17148 1.61822 2.98309 3.61834 3.77225 4.27106 5.3419 5.95768 4.40873 2.60449 5.3644 3.58725 3.73681 5.44301 1.88945 3.89934 2.65781 12.8674 4.03151 2.02595 2.67625 15.4728 4.35305 3.99736 28.4142 3.04768 4.58378 4.23952 6.25284 3.92458 3.72805 7.93036 3.812 2.99598     0 5.67933 5.64872 3.74838 3.83023 2.4954 4.76935 3.3166 1.86283 0.280525 2.61174 2.21993 4.91381 3.46319 5.47266 3.81842 3.20967 4.79272 3.26222 3.1031 0.535921 6.42691 5.72868 4.52938 3.8644 3.7333 4.37698 3.52204 4.26321 0.425749 3.46484 1.53703 4.92313 3.93322 5.02472 4.73994 4.16073 4.6924 3.88714 3.58573 1.90902 1.90902 1.90902 1.90902 1.90902 1.90902     0 
16.1779 2.79596 5.88757 6.7799 7.52289 5.73289 6.69057 7.48699 9.44689 6.624 8.19521 7.66882 8.79933 7.92437 8.87544 6.51028 8.13567 7.36001 18.5205 8.21068 6.86997 7.58401 16.1062 8.88349 8.9438 30.3622 6.87207 8.8585 6.6724 4.28708 7.59011 7.81872 12.4923 8.61572 4.78367 5.67933     0 9.04979 8.52494 8.12737 8.17472 9.20347 7.73178 7.34267 5.73913 6.80756 6.84246 7.94005 8.65928 9.00781 7.5516 5.28926 5.34602 7.79313 5.99693 5.19146 0.992433 9.04118 9.04101 8.20033 8.53236 8.88867 7.58104 8.57795 5.34993 7.88927 6.41754 7.93167 8.36491 8.79223 8.79437 6.68349 5.44594 8.10498 7.11859 7.44328 7.44328 7.44328 7.44328 7.44328 7.44328     0 
21.2617 6.28918 4.12506 2.72466 2.03042 3.3241 2.3831 1.98105 0.397691 2.4926 4.71011 1.75825 3.4869 1.9912 0.206529 3.76058 1.8971 3.12497 11.8949 1.75983 3.6917 3.27865 21.0301 2.02406 2.85268 33.3912 2.64453 1.56301 2.39701 6.35212 1.74341 1.95672 3.82358 2.6233 4.30494 5.64872 9.04979     0 2.59931 1.99224 5.50377 1.78426 2.45049 6.38038 5.90009 3.03956 3.45165 1.12062 3.46173 0.240506 1.8411 3.77873 4.10207 2.56919 3.15479 6.00286 9.25412 0.143721 1.9543 2.00171  2.64 1.98741 2.13653 1.7504 5.99829 2.34663 4.12344 1.13228 2.05643 0.738699 1.20648 2.37388 3.93778 1.89285 2.16098 6.26489 6.26489 6.26489 6.26489 6.26489 6.26489     0 
18.9414 6.08519 2.68902 1.89779 1.43571 3.57708 3.11016 3.62992 2.74002 3.32419 2.14037 3.49024 0.919621 0.995158 2.44006 2.08574 0.89512 1.19328 10.5622 0.98125 1.7904 1.07637 18.69 0.67261 0.482121 30.8142 1.82238 1.07271 3.09509 7.09137 1.69349 1.14087 4.20176 0.0947969 3.95909 3.74838 8.52494 2.59931     0 0.808459 2.94339 1.08604 0.867442 3.96059 3.93742 1.7312 1.72191 2.6007 0.870799 2.3621 1.61843 3.60518 4.82833 0.755908 2.84516 4.22739 8.99672 2.73147 0.832226 0.743856 0.0417898 0.706181 1.25674 0.850073 4.16308 0.751542 2.31214 2.62264 0.592238 1.8618 1.39796 3.00105 4.65122 0.923987 1.9305 3.82533 3.82533 3.82533 3.82533 3.82533 3.82533     0 
19.315 5.56835 2.49369 1.35122 0.695062 2.88625 2.33074 2.82296 2.21879 2.54223 2.74856 2.68734 1.70824 0.224631 1.80651 1.97934 0.0997829 1.18747 11.2696 0.232479 1.80693 1.2932 19.0764 0.773507 1.25556 31.4116 1.26079 0.782284 2.31798 6.38905 0.895056 0.368294 4.39342 0.881897 3.42435 3.83023 8.12737 1.99224 0.808459     0 3.52998 1.08043 0.513653 4.39257 4.05775 1.38383 1.62078 1.81052 1.63674 1.77249 0.832288 3.00926 4.09709 0.591758 2.23801 4.25141 8.52793 2.10848 0.91782 0.0817816 0.847412 0.77197 0.56562 0.46691 4.21707 0.372056 2.29941 1.83185 0.276062 1.27386 0.914374 2.22746 3.91821 0.119464 1.19962 4.27462 4.27462 4.27462 4.27462 4.27462 4.27462     0 
16.1147 6.48021 2.9871 3.60323 3.78751 5.1388 5.19118 6.0658 5.67658 5.39043 0.8037 5.99411 2.20922 3.58816 5.3275 2.62647 3.62897 2.59694 10.3919 3.76007 2.35649 2.32731 15.8481 3.60082 2.86799 27.8875 3.60424 4.01559 5.1642 8.28021 4.14977 3.67575 6.50382 2.94486 4.82086 2.4954 8.17472 5.50377 2.94339 3.52998     0 3.9857 3.15243 1.3091 2.45822 3.13553 2.62715 5.23523 2.16708 5.27335 4.03667 4.78622 6.39261 3.00093 4.29292 2.99544 8.91144 5.62747 3.73878 3.50938 2.90619 3.63673 3.60151 3.76757 2.84371 3.20982 2.38547 5.25337 3.44827 4.76767 4.32613 5.06476 6.24677 3.64027 4.07522 1.14446 1.14446 1.14446 1.14446 1.14446 1.14446     0 
20.0247 6.6176 3.54317 2.42364 1.70247 3.8361 3.12988 3.3136 1.81095 3.32314 3.18348 3.12758 1.81688 1.27911 1.68157 2.9909 1.06784 2.12457 10.4718 1.00176 2.75761 2.10315 19.7718 0.421625 1.14608 31.8029 2.33168 0.396364 3.12525 7.28082 1.74637 1.38985 3.31452 1.05894 4.4768 4.76935 9.20347 1.78426 1.08604 1.08043 3.9857     0 1.53689 5.04311 4.97438 2.45407 2.62171 2.21666 1.82932 1.54808 1.7399 4.03668 4.9644 1.53829 3.27107 5.22488 9.58837 1.92756 0.253856 1.01237 1.11549 0.394129 1.62363 0.626282 5.17417 1.37356 3.27487 2.23948 0.874383 1.13321 0.697623 3.04978 4.78517 1.09885 2.16962 4.90579 4.90579 4.90579 4.90579 4.90579 4.90579     0 
18.8247 5.23906 2.00669 1.0315 0.682475 2.72001 2.33013 3.00059 2.70431 2.54569 2.4003 2.89657 1.60021 0.459605 2.25569 1.47161 0.586133 0.682579 11.426 0.722464 1.29406 0.841809 18.5891 1.16624 1.34669 31.0012 0.955 1.28284 2.31133 6.23226 1.02422 0.524541 4.84361 0.961797 3.10401 3.3166 7.73178 2.45049 0.867442 0.513653 3.15243 1.53689     0 3.93481 3.5448 0.930267 1.10949 2.08827 1.49515 2.24218 0.919472 2.73883 3.98532 0.167176 1.97773 3.7394 8.17092 2.55708 1.33484 0.552658 0.890749 1.17724 0.483364 0.961194 3.70382 0.163511 1.78627 2.10719 0.662546 1.75602 1.42567 2.21312 3.80984 0.578189 1.12183 3.82378 3.82378 3.82378 3.82378 3.82378 3.82378     0 
14.9816 6.03285 3.03771 4.0782 4.47382 5.32423 5.60363 6.59375 6.60719 5.77916 1.9651 6.56325 3.37495 4.39396 6.1886 2.9351 4.48543 3.27883 11.442 4.62388 2.81432 3.10178 14.7294 4.63318 3.99145 27.1173 4.1083 5.0007 5.57361 8.08904 4.83189 4.44764 7.76564 3.9843 4.73517 1.86283 7.34267 6.38038 3.96059 4.39257 1.3091 5.04311 3.93481     0 1.68945 3.61409 3.09604 5.91845 3.30325 6.16455 4.71601 4.84587 6.47364 3.81121 4.53773 2.22041 8.15837 6.49052 4.78966 4.39209 3.92903 4.66651 4.3142 4.71631 2.05641 4.03377 2.58674 5.93341 4.37714 5.66605 5.26743 5.48079 6.35224 4.48814 4.63896 0.164709 0.164709 0.164709 0.164709 0.164709 0.164709     0 
15.4164 4.3532 1.89491 3.24947 3.87077 4.05048 4.5509 5.62074 6.20349 4.6891 2.65403 5.64176 3.7214 3.97268 5.69484 2.13971 4.12973 2.8772 12.8493 4.2635 2.25082 2.87332 15.2019 4.55567 4.16341 28.1343 3.31209 4.8024 4.51936 6.47821 4.18273 3.9696 8.10045 3.99715 3.25828 0.280525 5.73913 5.90009 3.93742 4.05775 2.45822 4.97438 3.5448 1.68945     0 2.86822 2.45899 5.18166 3.60212 5.72039 4.07531 3.48393 5.05972 3.48266 3.38356 0.549058 6.51501 5.98255 4.73124 4.08876 3.92025 4.58081 3.76848 4.48325 0.389235 3.68962 1.77881 5.19133 4.14965 5.26661 4.97025 4.44026 4.96191 4.11887 3.85238 1.75522 1.75522 1.75522 1.75522 1.75522 1.75522     0 
18.2705 4.36115 1.12641 0.472886 1.01073 2.11469 2.05681 2.98663 3.35925 2.25491 2.51868 2.94942 2.2313 1.22313 2.83343 0.735754 1.42166 0.702428 12.1877 1.53266 0.808541 1.0274 18.0493 2.0955 2.18045 30.7257 0.494274 2.16352 2.02944 5.54919 1.31479 1.17165 5.76735 1.82452 2.25505 2.61174 6.80756 3.03956 1.7312 1.38383 3.13553 2.45407 0.930267 3.61409 2.86822     0 0.52404 2.34735 2.09904 2.87053 1.20712 1.96656 3.40984 0.986356 1.27498 2.96849 7.26571 3.11727 2.26207 1.44476 1.74357 2.10528 0.940934 1.85073 2.95931 1.09182 1.10975 2.3596 1.58474 2.44379 2.22638 1.93046 3.24574 1.3988 1.03096 3.53466 3.53466 3.53466 3.53466 3.53466 3.53466     0 
17.8189 4.53275 0.96912 0.996402 1.43581 2.55301 2.57404 3.51016 3.74613 2.76866 2.04811 3.47014 2.00027 1.5171 3.24792 0.370265 1.6845 0.528865 11.9472 1.81435 0.284577 0.751644 17.5924 2.22404 2.10753 30.2115 1.01638 2.39126 2.5461 5.90345 1.77431 1.51068 5.89486 1.80629 2.5084 2.21993 6.84246 3.45165 1.72191 1.62078 2.62715 2.62171 1.10949 3.09604 2.45899 0.52404     0 2.83969 1.86072 3.26544 1.6608 2.31047 3.83809 1.08351 1.70032 2.63065 7.36408 3.54065 2.39973 1.66208 1.72177 2.24189 1.31516 2.06928 2.59864 1.26567 0.683008 2.85324 1.7552 2.80764 2.52359 2.44793 3.68069 1.67053 1.54298 3.01368 3.01368 3.01368 3.01368 3.01368 3.01368     0 
20.598 5.17207 3.31612 1.93277 1.45617 2.20864 1.26257 1.09695 1.51749 1.37659 4.48852 0.917264 3.51486 1.68375 0.970318 3.07983 1.71522 2.66471 12.6617 1.61946 3.11361 2.90917 20.382 2.25012 2.99614 33.0325 1.87445 1.85053 1.27684 5.29698 1.09288 1.57346 4.87382 2.66081 3.22331 4.91381 7.94005 1.12062 2.6007 1.81052 5.23523 2.21666 2.08827 5.91845 5.18166 2.34735 2.83969     0 3.44706 1.13244 1.20842 2.69143 3.01303 2.24699 2.12969 5.2036 8.13388 1.10134 2.2701 1.86342 2.64165 2.22153 1.63518 1.84366 5.2224 2.05537 3.45475 0.0229831 2.01042 1.17016 1.52039 1.25732 2.84384 1.69108 1.33015 5.8243 5.8243 5.8243 5.8243 5.8243 5.8243     0 
18.2601 6.39248 2.77798 2.41536 2.16392 4.15331 3.82525 4.44557 3.58123 4.04079 1.37276 4.31896 0.140448 1.78553 3.30711 2.15904 1.73191 1.40666 10.0991 1.83444 1.79127 1.11238 17.999 1.46786 0.701175 29.9826 2.36184 1.91219 3.80631 7.63706 2.47314 1.91857 4.5395 0.838566 4.3362 3.46319 8.65928 3.46173 0.870799 1.63674 2.16708 1.82932 1.49515 3.30325 3.60212 2.09904 1.86072 3.44706     0 3.22302 2.3819 4.06507 5.43974 1.33291 3.34957 3.9826 9.21296 3.59589 1.58915 1.58476 0.829121 1.50488 1.96726 1.71791 3.88891 1.45197 2.25179 3.46847 1.45581 2.72669 2.25595 3.70789 5.26757 1.75611 2.61633 3.15481 3.15481 3.15481 3.15481 3.15481 3.15481     0 
21.0632 6.2626 3.97004 2.57919 1.8599 3.30008 2.37918 2.08709 0.491282 2.50643 4.47808 1.86849 3.24718 1.78466 0.181425 3.58321 1.67912 2.9208 11.7248 1.54075 3.49876 3.06332 20.8295 1.78356 2.61218 33.1604 2.49578 1.32256 2.39016 6.4169 1.59668 1.76036 3.74876 2.38479 4.24337 5.47266 9.00781 0.240506 2.3621 1.77249 5.27335 1.54808 2.24218 6.16455 5.72039 2.87053 3.26544 1.13244 3.22302     0 1.68696 3.72333 4.14374 2.35511 3.07029 5.83855 9.23745 0.381275 1.71458 1.77793 2.40264 1.7469 1.95196 1.51434 5.82918 2.13214 3.94182 1.14801 1.82508 0.505688 0.967201 2.35725 3.97549 1.67694 2.03551 6.04711 6.04711 6.04711 6.04711 6.04711 6.04711     0 
19.472 4.90482 2.28492 0.894292 0.249244 2.10055 1.49868 2.08144 2.17824 1.71074 3.30482 1.97848 2.47321 0.624295 1.63457 1.93901 0.772448 1.45648 12.0923 0.768366 1.92512 1.70959 19.2483 1.5462 2.08214 31.8262 0.809237 1.3554 1.48571 5.57945 0.115938 0.477565 4.9477 1.69981 2.77932 3.81842 7.5516 1.8411 1.61843 0.832288 4.03667 1.7399 0.919472 4.71601 4.07531 1.20712 1.6608 1.20842 2.3819 1.68696     0 2.31273 3.27662 1.0858 1.56138 4.16229 7.88698 1.913 1.65351 0.91078 1.65425 1.53388 0.440309 1.14145 4.16016 0.930811 2.30952 1.22495 1.10307 1.31071 1.24298 1.39529 3.09727 0.737238 0.437619 4.61917 4.61917 4.61917 4.61917 4.61917 4.61917     0 
18.5602 2.5936 1.83107 1.70746 2.33668 0.64046 1.51491 2.53648 4.17335 1.53335 4.32285 2.6525 4.19633 2.78795 3.59727 2.18392 2.99167 2.66608 14.1413 3.03727 2.51805 2.98409 18.3781 3.78204 4.08045 31.5898 1.78507 3.66233 1.48917 3.59462 2.33365 2.6589 7.25159 3.69982 0.53399 3.20967 5.28926 3.77873 3.60518 3.00926 4.78622 4.03668 2.73883 4.84587 3.48393 1.96656 2.31047 2.69143 4.06507 3.72333 2.31273     0 1.63089 2.85509 0.771345 3.25162 5.57891 3.78248 3.91693 3.08945 3.62642 3.77836 2.44375 3.41746 3.3408 2.87007 2.40205 2.68623 3.27597 3.50683 3.54599 1.46915 1.50644 2.95746 1.87542 4.82322 4.82322 4.82322 4.82322 4.82322 4.82322     0 
19.8168 2.59306 3.46072 3.02902 3.40842 1.29558 1.84209 2.24372 4.48579 1.66707 5.88341 2.45346 5.55947 3.87638 3.9759 3.76979 4.04658 4.10195 15.3666 4.04237 4.07576 4.43125 19.6554 4.81991 5.30907 33.0753 3.07832 4.56811 1.84356 2.31799 3.24138 3.72938 7.88569 4.91848 1.81012 4.79272 5.34602 4.10207 4.82833 4.09709 6.39261 4.9644 3.98532 6.47364 5.05972 3.40984 3.83809 3.01303 5.43974 4.14374 3.27662 1.63089     0 4.13252 2.14108 4.7666 5.33886 4.04803 4.91565 4.178 4.85803 4.80556 3.5746 4.40554 4.8748 4.07914 4.01762 2.99656 4.37242 4.12364 4.33886 1.91507 0.179553 4.01106 2.90402 6.45324 6.45324 6.45324 6.45324 6.45324 6.45324     0 
18.7235 5.33044 2.01618 1.15028 0.849641 2.86059 2.49291 3.16716 2.80824 2.7084 2.24234 3.06184 1.4408 0.591073 2.37792 1.45262 0.678676 0.60546 11.2962 0.817833 1.23665 0.709694 18.4854 1.14544 1.22566 30.861 1.08003 1.32161 2.47371 6.36924 1.18954 0.676089 4.8249 0.85059 3.2032 3.26222 7.79313 2.56919 0.755908 0.591758 3.00093 1.53829 0.167176 3.81121 3.48266 0.986356 1.08351 2.24699 1.33291 2.35511 1.0858 2.85509 4.13252     0 2.10101 3.69967 8.24912 2.68002 1.31969 0.610116 0.773809 1.16139 0.650518 1.00108 3.65714 0.223011 1.74479 2.26622 0.674464 1.86125 1.50213 2.37512 3.95782 0.678421 1.28354 3.69669 3.69669 3.69669 3.69669 3.69669 3.69669     0 
 18.7 3.34835 1.52609 0.950979 1.56901 0.852781 1.18224 2.269 3.54041 1.3064 3.74828 2.32476 3.47669 2.017 2.96187 1.67171 2.22145 1.97466 13.3966 2.27012 1.94785 2.3018 18.5025 3.01097 3.32333 31.5062 1.02287 2.90103 1.15078 4.28759 1.59388 1.88914 6.50896 2.93951 1.21813 3.1031 5.99693 3.15479 2.84516 2.23801 4.29292 3.27107 1.97773 4.53773 3.38356 1.27498 1.70032 2.12969 3.34957 3.07029 1.56138 0.771345 2.14108 2.10101     0 3.27116 6.32704 3.17783 3.14696 2.31814 2.86791 3.00756 1.67246 2.64967 3.3259 2.10437 1.97019 2.12955 2.50467 2.804 2.80297 1.08308 1.98125 2.18742 1.1248 4.49089 4.49089 4.49089 4.49089 4.49089 4.49089     0 
15.4358 3.85912 1.89045 3.29474 3.9787 3.85403 4.45318 5.53814 6.32768 4.57094 3.13856 5.58075 4.10881 4.14081 5.79637 2.27784 4.31435 3.10153 13.3816 4.44251 2.46754 3.15118 15.2344 4.81318 4.49776 28.3395 3.36791 5.01832 4.42167 6.04653 4.26313 4.11855 8.42224 4.29503 2.95686 0.535921 5.19146 6.00286 4.22739 4.25141 2.99544 5.22488 3.7394 2.22041 0.549058 2.96849 2.63065 5.2036 3.9826 5.83855 4.16229 3.25162 4.7666 3.69967 3.27116     0 5.96629 6.07437 4.99003 4.29146 4.21467 4.83535 3.90092 4.69642 0.164096 3.89327 1.95518 5.21101 4.374 5.40827 5.15155 4.35078 4.68374 4.29941 3.89012 2.29522 2.29522 2.29522 2.29522 2.29522 2.29522     0 
17.04 2.98692 6.43768 7.17807 7.88825 5.93751 6.8714 7.55833 9.65132 6.77585 8.86608 7.75563 9.35339 8.31555 9.0926 7.05403 8.52533 7.86563 19.1875 8.58708 7.42452 8.11474 16.9803 9.29691 9.43668 31.2937 7.26755 9.22569 6.85713 3.87694 7.91199 8.1988 12.8305 9.08975 5.11283 6.42691 0.992433 9.25412 8.99672 8.52793 8.91144 9.58837 8.17092 8.15837 6.51501 7.26571 7.36408 8.13388 9.21296 9.23745 7.88698 5.57891 5.33886 8.24912 6.32704 5.96629     0 9.23031 9.44572 8.60447 9.00819 9.29841 7.96855 8.96291 6.12847 8.32256 7.00582 8.12297 8.77916 9.07162 9.12441 6.88248 5.4644 8.49284 7.44946 8.24913 8.24913 8.24913 8.24913 8.24913 8.24913     0 
21.3564 6.27265 4.19167 2.78749 2.11196 3.30993 2.36024 1.89643 0.439192 2.45877 4.83565 1.67249 3.62296 2.09748 0.302227 3.84297 2.01214 3.22749 12.0198 1.87605 3.78527 3.38971 21.1266 2.16319 2.99166 33.5146 2.70972 1.70171 2.37582 6.28309 1.81126 2.05588 3.90685 2.75732 4.31159 5.72868 9.04118 0.143721 2.73147 2.10848 5.62747 1.92756 2.55708 6.49052 5.98255 3.11727 3.54065 1.10134 3.59589 0.381275 1.913 3.78248 4.04803 2.68002 3.17783 6.07437 9.23031     0 2.09584 2.12119 2.77235 2.12664 2.22703 1.88169 6.07316 2.45812 4.20844 1.11038 2.18253 0.869684 1.34253 2.35861 3.88626 2.00632 2.21315 6.37672 6.37672 6.37672 6.37672 6.37672 6.37672     0 
19.7712 6.48441 3.33389 2.26875 1.58229 3.75311 3.09552 3.36301 2.01648 3.29568 2.93586 3.18709 1.5843 1.13233 1.8328 2.76982 0.925565 1.89401 10.4787 0.888728 2.5246 1.85827 19.5185 0.176889 0.919537 31.5695 2.17855 0.4259 3.08838 7.22652 1.67627 1.25803 3.5093 0.805853 4.34063 4.52938 9.04101 1.9543 0.832226 0.91782 3.73878 0.253856 1.33484 4.78966 4.73124 2.26207 2.39973 2.2701 1.58915 1.71458 1.65351 3.91693 4.91565 1.31969 3.14696 4.99003 9.44572 2.09584     0 0.842103 0.861654 0.158384 1.4794 0.512231 4.93647 1.17169 3.04421 2.29308 0.678716 1.26163 0.790108 3.0077 4.7361 0.959545 2.0696 4.65264 4.65264 4.65264 4.65264 4.65264 4.65264     0 
19.3257 5.64645 2.5482 1.42681 0.776823 2.96803 2.40859 2.88612 2.21539 2.61963 2.72345 2.74707 1.65171 0.306377 1.81999 2.02392 0.151357 1.21329 11.1887 0.255354 1.83898 1.29872 19.0857 0.694536 1.18242 31.3945 1.33693 0.730992 2.39613 6.47057 0.970574 0.449783 4.32676 0.813646 3.50244 3.8644 8.20033 2.00171 0.743856 0.0817816 3.50938 1.01237 0.552658 4.39209 4.08876 1.44476 1.66208 1.86342 1.58476 1.77793 0.91078 3.08945 4.178 0.610116 2.31814 4.29146 8.60447 2.12119 0.842103     0 0.783695 0.69418 0.645704 0.410474 4.25441 0.399556 2.33742 1.88503 0.194583 1.27547 0.892928 2.30606 3.99907 0.181781 1.28126 4.27199 4.27199 4.27199 4.27199 4.27199 4.27199     0 
