
NameOfInst: Instances/sf_data/sfsarp-6-6-3.txt
RunningScen: 1A
Instance Name: sfsarp-6-6-3
Instance type: sf_data
K: 2
Service: 0.0833333

Time windows: 
0: 12.75 - 12.75
1: 11.5333 - 11.5333
2: 14.5333 - 14.5333
3: 12.25 - 12.25
4: 12.2833 - 12.2833
5: 10.6167 - 10.6167
6: 0 - 24
7: 0 - 24
8: 0 - 24
9: 0 - 24
10: 0 - 24
11: 0 - 24
12: 0 - 24
13: 0 - 24
14: 0 - 24
15: 0 - 24
16: 0 - 24
17: 0 - 24
18: 0 - 24
19: 0 - 24
20: 0 - 24
21: 0 - 24
Service times: 
0: 0.214365
1: 0.174299
2: 0.462645
3: 0.21517
4: 0.173598
5: 0.171057
6: 0.0833333
7: 0.0833333
8: 0.0833333
9: 0.0833333
10: 0.0833333
11: 0.0833333
12: 0.0833333
13: 0.0833333
14: 0.0833333
15: 0.0833333
16: 0.0833333
17: 0.0833333
18: 0
19: 0
20: 0
21: 0
Profits: 
0: 4.35471
1: 3.41836
2: 10.157
3: 4.37353
4: 3.40198
5: 3.3426
6: 2.74
7: 4.02169
8: 3.83761
9: 2.83756
10: 2.76867
11: 3.39448
12: 0
13: 0
14: 0
15: 0
16: 0
17: 0
18: 0
19: 0
20: 0
21: 0

Loads: 
0: 0
1: 0
2: 0
3: 0
4: 0
5: 0
6: 1
7: 1
8: 1
9: 1
10: 1
11: 1
12: -1
13: -1
14: -1
15: -1
16: -1
17: -1
18: 0
19: 0
20: 0
21: 0
Dist Matrix: 
         0    1.92295    14.7253    1.87203    3.69126    2.31286     2.3401     1.9803    1.31307    3.64602    6.31722    2.29342     2.3401   0.643186    2.49886    3.64516    6.35024    1.96919    6.04857    6.04857          0          0 
  0.236414          0    13.2089    1.48921    1.61506   0.724716    0.44885    2.40225    2.28186     1.5958    5.21919    1.38905    0.44885    1.60729    2.36537    1.62316    5.25372   0.620622    4.26672    4.26672          0          0 
   1.63665    1.63699          0    2.43844   0.313188    1.62937    1.38066    3.37295    3.48456   0.414124    4.68138     2.0619    1.38066    3.00124    3.06595   0.527254    4.71449    1.70455    3.14033    3.14033          0          0 
  0.609646    0.83763    13.1733          0    1.38265   0.523887   0.249305    2.91735     2.8091     1.4071    5.38742     1.8203   0.249305    2.09627    2.83514       1.47    5.42174    1.10923    4.18314    4.18314          0          0 
   1.66801    1.66398    12.1016    2.45368          0    1.66384     1.4145    3.38624    3.50398   0.390658    4.65752    2.07275     1.4145    3.02762    3.07324   0.505426    4.69057    1.72671    3.10718    3.10718          0          0 
  0.431383   0.821385    13.6395    1.99233    1.87619          0   0.252536     2.8597    2.63407    1.89511    5.75297    1.94495   0.252536    1.80103    2.89184    1.95179    5.78746    1.16129    4.65853    4.65853          0          0 
  0.431648   0.752811    13.3914    1.93606    1.62444   0.329098          0    2.83955    2.67591    1.64257    5.54026    1.82923          0    1.90842    2.81403    1.69963     5.5747    1.06931    4.40783    4.40783          0          0 
    2.4358    2.09009    13.0539   0.950472    3.33986    3.03968    2.83955          0   0.703324    3.23326    4.53337    1.32728    2.83955    1.54421   0.663817    3.16885    4.56436    1.81459     4.8486     4.8486          0          0 
   2.24611     1.9787    13.7177    1.12536    3.51439    2.80869    2.67591   0.703324          0    3.42657    5.21352    1.60905    2.67591    1.00308    1.32242    3.38344    5.24504    1.79524    5.35593    5.35593          0          0 
   1.81776    1.72742    11.7833     2.3324   0.135179      1.927    1.64257    3.23326    3.42657          0    4.26729      1.906    1.64257    3.05946    2.85791   0.117538    4.30039    1.71194    2.78623    2.78623          0          0 
   5.43534    5.08928    8.53713     4.4643    4.37972    5.86935    5.54026    4.53337    5.21352    4.26729          0    4.12524    5.54026    5.71097    3.89117    4.15504   0.034538    4.79215    2.50999    2.50999          0          0 
    1.5292     1.1318    12.4419   0.488557    2.01352    2.11185    1.82923    1.32728    1.60905      1.906    4.12524          0    1.82923    1.65336    1.03803    1.84239    4.15931   0.788535    3.80624    3.80624          0          0 
  0.431648   0.752811    13.3914    1.93606    1.62444   0.329098          0    2.83955    2.67591    1.64257    5.54026    1.82923          0    1.90842    2.81403    1.69963     5.5747    1.06931    4.40783    4.40783          0          0 
   1.48807    1.36538    14.0918    1.24881    3.11494    1.96006    1.90842    1.54421    1.00308    3.05946    5.71097    1.65336    1.90842          0     1.9636    3.04968    5.74434    1.35681    5.40789    5.40789          0          0 
   2.46134     2.0734    12.3998   0.914217    2.97758    3.06771    2.81403   0.663817    1.32242    2.85791    3.89117    1.03803    2.81403     1.9636          0    2.77689    3.92275    1.74475     4.2192     4.2192          0          0 
   1.85002     1.7347    11.7084    2.27999   0.249885    1.99278    1.69963    3.16885    3.38344   0.117538    4.15504    1.84239    1.69963    3.04968    2.77689          0    4.18821    1.69581     2.7141     2.7141          0          0 
   5.46988     5.1238    8.50798    4.49779    4.41264    5.90379     5.5747    4.56436    5.24504    4.30039   0.034538    4.15931     5.5747    5.74434    3.92275    4.18821          0     4.8266    2.52983    2.52983          0          0 
  0.740963   0.343341    12.9575    0.87941    1.77749    1.33221    1.06931    1.81459    1.79524    1.71194    4.79215   0.788535    1.06931    1.35681    1.74475    1.69581     4.8266          0    4.12264    4.12264          0          0 
   4.50257    4.29115    8.99766     4.2856    2.83877    4.70653    4.40783     4.8486    5.35593    2.78623    2.50999    3.80624    4.40783    5.40789     4.2192     2.7141    2.52983    4.12264          0          0          0          0 
   4.50257    4.29115    8.99766     4.2856    2.83877    4.70653    4.40783     4.8486    5.35593    2.78623    2.50999    3.80624    4.40783    5.40789     4.2192     2.7141    2.52983    4.12264          0          0          0          0 
         0          0          0          0          0          0          0          0          0          0          0          0          0          0          0          0          0          0          0          0          0          0 
         0          0          0          0          0          0          0          0          0          0          0          0          0          0          0          0          0          0          0          0          0          0 
Version identifier: 12.10.0.0 | 2019-11-26 | 843d4de
CPXPARAM_Threads                                 1
CPXPARAM_TimeLimit                               7200
Tried aggregator 1 time.
MIP Presolve eliminated 0 rows and 4 columns.
MIP Presolve modified 142 coefficients.
Reduced MIP has 108 rows, 1270 columns, and 6056 nonzeros.
Reduced MIP has 1270 binaries, 0 generals, 0 SOSs, and 0 indicators.
Presolve time = 0.01 sec. (6.70 ticks)
Found incumbent of value 17.120635 after 0.02 sec. (12.79 ticks)
Probing time = 0.01 sec. (5.02 ticks)
Tried aggregator 1 time.
Detecting symmetries...
Reduced MIP has 108 rows, 1270 columns, and 6056 nonzeros.
Reduced MIP has 1270 binaries, 0 generals, 0 SOSs, and 0 indicators.
Presolve time = 0.00 sec. (3.87 ticks)
Probing time = 0.00 sec. (4.93 ticks)
Clique table members: 2317.
MIP emphasis: balance optimality and feasibility.
MIP search method: dynamic search.
Parallel mode: none, using 1 thread.
Root relaxation solution time = 0.00 sec. (2.88 ticks)

        Nodes                                         Cuts/
   Node  Left     Objective  IInf  Best Integer    Best Bound    ItCnt     Gap

*     0+    0                           17.1206     3939.7751              --- 
      0     0       29.3572    12       17.1206       29.3572      113   71.47%
*     0+    0                           27.7546       29.3572             5.77%
      0     0       29.2137    12       27.7546       Cuts: 3      141    5.26%
*     0+    0                           28.4580       29.2137             2.66%
*     0     0      integral     0       29.1711       Cuts: 7      154    0.00%
      0     0        cutoff             29.1711       29.1711      154    0.00%
Elapsed time = 0.07 sec. (57.73 ticks, tree = 0.01 MB, solutions = 4)

Cover cuts applied:  1
Gomory fractional cuts applied:  3

Root node processing (before b&c):
  Real time             =    0.07 sec. (57.82 ticks)
Sequential b&c:
  Real time             =    0.00 sec. (0.00 ticks)
                          ------------
Total (root+branch&cut) =    0.07 sec. (57.82 ticks)

Sol status: Optimal
 Tree_Size: 1
 Total Time: 0.07
 LB: 29.1711
 UB: 29.1711

Obj Val: 29.1711108014611

Solve Time: 0.07

x(0, 44, 0)
x(32, 0, 0)
x(42, 32, 0)
x(13, 24, 1)
x(16, 45, 1)
x(24, 16, 1)
x(36, 13, 1)
x(43, 36, 1)


Customer profit: 29.0481876717201
Parcel profit: 16.8313424496816
Costs: 16.7084193199405

Number of Vehicles: 2

Solution by nodes: 
Vehicle 0: 18 - 9 - 4 - 15 - 0 - 20
Vehicle 1: 19 - 6 - 5 - 12 - 11 - 1 - 17 - 8 - 3 - 14 - 7 - 2 - 13 - 21


Solution structure: 
Vehicle 0: S - P - d - D - d - f
Vehicle 1: S - P - d - D - P - d - D - P - d - D - P - d - D - f


size of n: 6

size of m: 6

*************


Served parcels: 5

Unserved parcels: 1

*************

Total time: 3.1303850478463

Total passenger time: 0.214365129729269

Total parcel time: 1.3940718323407

Total combined transportation time: 1.1967682751368

Total idle time: 0.325179810639535

*************

Total distance: 53.1791202950318

Total passenger distance: 1.95563698556669

Total parcel distance: 22.990278459302

Total combined transportation distance: 14.9008326139422

Total idle distance: 13.3323722362209

*************

Waiting time passenger: 0.152285880879861

Waiting time goods: 12.7173290712738

Total waiting time: 12.8696149521537
