
NameOfInst: Instances/sf_data/sfsarp-6-6-3.txt
RunningScen: 1A
Instance Name: sfsarp-6-6-3
Instance type: sf_data
K: 2
Service: 0.0833333

Time windows: 
0: 12.75 - 12.9167
1: 11.5333 - 11.7
2: 14.5333 - 14.7
3: 12.25 - 12.4167
4: 12.2833 - 12.45
5: 10.6167 - 10.7833
6: 13.1167 - 13.1167
7: 11.9833 - 11.9833
8: 14.9167 - 14.9167
9: 12.5667 - 12.5667
10: 12.6333 - 12.6333
11: 11.0333 - 12.5333
12: 0 - 24
13: 0 - 24
14: 0 - 24
15: 0 - 24
16: 0 - 24
17: 0 - 24
18: 0 - 24
19: 0 - 24
20: 0 - 24
21: 0 - 24
22: 0 - 24
23: 0 - 24
24: 0 - 24
25: 0 - 24
26: 0 - 24
27: 0 - 24
Service times: 
0: 0.0833333
1: 0.0833333
2: 0.0833333
3: 0.0833333
4: 0.0833333
5: 0.0833333
6: 0.0833333
7: 0.0833333
8: 0.0833333
9: 0.0833333
10: 0.0833333
11: 0.0833333
12: 0.0833333
13: 0.0833333
14: 0.0833333
15: 0.0833333
16: 0.0833333
17: 0.0833333
18: 0.0833333
19: 0.0833333
20: 0.0833333
21: 0.0833333
22: 0.0833333
23: 0.0833333
24: 0
25: 0
26: 0
27: 0
Profits: 
0: 5.25431
1: 3.5623
2: 15.7392
3: 5.2883
4: 3.53269
5: 3.4254
6: 0
7: 0
8: 0
9: 0
10: 0
11: 0
12: 2.74
13: 4.02169
14: 3.83761
15: 2.83756
16: 2.76867
17: 3.39448
18: 0
19: 0
20: 0
21: 0
22: 0
23: 0
24: 0
25: 0
26: 0
27: 0

Loads: 
0: 3
1: 3
2: 3
3: 3
4: 3
5: 3
6: -3
7: -3
8: -3
9: -3
10: -3
11: -3
12: 1
13: 1
14: 1
15: 1
16: 1
17: 1
18: -1
19: -1
20: -1
21: -1
22: -1
23: -1
24: 0
25: 0
26: 0
27: 0
Dist Matrix: 
         0   0.397687    13.4449    1.56097    1.82995   0.609713    1.95564   0.236414    1.63665   0.609646    1.66801   0.431383   0.431648     2.4358    2.24611    1.81776    5.43534     1.5292   0.431648    1.48807    2.46134    1.85002    5.46988   0.740963    4.50257    4.50257          0          0 
  0.397687          0    13.1841     1.1845    1.76858   0.995073    1.92295   0.312909    1.63699    0.83763    1.66398   0.821385   0.752811    2.09009     1.9787    1.72742    5.08928     1.1318   0.752811    1.36538     2.0734     1.7347     5.1238   0.343341    4.29115    4.29115          0          0 
   13.4449    13.1841          0    12.8545    11.8359    13.6972    14.7253    13.2089    12.1351    13.1733    12.1016    13.6395    13.3914    13.0539    13.7177    11.7833    8.53713    12.4419    13.3914    14.0918    12.3998    11.7084    8.50798    12.9575    8.99766    8.99766          0          0 
   1.56097     1.1845    12.8545          0    2.42985     2.1704    1.87203    1.48921    2.43844    1.98864    2.45368    1.99233    1.93606   0.950472    1.12536     2.3324     4.4643   0.488557    1.93606    1.24881   0.914217    2.27999    4.49779    0.87941     4.2856     4.2856          0          0 
   1.82995    1.76858    11.8359    2.42985          0    1.89562    3.69126    1.61506   0.313188    1.38265   0.284168    1.87619    1.62444    3.33986    3.51439   0.135179    4.37972    2.01352    1.62444    3.11494    2.97758   0.249885    4.41264    1.77749    2.83877    2.83877          0          0 
  0.609713   0.995073    13.6972     2.1704    1.89562          0    2.31286   0.724716    1.62937   0.523887    1.66384   0.179997   0.329098    3.03968    2.80869      1.927    5.86935    2.11185   0.329098    1.96006    3.06771    1.99278    5.90379    1.33221    4.70653    4.70653          0          0 
   1.95564    1.92295    14.7253    1.87203    3.69126    2.31286          0    2.11914    3.55088    2.55793    3.57939    2.18062     2.3401     1.9803    1.31307    3.64602    6.31722    2.29342     2.3401   0.643186    2.49886    3.64516    6.35024    1.96919    6.04857    6.04857          0          0 
  0.236414   0.312909    13.2089    1.48921    1.61506   0.724716    2.11914          0    1.43968   0.527859    1.46972   0.565759    0.44885    2.40225    2.28186     1.5958    5.21919    1.38905    0.44885    1.60729    2.36537    1.62316    5.25372   0.620622    4.26672    4.26672          0          0 
   1.63665    1.63699    12.1351    2.43844   0.313188    1.62937    3.55088    1.43968          0    1.13274  0.0345369    1.62823    1.38066    3.37295    3.48456   0.414124    4.68138     2.0619    1.38066    3.00124    3.06595   0.527254    4.71449    1.70455    3.14033    3.14033          0          0 
  0.609646    0.83763    13.1733    1.98864    1.38265   0.523887    2.55793   0.527859    1.13274          0    1.16671   0.495767   0.249305    2.91735     2.8091     1.4071    5.38742     1.8203   0.249305    2.09627    2.83514       1.47    5.42174    1.10923    4.18314    4.18314          0          0 
   1.66801    1.66398    12.1016    2.45368   0.284168    1.66384    3.57939    1.46972  0.0345369    1.16671          0    1.66227     1.4145    3.38624    3.50398   0.390658    4.65752    2.07275     1.4145    3.02762    3.07324   0.505426    4.69057    1.72671    3.10718    3.10718          0          0 
  0.431383   0.821385    13.6395    1.99233    1.87619   0.179997    2.18062   0.565759    1.62823   0.495767    1.66227          0   0.252536     2.8597    2.63407    1.89511    5.75297    1.94495   0.252536    1.80103    2.89184    1.95179    5.78746    1.16129    4.65853    4.65853          0          0 
  0.431648   0.752811    13.3914    1.93606    1.62444   0.329098     2.3401    0.44885    1.38066   0.249305     1.4145   0.252536          0    2.83955    2.67591    1.64257    5.54026    1.82923          0    1.90842    2.81403    1.69963     5.5747    1.06931    4.40783    4.40783          0          0 
    2.4358    2.09009    13.0539   0.950472    3.33986    3.03968     1.9803    2.40225    3.37295    2.91735    3.38624     2.8597    2.83955          0   0.703324    3.23326    4.53337    1.32728    2.83955    1.54421   0.663817    3.16885    4.56436    1.81459     4.8486     4.8486          0          0 
   2.24611     1.9787    13.7177    1.12536    3.51439    2.80869    1.31307    2.28186    3.48456     2.8091    3.50398    2.63407    2.67591   0.703324          0    3.42657    5.21352    1.60905    2.67591    1.00308    1.32242    3.38344    5.24504    1.79524    5.35593    5.35593          0          0 
   1.81776    1.72742    11.7833     2.3324   0.135179      1.927    3.64602     1.5958   0.414124     1.4071   0.390658    1.89511    1.64257    3.23326    3.42657          0    4.26729      1.906    1.64257    3.05946    2.85791   0.117538    4.30039    1.71194    2.78623    2.78623          0          0 
   5.43534    5.08928    8.53713     4.4643    4.37972    5.86935    6.31722    5.21919    4.68138    5.38742    4.65752    5.75297    5.54026    4.53337    5.21352    4.26729          0    4.12524    5.54026    5.71097    3.89117    4.15504   0.034538    4.79215    2.50999    2.50999          0          0 
    1.5292     1.1318    12.4419   0.488557    2.01352    2.11185    2.29342    1.38905     2.0619     1.8203    2.07275    1.94495    1.82923    1.32728    1.60905      1.906    4.12524          0    1.82923    1.65336    1.03803    1.84239    4.15931   0.788535    3.80624    3.80624          0          0 
  0.431648   0.752811    13.3914    1.93606    1.62444   0.329098     2.3401    0.44885    1.38066   0.249305     1.4145   0.252536          0    2.83955    2.67591    1.64257    5.54026    1.82923          0    1.90842    2.81403    1.69963     5.5747    1.06931    4.40783    4.40783          0          0 
   1.48807    1.36538    14.0918    1.24881    3.11494    1.96006   0.643186    1.60729    3.00124    2.09627    3.02762    1.80103    1.90842    1.54421    1.00308    3.05946    5.71097    1.65336    1.90842          0     1.9636    3.04968    5.74434    1.35681    5.40789    5.40789          0          0 
   2.46134     2.0734    12.3998   0.914217    2.97758    3.06771    2.49886    2.36537    3.06595    2.83514    3.07324    2.89184    2.81403   0.663817    1.32242    2.85791    3.89117    1.03803    2.81403     1.9636          0    2.77689    3.92275    1.74475     4.2192     4.2192          0          0 
   1.85002     1.7347    11.7084    2.27999   0.249885    1.99278    3.64516    1.62316   0.527254       1.47   0.505426    1.95179    1.69963    3.16885    3.38344   0.117538    4.15504    1.84239    1.69963    3.04968    2.77689          0    4.18821    1.69581     2.7141     2.7141          0          0 
   5.46988     5.1238    8.50798    4.49779    4.41264    5.90379    6.35024    5.25372    4.71449    5.42174    4.69057    5.78746     5.5747    4.56436    5.24504    4.30039   0.034538    4.15931     5.5747    5.74434    3.92275    4.18821          0     4.8266    2.52983    2.52983          0          0 
  0.740963   0.343341    12.9575    0.87941    1.77749    1.33221    1.96919   0.620622    1.70455    1.10923    1.72671    1.16129    1.06931    1.81459    1.79524    1.71194    4.79215   0.788535    1.06931    1.35681    1.74475    1.69581     4.8266          0    4.12264    4.12264          0          0 
   4.50257    4.29115    8.99766     4.2856    2.83877    4.70653    6.04857    4.26672    3.14033    4.18314    3.10718    4.65853    4.40783     4.8486    5.35593    2.78623    2.50999    3.80624    4.40783    5.40789     4.2192     2.7141    2.52983    4.12264          0          0          0          0 
   4.50257    4.29115    8.99766     4.2856    2.83877    4.70653    6.04857    4.26672    3.14033    4.18314    3.10718    4.65853    4.40783     4.8486    5.35593    2.78623    2.50999    3.80624    4.40783    5.40789     4.2192     2.7141    2.52983    4.12264          0          0          0          0 
         0          0          0          0          0          0          0          0          0          0          0          0          0          0          0          0          0          0          0          0          0          0          0          0          0          0          0          0 
         0          0          0          0          0          0          0          0          0          0          0          0          0          0          0          0          0          0          0          0          0          0          0          0          0          0          0          0 

Arcs:
     0   1   2   3   4   5   6   7   8   9  10  11  12  13  14  15  16  17  18  19  20  21  22  23  24  25  26  27 
  0  0   0   1   0   0   0   1   0   1   0   0   0   1   1   1   1   1   1   1   1   1   1   1   1   0   0   0   0 
  1  1   0   1   1   1   0   1   1   1   1   1   1   1   1   1   1   1   1   1   1   1   1   1   1   0   0   0   0 
  2  0   0   0   0   0   0   0   0   1   0   0   0   1   1   1   1   1   1   1   1   1   1   1   1   0   0   0   0 
  3  1   0   1   0   1   0   1   0   1   1   1   1   1   1   1   1   1   1   1   1   1   1   1   1   0   0   0   0 
  4  1   0   1   1   0   0   1   0   1   1   1   1   1   1   1   1   1   1   1   1   1   1   1   1   0   0   0   0 
  5  1   1   1   1   1   0   1   1   1   1   1   1   1   1   1   1   1   1   1   1   1   1   1   1   0   0   0   0 
  6  0   0   1   0   0   0   0   0   1   0   0   0   1   1   1   1   1   1   1   1   1   1   1   1   0   0   1   1 
  7  1   0   1   1   1   0   1   0   1   1   1   1   1   1   1   1   1   1   1   1   1   1   1   1   0   0   1   1 
  8  0   0   0   0   0   0   0   0   0   0   0   0   1   1   1   1   1   1   1   1   1   1   1   1   0   0   1   1 
  9  1   0   1   0   0   0   1   0   1   0   1   0   1   1   1   1   1   1   1   1   1   1   1   1   0   0   1   1 
 10  1   0   1   0   0   0   1   0   1   0   0   0   1   1   1   1   1   1   1   1   1   1   1   1   0   0   1   1 
 11  1   1   1   1   1   0   1   1   1   1   1   0   1   1   1   1   1   1   1   1   1   1   1   1   0   0   1   1 
 12  1   1   1   1   1   1   1   1   1   1   1   1   0   0   0   0   0   0   0   0   0   0   0   0   0   0   0   0 
 13  1   1   1   1   1   1   1   1   1   1   1   1   0   0   0   0   0   0   0   0   0   0   0   0   0   0   0   0 
 14  1   1   1   1   1   1   1   1   1   1   1   1   0   0   0   0   0   0   0   0   0   0   0   0   0   0   0   0 
 15  1   1   1   1   1   1   1   1   1   1   1   1   0   0   0   0   0   0   0   0   0   0   0   0   0   0   0   0 
 16  1   1   1   1   1   1   1   1   1   1   1   1   0   0   0   0   0   0   0   0   0   0   0   0   0   0   0   0 
 17  1   1   1   1   1   1   1   1   1   1   1   1   0   0   0   0   0   0   0   0   0   0   0   0   0   0   0   0 
 18  1   1   1   1   1   1   1   1   1   1   1   1   0   0   0   0   0   0   0   0   0   0   0   0   0   0   0   0 
 19  1   1   1   1   1   1   1   1   1   1   1   1   0   0   0   0   0   0   0   0   0   0   0   0   0   0   0   0 
 20  1   1   1   1   1   1   1   1   1   1   1   1   0   0   0   0   0   0   0   0   0   0   0   0   0   0   0   0 
 21  1   1   1   1   1   1   1   1   1   1   1   1   0   0   0   0   0   0   0   0   0   0   0   0   0   0   0   0 
 22  1   1   1   1   1   1   1   1   1   1   1   1   0   0   0   0   0   0   0   0   0   0   0   0   0   0   0   0 
 23  1   1   1   1   1   1   1   1   1   1   1   1   0   0   0   0   0   0   0   0   0   0   0   0   0   0   0   0 
 24  1   1   1   1   1   1   0   0   0   0   0   0   0   0   0   0   0   0   0   0   0   0   0   0   0   0   1   0 
 25  1   1   1   1   1   1   0   0   0   0   0   0   0   0   0   0   0   0   0   0   0   0   0   0   0   0   0   1 
 26  0   0   0   0   0   0   0   0   0   0   0   0   0   0   0   0   0   0   0   0   0   0   0   0   0   0   0   0 
 27  0   0   0   0   0   0   0   0   0   0   0   0   0   0   0   0   0   0   0   0   0   0   0   0   0   0   0   0 



All Arcs: 
24-26 ==== 24-0 ==== 24-1 ==== 24-2 ==== 24-3 ==== 24-4 ==== 24-5 ==== 25-27 ==== 25-0 ==== 25-1 ==== 25-2 ==== 25-3 ==== 25-4 ==== 25-5 ==== 0-2 ==== 0-6 ==== 0-8 ==== 0-12 ==== 0-13 ==== 0-14 ==== 0-15 ==== 0-16 ==== 0-17 ==== 0-18 ==== 0-19 ==== 0-20 ==== 0-21 ==== 0-22 ==== 0-23 ==== 1-0 ==== 1-2 ==== 1-3 ==== 1-4 ==== 1-6 ==== 1-7 ==== 1-8 ==== 1-9 ==== 1-10 ==== 1-11 ==== 1-12 ==== 1-13 ==== 1-14 ==== 1-15 ==== 1-16 ==== 1-17 ==== 1-18 ==== 1-19 ==== 1-20 ==== 1-21 ==== 1-22 ==== 1-23 ==== 2-8 ==== 2-12 ==== 2-13 ==== 2-14 ==== 2-15 ==== 2-16 ==== 2-17 ==== 2-18 ==== 2-19 ==== 2-20 ==== 2-21 ==== 2-22 ==== 2-23 ==== 3-0 ==== 3-2 ==== 3-4 ==== 3-6 ==== 3-8 ==== 3-9 ==== 3-10 ==== 3-11 ==== 3-12 ==== 3-13 ==== 3-14 ==== 3-15 ==== 3-16 ==== 3-17 ==== 3-18 ==== 3-19 ==== 3-20 ==== 3-21 ==== 3-22 ==== 3-23 ==== 4-0 ==== 4-2 ==== 4-3 ==== 4-6 ==== 4-8 ==== 4-9 ==== 4-10 ==== 4-11 ==== 4-12 ==== 4-13 ==== 4-14 ==== 4-15 ==== 4-16 ==== 4-17 ==== 4-18 ==== 4-19 ==== 4-20 ==== 4-21 ==== 4-22 ==== 4-23 ==== 5-0 ==== 5-1 ==== 5-2 ==== 5-3 ==== 5-4 ==== 5-6 ==== 5-7 ==== 5-8 ==== 5-9 ==== 5-10 ==== 5-11 ==== 5-12 ==== 5-13 ==== 5-14 ==== 5-15 ==== 5-16 ==== 5-17 ==== 5-18 ==== 5-19 ==== 5-20 ==== 5-21 ==== 5-22 ==== 5-23 ==== 6-2 ==== 6-8 ==== 6-26 ==== 6-27 ==== 6-12 ==== 6-13 ==== 6-14 ==== 6-15 ==== 6-16 ==== 6-17 ==== 6-18 ==== 6-19 ==== 6-20 ==== 6-21 ==== 6-22 ==== 6-23 ==== 7-0 ==== 7-2 ==== 7-3 ==== 7-4 ==== 7-6 ==== 7-8 ==== 7-9 ==== 7-10 ==== 7-11 ==== 7-26 ==== 7-27 ==== 7-12 ==== 7-13 ==== 7-14 ==== 7-15 ==== 7-16 ==== 7-17 ==== 7-18 ==== 7-19 ==== 7-20 ==== 7-21 ==== 7-22 ==== 7-23 ==== 8-26 ==== 8-27 ==== 8-12 ==== 8-13 ==== 8-14 ==== 8-15 ==== 8-16 ==== 8-17 ==== 8-18 ==== 8-19 ==== 8-20 ==== 8-21 ==== 8-22 ==== 8-23 ==== 9-0 ==== 9-2 ==== 9-6 ==== 9-8 ==== 9-10 ==== 9-26 ==== 9-27 ==== 9-12 ==== 9-13 ==== 9-14 ==== 9-15 ==== 9-16 ==== 9-17 ==== 9-18 ==== 9-19 ==== 9-20 ==== 9-21 ==== 9-22 ==== 9-23 ==== 10-0 ==== 10-2 ==== 10-6 ==== 10-8 ==== 10-26 ==== 10-27 ==== 10-12 ==== 10-13 ==== 10-14 ==== 10-15 ==== 10-16 ==== 10-17 ==== 10-18 ==== 10-19 ==== 10-20 ==== 10-21 ==== 10-22 ==== 10-23 ==== 11-0 ==== 11-1 ==== 11-2 ==== 11-3 ==== 11-4 ==== 11-6 ==== 11-7 ==== 11-8 ==== 11-9 ==== 11-10 ==== 11-26 ==== 11-27 ==== 11-12 ==== 11-13 ==== 11-14 ==== 11-15 ==== 11-16 ==== 11-17 ==== 11-18 ==== 11-19 ==== 11-20 ==== 11-21 ==== 11-22 ==== 11-23 ==== 12-0 ==== 12-1 ==== 12-2 ==== 12-3 ==== 12-4 ==== 12-5 ==== 12-6 ==== 12-7 ==== 12-8 ==== 12-9 ==== 12-10 ==== 12-11 ==== 13-0 ==== 13-1 ==== 13-2 ==== 13-3 ==== 13-4 ==== 13-5 ==== 13-6 ==== 13-7 ==== 13-8 ==== 13-9 ==== 13-10 ==== 13-11 ==== 14-0 ==== 14-1 ==== 14-2 ==== 14-3 ==== 14-4 ==== 14-5 ==== 14-6 ==== 14-7 ==== 14-8 ==== 14-9 ==== 14-10 ==== 14-11 ==== 15-0 ==== 15-1 ==== 15-2 ==== 15-3 ==== 15-4 ==== 15-5 ==== 15-6 ==== 15-7 ==== 15-8 ==== 15-9 ==== 15-10 ==== 15-11 ==== 16-0 ==== 16-1 ==== 16-2 ==== 16-3 ==== 16-4 ==== 16-5 ==== 16-6 ==== 16-7 ==== 16-8 ==== 16-9 ==== 16-10 ==== 16-11 ==== 17-0 ==== 17-1 ==== 17-2 ==== 17-3 ==== 17-4 ==== 17-5 ==== 17-6 ==== 17-7 ==== 17-8 ==== 17-9 ==== 17-10 ==== 17-11 ==== 18-0 ==== 18-1 ==== 18-2 ==== 18-3 ==== 18-4 ==== 18-5 ==== 18-6 ==== 18-7 ==== 18-8 ==== 18-9 ==== 18-10 ==== 18-11 ==== 19-0 ==== 19-1 ==== 19-2 ==== 19-3 ==== 19-4 ==== 19-5 ==== 19-6 ==== 19-7 ==== 19-8 ==== 19-9 ==== 19-10 ==== 19-11 ==== 20-0 ==== 20-1 ==== 20-2 ==== 20-3 ==== 20-4 ==== 20-5 ==== 20-6 ==== 20-7 ==== 20-8 ==== 20-9 ==== 20-10 ==== 20-11 ==== 21-0 ==== 21-1 ==== 21-2 ==== 21-3 ==== 21-4 ==== 21-5 ==== 21-6 ==== 21-7 ==== 21-8 ==== 21-9 ==== 21-10 ==== 21-11 ==== 22-0 ==== 22-1 ==== 22-2 ==== 22-3 ==== 22-4 ==== 22-5 ==== 22-6 ==== 22-7 ==== 22-8 ==== 22-9 ==== 22-10 ==== 22-11 ==== 23-0 ==== 23-1 ==== 23-2 ==== 23-3 ==== 23-4 ==== 23-5 ==== 23-6 ==== 23-7 ==== 23-8 ==== 23-9 ==== 23-10 ==== 23-11 ==== 

Arcs Plus: 
0-2 ==== 0-6 ==== 0-8 ==== 0-12 ==== 0-13 ==== 0-14 ==== 0-15 ==== 0-16 ==== 0-17 ==== 0-18 ==== 0-19 ==== 0-20 ==== 0-21 ==== 0-22 ==== 0-23 ==== 1-0 ==== 1-2 ==== 1-3 ==== 1-4 ==== 1-6 ==== 1-7 ==== 1-8 ==== 1-9 ==== 1-10 ==== 1-11 ==== 1-12 ==== 1-13 ==== 1-14 ==== 1-15 ==== 1-16 ==== 1-17 ==== 1-18 ==== 1-19 ==== 1-20 ==== 1-21 ==== 1-22 ==== 1-23 ==== 2-8 ==== 2-12 ==== 2-13 ==== 2-14 ==== 2-15 ==== 2-16 ==== 2-17 ==== 2-18 ==== 2-19 ==== 2-20 ==== 2-21 ==== 2-22 ==== 2-23 ==== 3-0 ==== 3-2 ==== 3-4 ==== 3-6 ==== 3-8 ==== 3-9 ==== 3-10 ==== 3-11 ==== 3-12 ==== 3-13 ==== 3-14 ==== 3-15 ==== 3-16 ==== 3-17 ==== 3-18 ==== 3-19 ==== 3-20 ==== 3-21 ==== 3-22 ==== 3-23 ==== 4-0 ==== 4-2 ==== 4-3 ==== 4-6 ==== 4-8 ==== 4-9 ==== 4-10 ==== 4-11 ==== 4-12 ==== 4-13 ==== 4-14 ==== 4-15 ==== 4-16 ==== 4-17 ==== 4-18 ==== 4-19 ==== 4-20 ==== 4-21 ==== 4-22 ==== 4-23 ==== 5-0 ==== 5-1 ==== 5-2 ==== 5-3 ==== 5-4 ==== 5-6 ==== 5-7 ==== 5-8 ==== 5-9 ==== 5-10 ==== 5-11 ==== 5-12 ==== 5-13 ==== 5-14 ==== 5-15 ==== 5-16 ==== 5-17 ==== 5-18 ==== 5-19 ==== 5-20 ==== 5-21 ==== 5-22 ==== 5-23 ==== 6-2 ==== 6-8 ==== 6-26 ==== 6-27 ==== 6-12 ==== 6-13 ==== 6-14 ==== 6-15 ==== 6-16 ==== 6-17 ==== 6-18 ==== 6-19 ==== 6-20 ==== 6-21 ==== 6-22 ==== 6-23 ==== 7-0 ==== 7-2 ==== 7-3 ==== 7-4 ==== 7-6 ==== 7-8 ==== 7-9 ==== 7-10 ==== 7-11 ==== 7-26 ==== 7-27 ==== 7-12 ==== 7-13 ==== 7-14 ==== 7-15 ==== 7-16 ==== 7-17 ==== 7-18 ==== 7-19 ==== 7-20 ==== 7-21 ==== 7-22 ==== 7-23 ==== 8-26 ==== 8-27 ==== 8-12 ==== 8-13 ==== 8-14 ==== 8-15 ==== 8-16 ==== 8-17 ==== 8-18 ==== 8-19 ==== 8-20 ==== 8-21 ==== 8-22 ==== 8-23 ==== 9-0 ==== 9-2 ==== 9-6 ==== 9-8 ==== 9-10 ==== 9-26 ==== 9-27 ==== 9-12 ==== 9-13 ==== 9-14 ==== 9-15 ==== 9-16 ==== 9-17 ==== 9-18 ==== 9-19 ==== 9-20 ==== 9-21 ==== 9-22 ==== 9-23 ==== 10-0 ==== 10-2 ==== 10-6 ==== 10-8 ==== 10-26 ==== 10-27 ==== 10-12 ==== 10-13 ==== 10-14 ==== 10-15 ==== 10-16 ==== 10-17 ==== 10-18 ==== 10-19 ==== 10-20 ==== 10-21 ==== 10-22 ==== 10-23 ==== 11-0 ==== 11-1 ==== 11-2 ==== 11-3 ==== 11-4 ==== 11-6 ==== 11-7 ==== 11-8 ==== 11-9 ==== 11-10 ==== 11-26 ==== 11-27 ==== 11-12 ==== 11-13 ==== 11-14 ==== 11-15 ==== 11-16 ==== 11-17 ==== 11-18 ==== 11-19 ==== 11-20 ==== 11-21 ==== 11-22 ==== 11-23 ==== 12-0 ==== 12-1 ==== 12-2 ==== 12-3 ==== 12-4 ==== 12-5 ==== 12-6 ==== 12-7 ==== 12-8 ==== 12-9 ==== 12-10 ==== 12-11 ==== 13-0 ==== 13-1 ==== 13-2 ==== 13-3 ==== 13-4 ==== 13-5 ==== 13-6 ==== 13-7 ==== 13-8 ==== 13-9 ==== 13-10 ==== 13-11 ==== 14-0 ==== 14-1 ==== 14-2 ==== 14-3 ==== 14-4 ==== 14-5 ==== 14-6 ==== 14-7 ==== 14-8 ==== 14-9 ==== 14-10 ==== 14-11 ==== 15-0 ==== 15-1 ==== 15-2 ==== 15-3 ==== 15-4 ==== 15-5 ==== 15-6 ==== 15-7 ==== 15-8 ==== 15-9 ==== 15-10 ==== 15-11 ==== 16-0 ==== 16-1 ==== 16-2 ==== 16-3 ==== 16-4 ==== 16-5 ==== 16-6 ==== 16-7 ==== 16-8 ==== 16-9 ==== 16-10 ==== 16-11 ==== 17-0 ==== 17-1 ==== 17-2 ==== 17-3 ==== 17-4 ==== 17-5 ==== 17-6 ==== 17-7 ==== 17-8 ==== 17-9 ==== 17-10 ==== 17-11 ==== 18-0 ==== 18-1 ==== 18-2 ==== 18-3 ==== 18-4 ==== 18-5 ==== 18-6 ==== 18-7 ==== 18-8 ==== 18-9 ==== 18-10 ==== 18-11 ==== 19-0 ==== 19-1 ==== 19-2 ==== 19-3 ==== 19-4 ==== 19-5 ==== 19-6 ==== 19-7 ==== 19-8 ==== 19-9 ==== 19-10 ==== 19-11 ==== 20-0 ==== 20-1 ==== 20-2 ==== 20-3 ==== 20-4 ==== 20-5 ==== 20-6 ==== 20-7 ==== 20-8 ==== 20-9 ==== 20-10 ==== 20-11 ==== 21-0 ==== 21-1 ==== 21-2 ==== 21-3 ==== 21-4 ==== 21-5 ==== 21-6 ==== 21-7 ==== 21-8 ==== 21-9 ==== 21-10 ==== 21-11 ==== 22-0 ==== 22-1 ==== 22-2 ==== 22-3 ==== 22-4 ==== 22-5 ==== 22-6 ==== 22-7 ==== 22-8 ==== 22-9 ==== 22-10 ==== 22-11 ==== 23-0 ==== 23-1 ==== 23-2 ==== 23-3 ==== 23-4 ==== 23-5 ==== 23-6 ==== 23-7 ==== 23-8 ==== 23-9 ==== 23-10 ==== 23-11 ==== 24-26 ==== 24-0 ==== 24-1 ==== 24-2 ==== 24-3 ==== 24-4 ==== 24-5 ==== 25-27 ==== 25-0 ==== 25-1 ==== 25-2 ==== 25-3 ==== 25-4 ==== 25-5 ==== 

Arcs Minus: 
24-0 ==== 25-0 ==== 1-0 ==== 3-0 ==== 4-0 ==== 5-0 ==== 7-0 ==== 9-0 ==== 10-0 ==== 11-0 ==== 12-0 ==== 13-0 ==== 14-0 ==== 15-0 ==== 16-0 ==== 17-0 ==== 18-0 ==== 19-0 ==== 20-0 ==== 21-0 ==== 22-0 ==== 23-0 ==== 24-1 ==== 25-1 ==== 5-1 ==== 11-1 ==== 12-1 ==== 13-1 ==== 14-1 ==== 15-1 ==== 16-1 ==== 17-1 ==== 18-1 ==== 19-1 ==== 20-1 ==== 21-1 ==== 22-1 ==== 23-1 ==== 24-2 ==== 25-2 ==== 0-2 ==== 1-2 ==== 3-2 ==== 4-2 ==== 5-2 ==== 6-2 ==== 7-2 ==== 9-2 ==== 10-2 ==== 11-2 ==== 12-2 ==== 13-2 ==== 14-2 ==== 15-2 ==== 16-2 ==== 17-2 ==== 18-2 ==== 19-2 ==== 20-2 ==== 21-2 ==== 22-2 ==== 23-2 ==== 24-3 ==== 25-3 ==== 1-3 ==== 4-3 ==== 5-3 ==== 7-3 ==== 11-3 ==== 12-3 ==== 13-3 ==== 14-3 ==== 15-3 ==== 16-3 ==== 17-3 ==== 18-3 ==== 19-3 ==== 20-3 ==== 21-3 ==== 22-3 ==== 23-3 ==== 24-4 ==== 25-4 ==== 1-4 ==== 3-4 ==== 5-4 ==== 7-4 ==== 11-4 ==== 12-4 ==== 13-4 ==== 14-4 ==== 15-4 ==== 16-4 ==== 17-4 ==== 18-4 ==== 19-4 ==== 20-4 ==== 21-4 ==== 22-4 ==== 23-4 ==== 24-5 ==== 25-5 ==== 12-5 ==== 13-5 ==== 14-5 ==== 15-5 ==== 16-5 ==== 17-5 ==== 18-5 ==== 19-5 ==== 20-5 ==== 21-5 ==== 22-5 ==== 23-5 ==== 0-6 ==== 1-6 ==== 3-6 ==== 4-6 ==== 5-6 ==== 7-6 ==== 9-6 ==== 10-6 ==== 11-6 ==== 12-6 ==== 13-6 ==== 14-6 ==== 15-6 ==== 16-6 ==== 17-6 ==== 18-6 ==== 19-6 ==== 20-6 ==== 21-6 ==== 22-6 ==== 23-6 ==== 1-7 ==== 5-7 ==== 11-7 ==== 12-7 ==== 13-7 ==== 14-7 ==== 15-7 ==== 16-7 ==== 17-7 ==== 18-7 ==== 19-7 ==== 20-7 ==== 21-7 ==== 22-7 ==== 23-7 ==== 0-8 ==== 1-8 ==== 2-8 ==== 3-8 ==== 4-8 ==== 5-8 ==== 6-8 ==== 7-8 ==== 9-8 ==== 10-8 ==== 11-8 ==== 12-8 ==== 13-8 ==== 14-8 ==== 15-8 ==== 16-8 ==== 17-8 ==== 18-8 ==== 19-8 ==== 20-8 ==== 21-8 ==== 22-8 ==== 23-8 ==== 1-9 ==== 3-9 ==== 4-9 ==== 5-9 ==== 7-9 ==== 11-9 ==== 12-9 ==== 13-9 ==== 14-9 ==== 15-9 ==== 16-9 ==== 17-9 ==== 18-9 ==== 19-9 ==== 20-9 ==== 21-9 ==== 22-9 ==== 23-9 ==== 1-10 ==== 3-10 ==== 4-10 ==== 5-10 ==== 7-10 ==== 9-10 ==== 11-10 ==== 12-10 ==== 13-10 ==== 14-10 ==== 15-10 ==== 16-10 ==== 17-10 ==== 18-10 ==== 19-10 ==== 20-10 ==== 21-10 ==== 22-10 ==== 23-10 ==== 1-11 ==== 3-11 ==== 4-11 ==== 5-11 ==== 7-11 ==== 12-11 ==== 13-11 ==== 14-11 ==== 15-11 ==== 16-11 ==== 17-11 ==== 18-11 ==== 19-11 ==== 20-11 ==== 21-11 ==== 22-11 ==== 23-11 ==== 0-12 ==== 1-12 ==== 2-12 ==== 3-12 ==== 4-12 ==== 5-12 ==== 6-12 ==== 7-12 ==== 8-12 ==== 9-12 ==== 10-12 ==== 11-12 ==== 0-13 ==== 1-13 ==== 2-13 ==== 3-13 ==== 4-13 ==== 5-13 ==== 6-13 ==== 7-13 ==== 8-13 ==== 9-13 ==== 10-13 ==== 11-13 ==== 0-14 ==== 1-14 ==== 2-14 ==== 3-14 ==== 4-14 ==== 5-14 ==== 6-14 ==== 7-14 ==== 8-14 ==== 9-14 ==== 10-14 ==== 11-14 ==== 0-15 ==== 1-15 ==== 2-15 ==== 3-15 ==== 4-15 ==== 5-15 ==== 6-15 ==== 7-15 ==== 8-15 ==== 9-15 ==== 10-15 ==== 11-15 ==== 0-16 ==== 1-16 ==== 2-16 ==== 3-16 ==== 4-16 ==== 5-16 ==== 6-16 ==== 7-16 ==== 8-16 ==== 9-16 ==== 10-16 ==== 11-16 ==== 0-17 ==== 1-17 ==== 2-17 ==== 3-17 ==== 4-17 ==== 5-17 ==== 6-17 ==== 7-17 ==== 8-17 ==== 9-17 ==== 10-17 ==== 11-17 ==== 0-18 ==== 1-18 ==== 2-18 ==== 3-18 ==== 4-18 ==== 5-18 ==== 6-18 ==== 7-18 ==== 8-18 ==== 9-18 ==== 10-18 ==== 11-18 ==== 0-19 ==== 1-19 ==== 2-19 ==== 3-19 ==== 4-19 ==== 5-19 ==== 6-19 ==== 7-19 ==== 8-19 ==== 9-19 ==== 10-19 ==== 11-19 ==== 0-20 ==== 1-20 ==== 2-20 ==== 3-20 ==== 4-20 ==== 5-20 ==== 6-20 ==== 7-20 ==== 8-20 ==== 9-20 ==== 10-20 ==== 11-20 ==== 0-21 ==== 1-21 ==== 2-21 ==== 3-21 ==== 4-21 ==== 5-21 ==== 6-21 ==== 7-21 ==== 8-21 ==== 9-21 ==== 10-21 ==== 11-21 ==== 0-22 ==== 1-22 ==== 2-22 ==== 3-22 ==== 4-22 ==== 5-22 ==== 6-22 ==== 7-22 ==== 8-22 ==== 9-22 ==== 10-22 ==== 11-22 ==== 0-23 ==== 1-23 ==== 2-23 ==== 3-23 ==== 4-23 ==== 5-23 ==== 6-23 ==== 7-23 ==== 8-23 ==== 9-23 ==== 10-23 ==== 11-23 ==== 24-26 ==== 6-26 ==== 7-26 ==== 8-26 ==== 9-26 ==== 10-26 ==== 11-26 ==== 25-27 ==== 6-27 ==== 7-27 ==== 8-27 ==== 9-27 ==== 10-27 ==== 11-27 ==== 

Arc NN: 
0-2 ==== 0-6 ==== 0-8 ==== 1-0 ==== 1-2 ==== 1-3 ==== 1-4 ==== 1-6 ==== 1-7 ==== 1-8 ==== 1-9 ==== 1-10 ==== 1-11 ==== 2-8 ==== 3-0 ==== 3-2 ==== 3-4 ==== 3-6 ==== 3-8 ==== 3-9 ==== 3-10 ==== 3-11 ==== 4-0 ==== 4-2 ==== 4-3 ==== 4-6 ==== 4-8 ==== 4-9 ==== 4-10 ==== 4-11 ==== 5-0 ==== 5-1 ==== 5-2 ==== 5-3 ==== 5-4 ==== 5-6 ==== 5-7 ==== 5-8 ==== 5-9 ==== 5-10 ==== 5-11 ==== 6-2 ==== 6-8 ==== 7-0 ==== 7-2 ==== 7-3 ==== 7-4 ==== 7-6 ==== 7-8 ==== 7-9 ==== 7-10 ==== 7-11 ==== 9-0 ==== 9-2 ==== 9-6 ==== 9-8 ==== 9-10 ==== 10-0 ==== 10-2 ==== 10-6 ==== 10-8 ==== 11-0 ==== 11-1 ==== 11-2 ==== 11-3 ==== 11-4 ==== 11-6 ==== 11-7 ==== 11-8 ==== 11-9 ==== 11-10 ==== 

Arc Nplus: 
0-2 ==== 0-6 ==== 0-8 ==== 0-12 ==== 0-13 ==== 0-14 ==== 0-15 ==== 0-16 ==== 0-17 ==== 0-18 ==== 0-19 ==== 0-20 ==== 0-21 ==== 0-22 ==== 0-23 ==== 1-0 ==== 1-2 ==== 1-3 ==== 1-4 ==== 1-6 ==== 1-7 ==== 1-8 ==== 1-9 ==== 1-10 ==== 1-11 ==== 1-12 ==== 1-13 ==== 1-14 ==== 1-15 ==== 1-16 ==== 1-17 ==== 1-18 ==== 1-19 ==== 1-20 ==== 1-21 ==== 1-22 ==== 1-23 ==== 2-8 ==== 2-12 ==== 2-13 ==== 2-14 ==== 2-15 ==== 2-16 ==== 2-17 ==== 2-18 ==== 2-19 ==== 2-20 ==== 2-21 ==== 2-22 ==== 2-23 ==== 3-0 ==== 3-2 ==== 3-4 ==== 3-6 ==== 3-8 ==== 3-9 ==== 3-10 ==== 3-11 ==== 3-12 ==== 3-13 ==== 3-14 ==== 3-15 ==== 3-16 ==== 3-17 ==== 3-18 ==== 3-19 ==== 3-20 ==== 3-21 ==== 3-22 ==== 3-23 ==== 4-0 ==== 4-2 ==== 4-3 ==== 4-6 ==== 4-8 ==== 4-9 ==== 4-10 ==== 4-11 ==== 4-12 ==== 4-13 ==== 4-14 ==== 4-15 ==== 4-16 ==== 4-17 ==== 4-18 ==== 4-19 ==== 4-20 ==== 4-21 ==== 4-22 ==== 4-23 ==== 5-0 ==== 5-1 ==== 5-2 ==== 5-3 ==== 5-4 ==== 5-6 ==== 5-7 ==== 5-8 ==== 5-9 ==== 5-10 ==== 5-11 ==== 5-12 ==== 5-13 ==== 5-14 ==== 5-15 ==== 5-16 ==== 5-17 ==== 5-18 ==== 5-19 ==== 5-20 ==== 5-21 ==== 5-22 ==== 5-23 ==== 6-2 ==== 6-8 ==== 6-26 ==== 6-27 ==== 6-12 ==== 6-13 ==== 6-14 ==== 6-15 ==== 6-16 ==== 6-17 ==== 6-18 ==== 6-19 ==== 6-20 ==== 6-21 ==== 6-22 ==== 6-23 ==== 7-0 ==== 7-2 ==== 7-3 ==== 7-4 ==== 7-6 ==== 7-8 ==== 7-9 ==== 7-10 ==== 7-11 ==== 7-26 ==== 7-27 ==== 7-12 ==== 7-13 ==== 7-14 ==== 7-15 ==== 7-16 ==== 7-17 ==== 7-18 ==== 7-19 ==== 7-20 ==== 7-21 ==== 7-22 ==== 7-23 ==== 8-26 ==== 8-27 ==== 8-12 ==== 8-13 ==== 8-14 ==== 8-15 ==== 8-16 ==== 8-17 ==== 8-18 ==== 8-19 ==== 8-20 ==== 8-21 ==== 8-22 ==== 8-23 ==== 9-0 ==== 9-2 ==== 9-6 ==== 9-8 ==== 9-10 ==== 9-26 ==== 9-27 ==== 9-12 ==== 9-13 ==== 9-14 ==== 9-15 ==== 9-16 ==== 9-17 ==== 9-18 ==== 9-19 ==== 9-20 ==== 9-21 ==== 9-22 ==== 9-23 ==== 10-0 ==== 10-2 ==== 10-6 ==== 10-8 ==== 10-26 ==== 10-27 ==== 10-12 ==== 10-13 ==== 10-14 ==== 10-15 ==== 10-16 ==== 10-17 ==== 10-18 ==== 10-19 ==== 10-20 ==== 10-21 ==== 10-22 ==== 10-23 ==== 11-0 ==== 11-1 ==== 11-2 ==== 11-3 ==== 11-4 ==== 11-6 ==== 11-7 ==== 11-8 ==== 11-9 ==== 11-10 ==== 11-26 ==== 11-27 ==== 11-12 ==== 11-13 ==== 11-14 ==== 11-15 ==== 11-16 ==== 11-17 ==== 11-18 ==== 11-19 ==== 11-20 ==== 11-21 ==== 11-22 ==== 11-23 ==== 

Arc PN: 
12-0 ==== 12-1 ==== 12-2 ==== 12-3 ==== 12-4 ==== 12-5 ==== 12-6 ==== 12-7 ==== 12-8 ==== 12-9 ==== 12-10 ==== 12-11 ==== 13-0 ==== 13-1 ==== 13-2 ==== 13-3 ==== 13-4 ==== 13-5 ==== 13-6 ==== 13-7 ==== 13-8 ==== 13-9 ==== 13-10 ==== 13-11 ==== 14-0 ==== 14-1 ==== 14-2 ==== 14-3 ==== 14-4 ==== 14-5 ==== 14-6 ==== 14-7 ==== 14-8 ==== 14-9 ==== 14-10 ==== 14-11 ==== 15-0 ==== 15-1 ==== 15-2 ==== 15-3 ==== 15-4 ==== 15-5 ==== 15-6 ==== 15-7 ==== 15-8 ==== 15-9 ==== 15-10 ==== 15-11 ==== 16-0 ==== 16-1 ==== 16-2 ==== 16-3 ==== 16-4 ==== 16-5 ==== 16-6 ==== 16-7 ==== 16-8 ==== 16-9 ==== 16-10 ==== 16-11 ==== 17-0 ==== 17-1 ==== 17-2 ==== 17-3 ==== 17-4 ==== 17-5 ==== 17-6 ==== 17-7 ==== 17-8 ==== 17-9 ==== 17-10 ==== 17-11 ==== 

Arc nf: 
24-0 ==== 24-1 ==== 24-2 ==== 24-3 ==== 24-4 ==== 24-5 ==== 25-0 ==== 25-1 ==== 25-2 ==== 25-3 ==== 25-4 ==== 25-5 ==== 0-2 ==== 0-6 ==== 0-8 ==== 0-12 ==== 0-13 ==== 0-14 ==== 0-15 ==== 0-16 ==== 0-17 ==== 0-18 ==== 0-19 ==== 0-20 ==== 0-21 ==== 0-22 ==== 0-23 ==== 1-0 ==== 1-2 ==== 1-3 ==== 1-4 ==== 1-6 ==== 1-7 ==== 1-8 ==== 1-9 ==== 1-10 ==== 1-11 ==== 1-12 ==== 1-13 ==== 1-14 ==== 1-15 ==== 1-16 ==== 1-17 ==== 1-18 ==== 1-19 ==== 1-20 ==== 1-21 ==== 1-22 ==== 1-23 ==== 2-8 ==== 2-12 ==== 2-13 ==== 2-14 ==== 2-15 ==== 2-16 ==== 2-17 ==== 2-18 ==== 2-19 ==== 2-20 ==== 2-21 ==== 2-22 ==== 2-23 ==== 3-0 ==== 3-2 ==== 3-4 ==== 3-6 ==== 3-8 ==== 3-9 ==== 3-10 ==== 3-11 ==== 3-12 ==== 3-13 ==== 3-14 ==== 3-15 ==== 3-16 ==== 3-17 ==== 3-18 ==== 3-19 ==== 3-20 ==== 3-21 ==== 3-22 ==== 3-23 ==== 4-0 ==== 4-2 ==== 4-3 ==== 4-6 ==== 4-8 ==== 4-9 ==== 4-10 ==== 4-11 ==== 4-12 ==== 4-13 ==== 4-14 ==== 4-15 ==== 4-16 ==== 4-17 ==== 4-18 ==== 4-19 ==== 4-20 ==== 4-21 ==== 4-22 ==== 4-23 ==== 5-0 ==== 5-1 ==== 5-2 ==== 5-3 ==== 5-4 ==== 5-6 ==== 5-7 ==== 5-8 ==== 5-9 ==== 5-10 ==== 5-11 ==== 5-12 ==== 5-13 ==== 5-14 ==== 5-15 ==== 5-16 ==== 5-17 ==== 5-18 ==== 5-19 ==== 5-20 ==== 5-21 ==== 5-22 ==== 5-23 ==== 6-2 ==== 6-8 ==== 6-12 ==== 6-13 ==== 6-14 ==== 6-15 ==== 6-16 ==== 6-17 ==== 6-18 ==== 6-19 ==== 6-20 ==== 6-21 ==== 6-22 ==== 6-23 ==== 7-0 ==== 7-2 ==== 7-3 ==== 7-4 ==== 7-6 ==== 7-8 ==== 7-9 ==== 7-10 ==== 7-11 ==== 7-12 ==== 7-13 ==== 7-14 ==== 7-15 ==== 7-16 ==== 7-17 ==== 7-18 ==== 7-19 ==== 7-20 ==== 7-21 ==== 7-22 ==== 7-23 ==== 8-12 ==== 8-13 ==== 8-14 ==== 8-15 ==== 8-16 ==== 8-17 ==== 8-18 ==== 8-19 ==== 8-20 ==== 8-21 ==== 8-22 ==== 8-23 ==== 9-0 ==== 9-2 ==== 9-6 ==== 9-8 ==== 9-10 ==== 9-12 ==== 9-13 ==== 9-14 ==== 9-15 ==== 9-16 ==== 9-17 ==== 9-18 ==== 9-19 ==== 9-20 ==== 9-21 ==== 9-22 ==== 9-23 ==== 10-0 ==== 10-2 ==== 10-6 ==== 10-8 ==== 10-12 ==== 10-13 ==== 10-14 ==== 10-15 ==== 10-16 ==== 10-17 ==== 10-18 ==== 10-19 ==== 10-20 ==== 10-21 ==== 10-22 ==== 10-23 ==== 11-0 ==== 11-1 ==== 11-2 ==== 11-3 ==== 11-4 ==== 11-6 ==== 11-7 ==== 11-8 ==== 11-9 ==== 11-10 ==== 11-12 ==== 11-13 ==== 11-14 ==== 11-15 ==== 11-16 ==== 11-17 ==== 11-18 ==== 11-19 ==== 11-20 ==== 11-21 ==== 11-22 ==== 11-23 ==== 12-0 ==== 12-1 ==== 12-2 ==== 12-3 ==== 12-4 ==== 12-5 ==== 12-6 ==== 12-7 ==== 12-8 ==== 12-9 ==== 12-10 ==== 12-11 ==== 13-0 ==== 13-1 ==== 13-2 ==== 13-3 ==== 13-4 ==== 13-5 ==== 13-6 ==== 13-7 ==== 13-8 ==== 13-9 ==== 13-10 ==== 13-11 ==== 14-0 ==== 14-1 ==== 14-2 ==== 14-3 ==== 14-4 ==== 14-5 ==== 14-6 ==== 14-7 ==== 14-8 ==== 14-9 ==== 14-10 ==== 14-11 ==== 15-0 ==== 15-1 ==== 15-2 ==== 15-3 ==== 15-4 ==== 15-5 ==== 15-6 ==== 15-7 ==== 15-8 ==== 15-9 ==== 15-10 ==== 15-11 ==== 16-0 ==== 16-1 ==== 16-2 ==== 16-3 ==== 16-4 ==== 16-5 ==== 16-6 ==== 16-7 ==== 16-8 ==== 16-9 ==== 16-10 ==== 16-11 ==== 17-0 ==== 17-1 ==== 17-2 ==== 17-3 ==== 17-4 ==== 17-5 ==== 17-6 ==== 17-7 ==== 17-8 ==== 17-9 ==== 17-10 ==== 17-11 ==== 18-0 ==== 18-1 ==== 18-2 ==== 18-3 ==== 18-4 ==== 18-5 ==== 18-6 ==== 18-7 ==== 18-8 ==== 18-9 ==== 18-10 ==== 18-11 ==== 19-0 ==== 19-1 ==== 19-2 ==== 19-3 ==== 19-4 ==== 19-5 ==== 19-6 ==== 19-7 ==== 19-8 ==== 19-9 ==== 19-10 ==== 19-11 ==== 20-0 ==== 20-1 ==== 20-2 ==== 20-3 ==== 20-4 ==== 20-5 ==== 20-6 ==== 20-7 ==== 20-8 ==== 20-9 ==== 20-10 ==== 20-11 ==== 21-0 ==== 21-1 ==== 21-2 ==== 21-3 ==== 21-4 ==== 21-5 ==== 21-6 ==== 21-7 ==== 21-8 ==== 21-9 ==== 21-10 ==== 21-11 ==== 22-0 ==== 22-1 ==== 22-2 ==== 22-3 ==== 22-4 ==== 22-5 ==== 22-6 ==== 22-7 ==== 22-8 ==== 22-9 ==== 22-10 ==== 22-11 ==== 23-0 ==== 23-1 ==== 23-2 ==== 23-3 ==== 23-4 ==== 23-5 ==== 23-6 ==== 23-7 ==== 23-8 ==== 23-9 ==== 23-10 ==== 23-11 ==== 

Arc V Plus: 
0-2 ==== 0-6 ==== 0-8 ==== 0-12 ==== 0-13 ==== 0-14 ==== 0-15 ==== 0-16 ==== 0-17 ==== 0-18 ==== 0-19 ==== 0-20 ==== 0-21 ==== 0-22 ==== 0-23 ==== 0-2 ==== 0-6 ==== 0-8 ==== 0-12 ==== 0-13 ==== 0-14 ==== 0-15 ==== 0-16 ==== 0-17 ==== 0-18 ==== 0-19 ==== 0-20 ==== 0-21 ==== 0-22 ==== 0-23 ==== 
1-0 ==== 1-2 ==== 1-3 ==== 1-4 ==== 1-6 ==== 1-7 ==== 1-8 ==== 1-9 ==== 1-10 ==== 1-11 ==== 1-12 ==== 1-13 ==== 1-14 ==== 1-15 ==== 1-16 ==== 1-17 ==== 1-18 ==== 1-19 ==== 1-20 ==== 1-21 ==== 1-22 ==== 1-23 ==== 1-0 ==== 1-2 ==== 1-3 ==== 1-4 ==== 1-6 ==== 1-7 ==== 1-8 ==== 1-9 ==== 1-10 ==== 1-11 ==== 1-12 ==== 1-13 ==== 1-14 ==== 1-15 ==== 1-16 ==== 1-17 ==== 1-18 ==== 1-19 ==== 1-20 ==== 1-21 ==== 1-22 ==== 1-23 ==== 
2-8 ==== 2-12 ==== 2-13 ==== 2-14 ==== 2-15 ==== 2-16 ==== 2-17 ==== 2-18 ==== 2-19 ==== 2-20 ==== 2-21 ==== 2-22 ==== 2-23 ==== 2-8 ==== 2-12 ==== 2-13 ==== 2-14 ==== 2-15 ==== 2-16 ==== 2-17 ==== 2-18 ==== 2-19 ==== 2-20 ==== 2-21 ==== 2-22 ==== 2-23 ==== 
3-0 ==== 3-2 ==== 3-4 ==== 3-6 ==== 3-8 ==== 3-9 ==== 3-10 ==== 3-11 ==== 3-12 ==== 3-13 ==== 3-14 ==== 3-15 ==== 3-16 ==== 3-17 ==== 3-18 ==== 3-19 ==== 3-20 ==== 3-21 ==== 3-22 ==== 3-23 ==== 3-0 ==== 3-2 ==== 3-4 ==== 3-6 ==== 3-8 ==== 3-9 ==== 3-10 ==== 3-11 ==== 3-12 ==== 3-13 ==== 3-14 ==== 3-15 ==== 3-16 ==== 3-17 ==== 3-18 ==== 3-19 ==== 3-20 ==== 3-21 ==== 3-22 ==== 3-23 ==== 
4-0 ==== 4-2 ==== 4-3 ==== 4-6 ==== 4-8 ==== 4-9 ==== 4-10 ==== 4-11 ==== 4-12 ==== 4-13 ==== 4-14 ==== 4-15 ==== 4-16 ==== 4-17 ==== 4-18 ==== 4-19 ==== 4-20 ==== 4-21 ==== 4-22 ==== 4-23 ==== 4-0 ==== 4-2 ==== 4-3 ==== 4-6 ==== 4-8 ==== 4-9 ==== 4-10 ==== 4-11 ==== 4-12 ==== 4-13 ==== 4-14 ==== 4-15 ==== 4-16 ==== 4-17 ==== 4-18 ==== 4-19 ==== 4-20 ==== 4-21 ==== 4-22 ==== 4-23 ==== 
5-0 ==== 5-1 ==== 5-2 ==== 5-3 ==== 5-4 ==== 5-6 ==== 5-7 ==== 5-8 ==== 5-9 ==== 5-10 ==== 5-11 ==== 5-12 ==== 5-13 ==== 5-14 ==== 5-15 ==== 5-16 ==== 5-17 ==== 5-18 ==== 5-19 ==== 5-20 ==== 5-21 ==== 5-22 ==== 5-23 ==== 5-0 ==== 5-1 ==== 5-2 ==== 5-3 ==== 5-4 ==== 5-6 ==== 5-7 ==== 5-8 ==== 5-9 ==== 5-10 ==== 5-11 ==== 5-12 ==== 5-13 ==== 5-14 ==== 5-15 ==== 5-16 ==== 5-17 ==== 5-18 ==== 5-19 ==== 5-20 ==== 5-21 ==== 5-22 ==== 5-23 ==== 
6-2 ==== 6-8 ==== 6-26 ==== 6-12 ==== 6-13 ==== 6-14 ==== 6-15 ==== 6-16 ==== 6-17 ==== 6-18 ==== 6-19 ==== 6-20 ==== 6-21 ==== 6-22 ==== 6-23 ==== 6-2 ==== 6-8 ==== 6-27 ==== 6-12 ==== 6-13 ==== 6-14 ==== 6-15 ==== 6-16 ==== 6-17 ==== 6-18 ==== 6-19 ==== 6-20 ==== 6-21 ==== 6-22 ==== 6-23 ==== 
7-0 ==== 7-2 ==== 7-3 ==== 7-4 ==== 7-6 ==== 7-8 ==== 7-9 ==== 7-10 ==== 7-11 ==== 7-26 ==== 7-12 ==== 7-13 ==== 7-14 ==== 7-15 ==== 7-16 ==== 7-17 ==== 7-18 ==== 7-19 ==== 7-20 ==== 7-21 ==== 7-22 ==== 7-23 ==== 7-0 ==== 7-2 ==== 7-3 ==== 7-4 ==== 7-6 ==== 7-8 ==== 7-9 ==== 7-10 ==== 7-11 ==== 7-27 ==== 7-12 ==== 7-13 ==== 7-14 ==== 7-15 ==== 7-16 ==== 7-17 ==== 7-18 ==== 7-19 ==== 7-20 ==== 7-21 ==== 7-22 ==== 7-23 ==== 
8-26 ==== 8-12 ==== 8-13 ==== 8-14 ==== 8-15 ==== 8-16 ==== 8-17 ==== 8-18 ==== 8-19 ==== 8-20 ==== 8-21 ==== 8-22 ==== 8-23 ==== 8-27 ==== 8-12 ==== 8-13 ==== 8-14 ==== 8-15 ==== 8-16 ==== 8-17 ==== 8-18 ==== 8-19 ==== 8-20 ==== 8-21 ==== 8-22 ==== 8-23 ==== 
9-0 ==== 9-2 ==== 9-6 ==== 9-8 ==== 9-10 ==== 9-26 ==== 9-12 ==== 9-13 ==== 9-14 ==== 9-15 ==== 9-16 ==== 9-17 ==== 9-18 ==== 9-19 ==== 9-20 ==== 9-21 ==== 9-22 ==== 9-23 ==== 9-0 ==== 9-2 ==== 9-6 ==== 9-8 ==== 9-10 ==== 9-27 ==== 9-12 ==== 9-13 ==== 9-14 ==== 9-15 ==== 9-16 ==== 9-17 ==== 9-18 ==== 9-19 ==== 9-20 ==== 9-21 ==== 9-22 ==== 9-23 ==== 
10-0 ==== 10-2 ==== 10-6 ==== 10-8 ==== 10-26 ==== 10-12 ==== 10-13 ==== 10-14 ==== 10-15 ==== 10-16 ==== 10-17 ==== 10-18 ==== 10-19 ==== 10-20 ==== 10-21 ==== 10-22 ==== 10-23 ==== 10-0 ==== 10-2 ==== 10-6 ==== 10-8 ==== 10-27 ==== 10-12 ==== 10-13 ==== 10-14 ==== 10-15 ==== 10-16 ==== 10-17 ==== 10-18 ==== 10-19 ==== 10-20 ==== 10-21 ==== 10-22 ==== 10-23 ==== 
11-0 ==== 11-1 ==== 11-2 ==== 11-3 ==== 11-4 ==== 11-6 ==== 11-7 ==== 11-8 ==== 11-9 ==== 11-10 ==== 11-26 ==== 11-12 ==== 11-13 ==== 11-14 ==== 11-15 ==== 11-16 ==== 11-17 ==== 11-18 ==== 11-19 ==== 11-20 ==== 11-21 ==== 11-22 ==== 11-23 ==== 11-0 ==== 11-1 ==== 11-2 ==== 11-3 ==== 11-4 ==== 11-6 ==== 11-7 ==== 11-8 ==== 11-9 ==== 11-10 ==== 11-27 ==== 11-12 ==== 11-13 ==== 11-14 ==== 11-15 ==== 11-16 ==== 11-17 ==== 11-18 ==== 11-19 ==== 11-20 ==== 11-21 ==== 11-22 ==== 11-23 ==== 
12-0 ==== 12-1 ==== 12-2 ==== 12-3 ==== 12-4 ==== 12-5 ==== 12-6 ==== 12-7 ==== 12-8 ==== 12-9 ==== 12-10 ==== 12-11 ==== 12-0 ==== 12-1 ==== 12-2 ==== 12-3 ==== 12-4 ==== 12-5 ==== 12-6 ==== 12-7 ==== 12-8 ==== 12-9 ==== 12-10 ==== 12-11 ==== 
13-0 ==== 13-1 ==== 13-2 ==== 13-3 ==== 13-4 ==== 13-5 ==== 13-6 ==== 13-7 ==== 13-8 ==== 13-9 ==== 13-10 ==== 13-11 ==== 13-0 ==== 13-1 ==== 13-2 ==== 13-3 ==== 13-4 ==== 13-5 ==== 13-6 ==== 13-7 ==== 13-8 ==== 13-9 ==== 13-10 ==== 13-11 ==== 
14-0 ==== 14-1 ==== 14-2 ==== 14-3 ==== 14-4 ==== 14-5 ==== 14-6 ==== 14-7 ==== 14-8 ==== 14-9 ==== 14-10 ==== 14-11 ==== 14-0 ==== 14-1 ==== 14-2 ==== 14-3 ==== 14-4 ==== 14-5 ==== 14-6 ==== 14-7 ==== 14-8 ==== 14-9 ==== 14-10 ==== 14-11 ==== 
15-0 ==== 15-1 ==== 15-2 ==== 15-3 ==== 15-4 ==== 15-5 ==== 15-6 ==== 15-7 ==== 15-8 ==== 15-9 ==== 15-10 ==== 15-11 ==== 15-0 ==== 15-1 ==== 15-2 ==== 15-3 ==== 15-4 ==== 15-5 ==== 15-6 ==== 15-7 ==== 15-8 ==== 15-9 ==== 15-10 ==== 15-11 ==== 
16-0 ==== 16-1 ==== 16-2 ==== 16-3 ==== 16-4 ==== 16-5 ==== 16-6 ==== 16-7 ==== 16-8 ==== 16-9 ==== 16-10 ==== 16-11 ==== 16-0 ==== 16-1 ==== 16-2 ==== 16-3 ==== 16-4 ==== 16-5 ==== 16-6 ==== 16-7 ==== 16-8 ==== 16-9 ==== 16-10 ==== 16-11 ==== 
17-0 ==== 17-1 ==== 17-2 ==== 17-3 ==== 17-4 ==== 17-5 ==== 17-6 ==== 17-7 ==== 17-8 ==== 17-9 ==== 17-10 ==== 17-11 ==== 17-0 ==== 17-1 ==== 17-2 ==== 17-3 ==== 17-4 ==== 17-5 ==== 17-6 ==== 17-7 ==== 17-8 ==== 17-9 ==== 17-10 ==== 17-11 ==== 
18-0 ==== 18-1 ==== 18-2 ==== 18-3 ==== 18-4 ==== 18-5 ==== 18-6 ==== 18-7 ==== 18-8 ==== 18-9 ==== 18-10 ==== 18-11 ==== 18-0 ==== 18-1 ==== 18-2 ==== 18-3 ==== 18-4 ==== 18-5 ==== 18-6 ==== 18-7 ==== 18-8 ==== 18-9 ==== 18-10 ==== 18-11 ==== 
19-0 ==== 19-1 ==== 19-2 ==== 19-3 ==== 19-4 ==== 19-5 ==== 19-6 ==== 19-7 ==== 19-8 ==== 19-9 ==== 19-10 ==== 19-11 ==== 19-0 ==== 19-1 ==== 19-2 ==== 19-3 ==== 19-4 ==== 19-5 ==== 19-6 ==== 19-7 ==== 19-8 ==== 19-9 ==== 19-10 ==== 19-11 ==== 
20-0 ==== 20-1 ==== 20-2 ==== 20-3 ==== 20-4 ==== 20-5 ==== 20-6 ==== 20-7 ==== 20-8 ==== 20-9 ==== 20-10 ==== 20-11 ==== 20-0 ==== 20-1 ==== 20-2 ==== 20-3 ==== 20-4 ==== 20-5 ==== 20-6 ==== 20-7 ==== 20-8 ==== 20-9 ==== 20-10 ==== 20-11 ==== 
21-0 ==== 21-1 ==== 21-2 ==== 21-3 ==== 21-4 ==== 21-5 ==== 21-6 ==== 21-7 ==== 21-8 ==== 21-9 ==== 21-10 ==== 21-11 ==== 21-0 ==== 21-1 ==== 21-2 ==== 21-3 ==== 21-4 ==== 21-5 ==== 21-6 ==== 21-7 ==== 21-8 ==== 21-9 ==== 21-10 ==== 21-11 ==== 
22-0 ==== 22-1 ==== 22-2 ==== 22-3 ==== 22-4 ==== 22-5 ==== 22-6 ==== 22-7 ==== 22-8 ==== 22-9 ==== 22-10 ==== 22-11 ==== 22-0 ==== 22-1 ==== 22-2 ==== 22-3 ==== 22-4 ==== 22-5 ==== 22-6 ==== 22-7 ==== 22-8 ==== 22-9 ==== 22-10 ==== 22-11 ==== 
23-0 ==== 23-1 ==== 23-2 ==== 23-3 ==== 23-4 ==== 23-5 ==== 23-6 ==== 23-7 ==== 23-8 ==== 23-9 ==== 23-10 ==== 23-11 ==== 23-0 ==== 23-1 ==== 23-2 ==== 23-3 ==== 23-4 ==== 23-5 ==== 23-6 ==== 23-7 ==== 23-8 ==== 23-9 ==== 23-10 ==== 23-11 ==== 
24-26 ==== 24-0 ==== 24-1 ==== 24-2 ==== 24-3 ==== 24-4 ==== 24-5 ==== 
25-27 ==== 25-0 ==== 25-1 ==== 25-2 ==== 25-3 ==== 25-4 ==== 25-5 ==== 




Arc V Minus: 
