
NameOfInst: Instances/ghsarp/ghsarp-6-5-7.txt
RunningScen: 2MM
Instance Name: ghsarp-6-5-7
Instance type: ghsarp

n: 6
m: 5
K: 3
Dist Matrix: 
         0    11.9003    8.18589    9.25985    8.41306    3.86875    6.94493    7.16279    10.3788    8.90757    5.15341    11.1511      2.228    11.8929    6.64172    7.19147    9.24807    9.24807    9.24807          0          0          0 
   4.50351          0    13.5682    9.58801     13.264    7.21401     4.0204    11.0786    14.4703    13.6851    13.4519    4.19762    12.8772    16.6188    11.5109    16.6615    20.1232    20.1232    20.1232          0          0          0 
   4.32925    11.6914          0    10.1178    6.59339    1.60162    4.74691    9.03338    12.7108    7.11126     8.4044    9.76873    5.87568    14.5192    4.54533    8.37429     12.601     12.601     12.601          0          0          0 
   6.94665    6.78189    14.3682          0    14.4902    6.95934    7.21911     0.8544    4.64401    15.0067    4.17445    8.11305    6.45851    6.66132    12.5204    13.4537    12.4088    12.4088    12.4088          0          0          0 
   7.25336    15.1591    4.21753    14.2264          0    5.67313    7.45453    13.4391    17.1466     4.1949    12.6987    12.4133     9.6844    18.9647    2.55766    8.92121    15.3696    15.3696    15.3696          0          0          0 
   10.4921    18.2607   0.710211    16.7627   0.144222          0    10.7834    15.3797    18.8432   0.451221    13.6044    15.8756    10.0469    20.4214    2.12151    6.45204    14.0642    14.0642    14.0642          0          0          0 
  0.487032    7.74127    10.9156    7.53387    10.7468      3.372          0    8.01648    11.7233    11.2324    9.66499    5.11707    8.85695    13.8232    8.76924    13.0716     16.103     16.103     16.103          0          0          0 
   7.75961    6.84602    15.1436    3.10161    15.2788    7.81061    8.01648          0    3.79241    15.7938      4.245    8.56395    6.94602    5.82766    13.3222    14.0283    12.5117    12.5117    12.5117          0          0          0 
   11.4983    8.54115    18.5443    5.11852    18.7333    11.5659    11.7233    3.79241          0    19.2393    5.95134    11.3579    9.54002    2.14849    16.8423    16.6525    13.3072    13.3072    13.3072          0          0          0 
   10.9424    18.7115   0.820731    17.2012   0.520384    8.68074    11.2324    15.7938    19.2393          0    13.9577    16.3226    10.3743    20.8004    2.56632    6.47138    14.1967    14.1967    14.1967          0          0          0 
   9.25092    10.9563    13.1996    7.31519    13.4798    7.85478    9.66499      4.245    5.95134    13.9577          0    11.9551    3.71849    7.02664     11.782    10.7232    8.26939    8.26939    8.26939          0          0          0 
   5.47028        3.9    16.0273     6.2426    15.8441    8.25225    5.11707    8.56395    11.3579    16.3226    11.9551          0    12.5797    13.4651    13.8821    17.9046    19.6511    19.6511    19.6511          0          0          0 
   8.37542    12.7135    9.59308     9.5834    9.91615    6.01079    8.85695    6.94602    9.54002    10.3743    3.71849    12.5797          0    10.7423    8.36595     7.1531    7.25184    7.25184    7.25184          0          0          0 
   13.5815    10.4866    20.0743    7.22335    20.3048    13.4708    13.8232    5.82766    2.14849    20.8004    7.02664    13.4651    10.7423          0    18.4803      17.68    13.3647    13.3647    13.3647          0          0          0 
   8.45302     16.164    2.14672    14.6449    2.04978    6.11572    8.76924    13.3222    16.8423    2.56632     11.782    13.8821    8.36595    18.4803          0    6.39212    13.2421    13.2421    13.2421          0          0          0 
   12.6239    19.0622    5.74334    16.4085    6.31709    9.71796    13.0716    14.0283    16.6525    6.47138    10.7232    17.9046     7.1531      17.68    6.39212          0    8.04711    8.04711    8.04711          0          0          0 
   15.6197    19.1692    13.3959    15.5822    13.9205    13.1128     16.103    12.5117    13.3072    14.1967    8.26939    19.6511    7.25184    13.3647    13.2421    8.04711          0          0          0          0          0          0 
   15.6197    19.1692    13.3959    15.5822    13.9205    13.1128     16.103    12.5117    13.3072    14.1967    8.26939    19.6511    7.25184    13.3647    13.2421    8.04711          0          0          0          0          0          0 
   15.6197    19.1692    13.3959    15.5822    13.9205    13.1128     16.103    12.5117    13.3072    14.1967    8.26939    19.6511    7.25184    13.3647    13.2421    8.04711          0          0          0          0          0          0 
         0          0          0          0          0          0          0          0          0          0          0          0          0          0          0          0          0          0          0          0          0          0 
         0          0          0          0          0          0          0          0          0          0          0          0          0          0          0          0          0          0          0          0          0          0 
         0          0          0          0          0          0          0          0          0          0          0          0          0          0          0          0          0          0          0          0          0          0 

Profit vector: 
0: 6.921
1: 7.82877
2: 7.01113
3: 5.072
4: 5.41671
5: 7.93299
6: 6.98717
7: 8.5052
8: 4.52324
9: 4.87005
10: 11.6402
11: 0
12: 0
13: 0
14: 0
15: 0
16: 0
17: 0
18: 0
19: 0
20: 0
21: 0


Threads: 1
Version identifier: 12.10.0.0 | 2019-11-26 | 843d4de
CPXPARAM_Threads                                 1
CPXPARAM_TimeLimit                               7200
Tried aggregator 1 time.
MIP Presolve eliminated 221 rows and 89 columns.
MIP Presolve modified 438 coefficients.
Reduced MIP has 545 rows, 706 columns, and 4199 nonzeros.
Reduced MIP has 674 binaries, 0 generals, 0 SOSs, and 0 indicators.
Presolve time = 0.01 sec. (3.51 ticks)
Found incumbent of value 11.042929 after 0.02 sec. (7.59 ticks)
Probing time = 0.00 sec. (2.90 ticks)
Tried aggregator 2 times.
Detecting symmetries...
MIP Presolve eliminated 3 rows and 0 columns.
MIP Presolve modified 114 coefficients.
Aggregator did 3 substitutions.
Reduced MIP has 539 rows, 703 columns, and 4184 nonzeros.
Reduced MIP has 674 binaries, 0 generals, 0 SOSs, and 0 indicators.
Presolve time = 0.00 sec. (3.50 ticks)
Probing time = 0.00 sec. (2.80 ticks)
Clique table members: 2467.
MIP emphasis: balance optimality and feasibility.
MIP search method: dynamic search.
Parallel mode: none, using 1 thread.
Root relaxation solution time = 0.00 sec. (4.63 ticks)

        Nodes                                         Cuts/
   Node  Left     Objective  IInf  Best Integer    Best Bound    ItCnt     Gap

*     0+    0                           11.0429      347.7238              --- 
      0     0       49.4547    41       11.0429       49.4547      201  347.84%
      0     0       47.1539    41       11.0429      Cuts: 15      295  327.01%
      0     0       46.5773    41       11.0429      Cuts: 64      359  321.78%
      0     0       46.4974    41       11.0429      Cuts: 33      383  321.06%
      0     0       46.3169    41       11.0429      Cuts: 31      424  319.43%
      0     0       46.1069    41       11.0429      Cuts: 47      454  317.52%
      0     0       46.0053    41       11.0429      Cuts: 17      494  316.60%
      0     0       45.8463    41       11.0429      Cuts: 28      528  315.16%
      0     0       45.7644    41       11.0429      Cuts: 24      542  314.42%
      0     0       45.7007    41       11.0429       Cuts: 8      566  313.85%
      0     0       45.6580    41       11.0429      Cuts: 35      570  313.46%
      0     0       45.6505    41       11.0429      Cuts: 13      575  313.39%
*     0+    0                           26.1375       45.6505            74.66%
      0     0        cutoff             26.1375       45.6505      575   74.66%
      0     2       45.6505    70       26.1375       45.6505      575   74.66%
Elapsed time = 0.38 sec. (384.39 ticks, tree = 0.01 MB, solutions = 2)
    218   175       35.3353    23       26.1375       44.3763     7616   69.78%
    462   364       27.4333    17       26.1375       43.5084    13746   66.46%

Performing restart 1

Repeating presolve.
Tried aggregator 1 time.
MIP Presolve modified 390 coefficients.
Reduced MIP has 539 rows, 703 columns, and 4124 nonzeros.
Reduced MIP has 674 binaries, 0 generals, 0 SOSs, and 0 indicators.
Presolve time = 0.00 sec. (3.17 ticks)
Tried aggregator 1 time.
MIP Presolve modified 75 coefficients.
Reduced MIP has 539 rows, 703 columns, and 4124 nonzeros.
Reduced MIP has 674 binaries, 0 generals, 0 SOSs, and 0 indicators.
Presolve time = 0.00 sec. (3.86 ticks)
Represolve time = 0.02 sec. (17.53 ticks)
    511     0       45.0998    63       26.1375      Cuts: 35    15237   66.27%
    511     0       44.7152    63       26.1375      Cuts: 31    15307   66.27%
    511     0       44.2221    63       26.1375      Cuts: 29    15365   66.27%
    511     0       43.5110    63       26.1375      Cuts: 43    15437   66.27%
    511     0       43.1586    63       26.1375      Cuts: 36    15540   65.12%
    511     0       42.9537    63       26.1375      Cuts: 21    15654   64.34%
    511     0       42.8422    63       26.1375      Cuts: 41    15735   63.91%
    511     0       42.8205    63       26.1375      Cuts: 41    15779   63.83%
    511     0       42.8156    63       26.1375      Cuts: 12    15825   63.81%
    511     0       42.8156    63       26.1375      Cuts: 22    15890   63.81%
    511     2       42.8156    72       26.1375       42.8156    15890   63.81%
    518     9       41.6609    60       26.1375       42.8015    16708   63.75%
    526    17       40.3676    35       26.1375       42.8015    17553   63.75%
    544    32       41.6096    44       26.1375       42.7535    19083   63.57%
    614    95       32.4173    28       26.1375       42.1981    20189   61.45%
    682   156       37.2720    49       26.1375       41.8665    21196   60.18%
    784   220       30.4216    15       26.1375       41.6881    22695   59.50%
   1351   673       36.0170    35       26.1375       40.7310    29744   55.83%
Elapsed time = 2.96 sec. (4112.66 ticks, tree = 0.66 MB, solutions = 2)
   1878  1078       39.6151    43       26.1375       40.1286    39195   53.53%
   2431  1469       31.8242    48       26.1375       39.7456    49798   52.06%
   2874  1745       35.2894    26       26.1375       39.3651    60964   50.61%
   3461  2157       33.1424    16       26.1375       38.8989    73137   48.82%
   3968  2463       33.6838    21       26.1375       38.5316    84719   47.42%
   4486  2772       37.6620    23       26.1375       38.0899    96571   45.73%
   4899  2976        cutoff             26.1375       37.7887   108795   44.58%
   5300  3165       35.3484    43       26.1375       37.4443   118727   43.26%
   5674  3317       34.2937    37       26.1375       37.1740   127650   42.22%
   6096  3497       31.2006    36       26.1375       36.9690   136425   41.44%
Elapsed time = 9.40 sec. (13693.11 ticks, tree = 5.00 MB, solutions = 2)
*  6174  3488      integral     0       26.9322       36.9047   138469   37.03%
   6547  3590       33.3387    31       26.9322       36.6481   146472   36.08%
*  6672  2438      integral     0       31.3259       36.5454   149439   16.66%
   6923  2275        cutoff             31.3259       36.0310   154858   15.02%
   7368  1980        cutoff             31.3259       35.2786   165768   12.62%
   7930  1600        cutoff             31.3259       34.3926   177819    9.79%
   8584  1032        cutoff             31.3259       33.1656   190654    5.87%

GUB cover cuts applied:  19
Clique cuts applied:  4
Cover cuts applied:  8
Implied bound cuts applied:  5
Flow cuts applied:  5
Mixed integer rounding cuts applied:  38
Zero-half cuts applied:  9
Lift and project cuts applied:  3
Gomory fractional cuts applied:  8

Root node processing (before b&c):
  Real time             =    0.38 sec. (384.43 ticks)
Sequential b&c:
  Real time             =   12.93 sec. (19148.77 ticks)
                          ------------
Total (root+branch&cut) =   13.31 sec. (19533.20 ticks)

Sol status: Optimal
 Tree_Size: 9650
 Total Time: 13.3
 LB: 31.3259
 UB: 31.327

Obj Val: 31.3259248844251

Solve Time: 13.3
x(4, 14, 0)
x(9, 4, 0)
x(14, 19, 0)
x(16, 9, 0)
x(0, 12, 1)
x(1, 20, 1)
x(3, 6, 1)
x(6, 0, 1)
x(7, 3, 1)
x(11, 1, 1)
x(12, 11, 1)
x(17, 7, 1)
x(2, 5, 2)
x(5, 15, 2)
x(10, 2, 2)
x(15, 21, 2)
x(18, 10, 2)
b(0): 12.4
b(1): 18.7
b(2): 1.4
b(3): 11.6166666666667
b(4): 21.9833333333333
b(5): 2.6
b(6): 12.3047878416307
b(7): 11.4576842483613
b(8): 0
b(9): 21.8873076957744
b(10): 0.2016924228435
b(11): 13.1686726833001
b(12): 12.7785178370166
b(13): 0
b(14): 22.30552319019
b(15): 7.91666666666666
b(16): 14.3888565235234
b(17): 11.1525206747443
b(18): 0
b(19): 22.3888565235234
b(20): 19.1525206747443
b(21): 8


Customer profit: 40.1825969678217
Parcel profit: 32.0026270922137
Costs: 40.8592991756102

Number of Vehicles: 3

Solution: 
Vehicle 0: 16 - 9 - 4 - 14 - 19 - Total time: 7.91666666666666
Vehicle 1: 17 - 7 - 3 - 6 - 0 - 12 - 11 - 1 - 20 - Total time: 7.54747932525572
Vehicle 2: 18 - 10 - 2 - 5 - 15 - 21 - Total time: 7.91666666666666


Solution structure: 
Vehicle 0: S - P - d - D - f
Vehicle 1: S - P - d - P - d - D - D - d - f
Vehicle 2: S - P - d - d - D - f


size of n: 6

size of m: 5

*************


Served parcels: 4

Unserved parcels: 1

*************

Total time: 4.72069311596954

Total passenger time: 0.363019491667435

Total parcel time: 1.88487938530805

Total combined transportation time: 1.52455419116618

Total idle time: 0.94824004782788

*************

Total distance: 125.215084421418

Total passenger distance: 8.05046582503149

Total parcel distance: 49.9467214642966

Total combined transportation distance: 28.3400551711469

Total idle distance: 38.8778419609431

*************

Waiting time passenger: 6.97880861395964

Waiting time goods: 12.210997086994

Total waiting time: 19.1898057009536

NameOfInst: Instances/ghsarp/ghsarp-6-5-7.txt
RunningScen: BL2
Instance Name: ghsarp-6-5-7
Instance type: ghsarp

n: 6
m: 5
K: 3
Dist Matrix: 
         0    11.9003    8.18589    9.25985    8.41306    3.86875    6.94493    7.16279    10.3788    8.90757    5.15341    11.1511      2.228    11.8929    6.64172    7.19147    9.24807    9.24807    9.24807          0          0          0 
   4.50351          0    13.5682    9.58801     13.264    7.21401     4.0204    11.0786    14.4703    13.6851    13.4519    4.19762    12.8772    16.6188    11.5109    16.6615    20.1232    20.1232    20.1232          0          0          0 
   4.32925    11.6914          0    10.1178    6.59339    1.60162    4.74691    9.03338    12.7108    7.11126     8.4044    9.76873    5.87568    14.5192    4.54533    8.37429     12.601     12.601     12.601          0          0          0 
   6.94665    6.78189    14.3682          0    14.4902    6.95934    7.21911     0.8544    4.64401    15.0067    4.17445    8.11305    6.45851    6.66132    12.5204    13.4537    12.4088    12.4088    12.4088          0          0          0 
   7.25336    15.1591    4.21753    14.2264          0    5.67313    7.45453    13.4391    17.1466     4.1949    12.6987    12.4133     9.6844    18.9647    2.55766    8.92121    15.3696    15.3696    15.3696          0          0          0 
   10.4921    18.2607   0.710211    16.7627   0.144222          0    10.7834    15.3797    18.8432   0.451221    13.6044    15.8756    10.0469    20.4214    2.12151    6.45204    14.0642    14.0642    14.0642          0          0          0 
  0.487032    7.74127    10.9156    7.53387    10.7468      3.372          0    8.01648    11.7233    11.2324    9.66499    5.11707    8.85695    13.8232    8.76924    13.0716     16.103     16.103     16.103          0          0          0 
   7.75961    6.84602    15.1436    3.10161    15.2788    7.81061    8.01648          0    3.79241    15.7938      4.245    8.56395    6.94602    5.82766    13.3222    14.0283    12.5117    12.5117    12.5117          0          0          0 
   11.4983    8.54115    18.5443    5.11852    18.7333    11.5659    11.7233    3.79241          0    19.2393    5.95134    11.3579    9.54002    2.14849    16.8423    16.6525    13.3072    13.3072    13.3072          0          0          0 
   10.9424    18.7115   0.820731    17.2012   0.520384    8.68074    11.2324    15.7938    19.2393          0    13.9577    16.3226    10.3743    20.8004    2.56632    6.47138    14.1967    14.1967    14.1967          0          0          0 
   9.25092    10.9563    13.1996    7.31519    13.4798    7.85478    9.66499      4.245    5.95134    13.9577          0    11.9551    3.71849    7.02664     11.782    10.7232    8.26939    8.26939    8.26939          0          0          0 
   5.47028        3.9    16.0273     6.2426    15.8441    8.25225    5.11707    8.56395    11.3579    16.3226    11.9551          0    12.5797    13.4651    13.8821    17.9046    19.6511    19.6511    19.6511          0          0          0 
   8.37542    12.7135    9.59308     9.5834    9.91615    6.01079    8.85695    6.94602    9.54002    10.3743    3.71849    12.5797          0    10.7423    8.36595     7.1531    7.25184    7.25184    7.25184          0          0          0 
   13.5815    10.4866    20.0743    7.22335    20.3048    13.4708    13.8232    5.82766    2.14849    20.8004    7.02664    13.4651    10.7423          0    18.4803      17.68    13.3647    13.3647    13.3647          0          0          0 
   8.45302     16.164    2.14672    14.6449    2.04978    6.11572    8.76924    13.3222    16.8423    2.56632     11.782    13.8821    8.36595    18.4803          0    6.39212    13.2421    13.2421    13.2421          0          0          0 
   12.6239    19.0622    5.74334    16.4085    6.31709    9.71796    13.0716    14.0283    16.6525    6.47138    10.7232    17.9046     7.1531      17.68    6.39212          0    8.04711    8.04711    8.04711          0          0          0 
   15.6197    19.1692    13.3959    15.5822    13.9205    13.1128     16.103    12.5117    13.3072    14.1967    8.26939    19.6511    7.25184    13.3647    13.2421    8.04711          0          0          0          0          0          0 
   15.6197    19.1692    13.3959    15.5822    13.9205    13.1128     16.103    12.5117    13.3072    14.1967    8.26939    19.6511    7.25184    13.3647    13.2421    8.04711          0          0          0          0          0          0 
   15.6197    19.1692    13.3959    15.5822    13.9205    13.1128     16.103    12.5117    13.3072    14.1967    8.26939    19.6511    7.25184    13.3647    13.2421    8.04711          0          0          0          0          0          0 
         0          0          0          0          0          0          0          0          0          0          0          0          0          0          0          0          0          0          0          0          0          0 
         0          0          0          0          0          0          0          0          0          0          0          0          0          0          0          0          0          0          0          0          0          0 
         0          0          0          0          0          0          0          0          0          0          0          0          0          0          0          0          0          0          0          0          0          0 

Profit vector: 
0: 6.921
1: 7.82877
2: 7.01113
3: 5.072
4: 5.41671
5: 7.93299
6: 6.98717
7: 8.5052
8: 4.52324
9: 4.87005
10: 11.6402
11: 0
12: 0
13: 0
14: 0
15: 0
16: 0
17: 0
18: 0
19: 0
20: 0
21: 0


Threads: 1
Version identifier: 12.10.0.0 | 2019-11-26 | 843d4de
CPXPARAM_Threads                                 1
CPXPARAM_TimeLimit                               7200
Tried aggregator 1 time.
MIP Presolve eliminated 166 rows and 29 columns.
MIP Presolve modified 563 coefficients.
Reduced MIP has 440 rows, 586 columns, and 3284 nonzeros.
Reduced MIP has 554 binaries, 0 generals, 0 SOSs, and 0 indicators.
Presolve time = 0.00 sec. (2.73 ticks)
Found incumbent of value 8.001199 after 0.01 sec. (6.07 ticks)
Probing fixed 60 vars, tightened 0 bounds.
Probing time = 0.01 sec. (4.03 ticks)
Cover probing fixed 0 vars, tightened 25 bounds.
Tried aggregator 2 times.
MIP Presolve eliminated 58 rows and 65 columns.
MIP Presolve modified 289 coefficients.
Aggregator did 3 substitutions.
Reduced MIP has 379 rows, 518 columns, and 2749 nonzeros.
Reduced MIP has 494 binaries, 0 generals, 0 SOSs, and 0 indicators.
Presolve time = 0.00 sec. (2.53 ticks)
Probing time = 0.00 sec. (2.48 ticks)
Tried aggregator 1 time.
Detecting symmetries...
Reduced MIP has 379 rows, 518 columns, and 2749 nonzeros.
Reduced MIP has 494 binaries, 0 generals, 0 SOSs, and 0 indicators.
Presolve time = 0.00 sec. (1.79 ticks)
Probing time = 0.00 sec. (2.49 ticks)
Clique table members: 1816.
MIP emphasis: balance optimality and feasibility.
MIP search method: dynamic search.
Parallel mode: none, using 1 thread.
Root relaxation solution time = 0.00 sec. (1.86 ticks)

        Nodes                                         Cuts/
   Node  Left     Objective  IInf  Best Integer    Best Bound    ItCnt     Gap

*     0+    0                            8.0012       40.1826           402.21%
      0     0       18.9047    17        8.0012       18.9047      119  136.27%
      0     0       17.3800    17        8.0012      Cuts: 53      130  117.22%
      0     0       17.2896    17        8.0012      Cuts: 11      139  116.09%
      0     0       16.5572    17        8.0012       Cuts: 4      172  106.93%
      0     0       15.1977    17        8.0012      Cuts: 28      187   89.94%
      0     0       15.0919    17        8.0012      Cuts: 41      206   88.62%
      0     0       15.0364    17        8.0012      Cuts: 23      220   87.93%
      0     0       15.0267    17        8.0012      Cuts: 27      235   87.81%
      0     0       14.9908    17        8.0012      Cuts: 14      245   87.36%
      0     0       14.9908    17        8.0012       Cuts: 8      252   87.36%
      0     0       14.9908    17        8.0012      Cuts: 14      257   87.36%
      0     2       14.9908    33        8.0012       14.9908      257   87.36%
Elapsed time = 0.09 sec. (66.61 ticks, tree = 0.01 MB, solutions = 1)
*   100    22      integral     0       11.0429       13.8086     1757   25.04%

Clique cuts applied:  8
Implied bound cuts applied:  9
Flow cuts applied:  2
Mixed integer rounding cuts applied:  6
Zero-half cuts applied:  6
Lift and project cuts applied:  1
Gomory fractional cuts applied:  1

Root node processing (before b&c):
  Real time             =    0.09 sec. (66.55 ticks)
Sequential b&c:
  Real time             =    0.05 sec. (66.71 ticks)
                          ------------
Total (root+branch&cut) =    0.14 sec. (133.26 ticks)

Sol status: Optimal
 Tree_Size: 191
 Total Time: 0.15
 LB: 11.0429
 UB: 11.0429

Obj Val: 11.0429293073099

Solve Time: 0.15
x(4, 19, 0)
x(16, 4, 0)
x(2, 5, 1)
x(5, 20, 1)
x(17, 2, 1)
x(0, 1, 2)
x(1, 21, 2)
x(3, 0, 2)
x(18, 3, 2)
b(0): 12.4
b(1): 18.7
b(2): 1.4
b(3): 11.6166666666667
b(4): 21.9833333333333
b(5): 2.6
b(6): 0
b(7): 0
b(8): 0
b(9): 0
b(10): 0
b(11): 0
b(12): 24
b(13): 24
b(14): 0
b(15): 0
b(16): 14.2431413566258
b(17): 0
b(18): 11.0630194916674
b(19): 22.2431413566258
b(20): 8
b(21): 19.0630194916674


Customer profit: 40.1825969678217
Parcel profit: 0
Costs: 29.1396676605118

Number of Vehicles: 3

Solution: 
Vehicle 0: 16 - 4 - 19 - Total time: 7.74019197670749
Vehicle 1: 17 - 2 - 5 - 20 - Total time: 2.6
Vehicle 2: 18 - 3 - 0 - 1 - 21 - Total time: 7.63698050833255


Solution structure: 
Vehicle 0: S - d - f
Vehicle 1: S - d - d - f
Vehicle 2: S - d - d - d - f


size of n: 6

size of m: 5

*************


Served parcels: 0

Unserved parcels: 5

*************

Total time: 3.43262499038992

Total passenger time: 1.88757368283362

Total parcel time: 0

Total combined transportation time: 0

Total idle time: 1.5450513075563

*************

Total distance: 99.7376246059865

Total passenger distance: 36.3905209961784

Total parcel distance: 0

Total combined transportation distance: 0

Total idle distance: 63.3471036098082

*************

Waiting time passenger: 15.5348544210842

Waiting time goods: 0

Total waiting time: 15.5348544210842
