
NameOfInst: Instances_M2/sf_data/sfsarp-20-20-2.txt
RunningScen: 1A
Instance Name: sfsarp-20-20-2
Instance type: sf_data
K: 3
Service: 0.0833333
Dist Matrix: 
         0    3.98528     3.6372    2.12983    2.12362   0.208648    1.04154   0.483178    5.66444   0.268478    2.39164    3.01227    3.18583   0.762892   0.888988    2.19703      2.415    3.47348   0.397486    5.66582   0.462328    4.48702    3.28648  0.0700567    1.19248   0.255412    0.55041      1.751    2.91619   0.268478    2.36786   0.770558    3.26227   0.559848    1.09752    2.32999    1.87844    3.13334   0.434666     2.9338    2.61136   0.887748   0.256632    1.31146    0.92065   0.252546    0.28934    1.85323    19.2192   0.872849    1.38321    19.0834    5.08977    7.18789    7.02268    2.90047    1.66381    19.0834    5.14148    1.23779   0.638323    0.71246   0.950978    1.45986   0.703859   0.229036   0.884813    1.57965    19.8418   0.868223    2.34927    12.8383    7.10859    1.95471     3.4277   0.490927    1.67933    12.8383    5.17602   0.455597    4.27636    4.27636    4.27636          0          0          0 
   3.98528          0    5.69755    3.34799    5.64341    3.84593    2.95638    3.57706     1.9536    4.22677    6.01344      3.489    5.38999    3.22239    4.52733    5.69454    5.10751    1.49012    3.70996    5.26876    4.23151   0.547855    5.26459    3.93222     5.1698    3.76937    3.43994    3.90849    1.58684    4.22677    5.84506    3.86557    5.25671    4.35001     3.0925    5.73925    4.93165   0.878304     4.1103    3.86372    1.48322    4.63081    3.89281    5.27839    4.09923    4.02979    3.95666    4.95419    15.7363    4.65277     5.1536    15.6268    4.75292    4.07435     3.7528    5.19086    3.38186    15.6268    1.28248    2.89409    4.43421    4.51781    3.46761    5.44442    3.93331    3.94711    3.60661    4.58797    16.3034      4.643    5.76149    9.50364     6.8036    2.10299   0.698502    4.33137    3.26449    9.50364    1.31433    3.60354    2.57687    2.57687    2.57687          0          0          0 
    3.6372    5.69755          0    2.41016     2.2879    3.50576    3.76502    3.47051     6.4357    3.49669    2.50165    2.28629   0.451516    3.80357    4.36166     2.2413    1.26744    6.10572    3.41029    3.29536    4.02024    5.95344   0.439026    3.59871    3.84576    3.53826    3.80677    2.11571    4.11095    3.49669    2.19606    2.93144   0.451793    3.17063     3.3438    2.07467    1.84867    4.93039    4.04749    1.87064    4.35368    4.27184    3.88428    3.47128    4.55204    3.88169    3.35771     1.8942    21.4034    4.22434    4.50357    21.3011    2.95999    9.69657    9.41358   0.736735    5.18133    21.3011    6.96419    3.48284    4.09079    4.11684    4.47008    3.70746    4.34042    3.86555    2.98859    2.07091    21.9502    4.22784    2.07825    15.2012     4.2272    4.62788    5.53679    3.97651    5.15708    15.2012    6.99375    3.47224    7.25531    7.25531    7.25531          0          0          0 
   2.12983    3.34799    2.41016          0    2.60252    1.92481    1.65448    1.71205    4.42551    2.17486    2.99212   0.882965    2.05967    1.83369    3.01881    2.63031    1.79447    3.70593    1.74498    3.55622    2.59147    3.67143    1.97117    2.06283    3.04151    1.90323    1.95577   0.701866    1.77878    2.17486    2.74596    1.41962    1.95883    2.01354    1.24724    2.61442    1.77154     2.5395    2.54452    0.88928    1.94903    3.00884    2.28428    2.88626    2.94946    2.36198    1.87184    1.81211    19.0843    2.98643    3.46314    18.9744    2.97177    7.29346    7.01951    1.84573     3.1951    18.9744    4.62927    1.29326    2.76254    2.83017     2.5898    3.13786    2.69335     2.2999    1.24561    1.51072      19.65    2.98346    2.63529    12.8332    5.04531    2.30027    3.13201    2.61525    3.13465    12.8332    4.66055    1.73145    4.88513    4.88513    4.88513          0          0          0 
   2.12362    5.64341     2.2879    2.60252          0    2.11794    2.85063    2.27498    6.98693    1.87482   0.389832    3.19705    1.91826    2.70019    2.50222  0.0767028    1.18813    5.46492    2.15048    5.29768    2.30873    6.06581    2.16114    2.12742    1.73889    2.18804    2.56881    1.90216    4.22031    1.87482   0.244748    1.82309    2.13581    1.56658    2.58393   0.254342    0.84795     4.7672    2.39207     2.8625    4.16097    2.37173    2.36676    1.32041    2.86518     2.2911    1.95173   0.799732    21.2111    2.31583     2.4262    21.0835    4.82905    9.21025    9.01166    1.71982    3.77423    21.0835    6.89782    2.78399    2.27936    2.26729    3.07326    1.50971    2.73936    2.32224    2.06069    1.10224    21.8151    2.32323   0.264845    14.8576    6.44382    3.87735    5.22169    2.22118     3.7984    14.8576    6.93159    2.25787    6.37254    6.37254    6.37254          0          0          0 
  0.208648    3.84593    3.50576    1.92481    2.11794          0   0.889905   0.289321    5.49463   0.383454    2.41095    2.80764    3.05549   0.639467    1.09487    2.18886    2.30532    3.40308   0.189403      5.466    0.66692    4.33932    3.14319   0.139276    1.36014  0.0784218   0.460564    1.56941    2.73222   0.383454    2.35966   0.595731     3.1195   0.564969   0.899154    2.30946    1.79058    2.98547   0.625037    2.73723    2.44803    1.09639   0.391349    1.43291    1.08378   0.440451   0.169364    1.77088    19.1593    1.08127    1.58931    19.0259    4.88832    7.13387    6.95761    2.76984    1.72625    19.0259    5.02168    1.04948   0.846916   0.921006    1.00171    1.60429   0.847604   0.389655   0.681898    1.47084    19.7769    1.07674    2.32965    12.7856    6.91589    1.85333    3.30783   0.699565     1.7279    12.7856    5.05618   0.260951    4.25634    4.25634    4.25634          0          0          0 
   1.04154    2.95638    3.76502    1.65448    2.85063   0.889905          0   0.624548    4.62663    1.27208    3.18519    2.47739    3.33696   0.304114    1.75328     2.9141    2.71923    2.61611   0.759038    5.15142    1.37091    3.45005    3.35237   0.983345    2.23402   0.813964   0.528979    1.65201    1.91044    1.27208    3.07991     1.0361    3.33261    1.40748   0.429868    3.00318    2.32179    2.09603     1.2667    2.54358    1.57116    1.81434    1.00538    2.32201    1.48591    1.13757    1.00404    2.32169    18.3621    1.81978    2.34556    18.2336    4.55733    6.36168    6.16123    3.06287    1.54065    18.2336    4.14256   0.371049    1.58077    1.66549   0.980698    2.49252    1.24049    1.05254   0.842379    1.96011    18.9696    1.81197    3.02489    12.0072    6.67482    1.02675    2.43151    1.45254    1.48155    12.0072      4.177   0.649974    3.59783    3.59783    3.59783          0          0          0 
  0.483178    3.57706    3.47051    1.71205    2.27498   0.289321   0.624548          0    5.20811   0.667968    2.59223    2.59284    3.02494   0.425214    1.33785    2.34227    2.31764    3.19957   0.134742    5.26698   0.912966    4.06436    3.08786   0.414363    1.64838   0.227828   0.339618    1.44523    2.44293   0.667968    2.51128   0.549238    3.06534   0.784217   0.614348    2.44714    1.84571    2.71158   0.845646     2.5555    2.16539    1.35696    0.57623    1.70373    1.24072   0.670946   0.379902    1.83464    18.9566    1.34731    1.86378    18.8257    4.68376    6.94137    6.75342    2.74094    1.71202    18.8257    4.76703   0.760175    1.10788    1.18644    1.00105    1.88517    0.98695   0.598961   0.513499     1.5008     19.569    1.34183    2.46822    12.5918    6.73862    1.62592    3.05545   0.963164    1.69396    12.5918    4.80147  0.0283786    4.10818    4.10818    4.10818          0          0          0 
   5.66444     1.9536     6.4357    4.42551    6.98693    5.49463    4.62663    5.20811          0    5.87607    7.37476    4.16589    6.24049    4.92147    6.32165    7.02391    6.19891    3.38078    5.33151    4.90741    5.98066    1.42252     6.0454     5.6029    6.85387    5.42394    5.14814    5.10373    2.80253    5.87607    7.15244    5.36483    6.04581    5.92791     4.6376    7.02675    6.18367    2.60875    5.86674    4.58959    3.05641    6.40787    5.62206    6.88984    5.93426    5.75747    5.57301    6.21948    15.1706    6.42174    6.94028     15.091    4.54879    4.55193    4.13869    6.11226    5.30404     15.091    1.86476    4.45869     6.1897     6.2748    5.30304    7.08888    5.74153    5.67244    5.09839    5.88557    15.6686    6.41289    7.04817    9.24808    6.23791    3.94589     2.6512    6.07052    5.18656    9.24808    1.86074    5.23629    4.25187    4.25187    4.25187          0          0          0 
  0.268478    4.22677    3.49669    2.17486    1.87482   0.383454    1.27208   0.667968    5.87607          0    2.13146     3.0494     3.0456    1.01015   0.901748    1.94924    2.25234    3.74099    0.54796    5.67154   0.523714    4.72205    3.16504   0.302627   0.982392   0.458164   0.808455    1.71781    3.10696          0    2.11953   0.760152    3.14012   0.338218    1.26252    2.08864    1.69601    3.36808   0.559917    2.93387    2.83123   0.855158   0.492818    1.05547    1.06662   0.422615   0.324412    1.66532    19.4876   0.824265    1.28874    19.3519    5.10387    7.45636    7.29087    2.76211    1.90043    19.3519    5.39499    1.42413   0.626202   0.677764    1.20071    1.22095   0.888755   0.447424   0.944593    1.42607    20.1101   0.822986    2.10731    13.1067    7.08586     2.2146    3.68081   0.491987    1.92368    13.1067    5.42951   0.639782    4.54145    4.54145    4.54145          0          0          0 
   2.39164    6.01344    2.50165    2.99212   0.389832    2.41095    3.18519    2.59223    7.37476    2.13146          0    3.57486    2.17215    3.01582    2.65866   0.367293     1.5121    5.79127    2.46332    5.60794    2.51951    6.44225    2.43062    2.40404    1.81859    2.48451    2.86905    2.29195    4.60393    2.13146   0.316479    2.17089    2.40639    1.84804    2.94002   0.457984    1.23236    5.13606    2.61444     3.2315    4.53259    2.51859    2.62299    1.40042    3.06208    2.53396    2.24967    1.18604    21.5461    2.46186    2.49153    21.4164    5.15561    9.53352    9.34358    2.00536    4.01314    21.4164    7.26217    3.14056     2.4612    2.43688    3.33039    1.53476    2.96239    2.57466    2.41733    1.49141    22.1548    2.47042   0.446473     15.184     6.7051    4.20975    5.57789    2.42323     4.0462     15.184    7.29607    2.57306    6.66412    6.66412    6.66412          0          0          0 
   3.01227      3.489    2.28629   0.882965    3.19705    2.80764    2.47739    2.59284    4.16589     3.0494    3.57486          0     2.0754    2.68683    3.90123    3.20791    2.16139    4.16286    2.62791    2.68368    3.47413    3.69378    1.88238     2.9455    3.88418     2.7861     2.8246    1.43077    1.93342     3.0494    3.29165    2.29025     1.8817    2.86784     2.0964    3.14913    2.35132    2.80966    3.42741   0.423853    2.31177    3.88904    3.16638    3.69319    3.82698    3.24494    2.75141    2.40259    19.1338    3.86547    4.33516    19.0351    2.09474    7.54997    7.23974    1.96442    4.00733    19.0351    4.72749    2.10679    3.64359    3.71015    3.44012    3.95096    3.57021     3.1826    2.12762     2.1845    19.6738    3.86276    3.16749    12.9698    4.19754    2.94786    3.44761    3.49651    3.93704    12.9698     4.7555     2.6128    5.39825    5.39825    5.39825          0          0          0 
   3.18583    5.38999   0.451516    2.05967    1.91826    3.05549    3.33696    3.02494    6.24049     3.0456    2.17215     2.0754          0    3.36488    3.91294    1.87981   0.828878    5.72527     2.9623    3.48205    3.56921    5.67469   0.277031     3.1476    3.41573    3.08881    3.36218    1.69628    3.80542     3.0456    1.85806    2.48367   0.258389     2.7203    2.92003    1.72603    1.40877    4.59782    3.59602    1.65156    4.00834    3.82483    3.43323    3.05007    4.10052    3.43018    2.90672    1.45647    21.1188    3.77784    4.06681    21.0126    3.08449    9.35188    9.07915   0.285664    4.73667    21.0126    6.66569    3.06636    3.64145    3.66852    4.02332    3.29164    3.88915    3.41424    2.54837    1.62014    21.6749    3.78117    1.73291    14.8877    4.53382    4.22323    5.19073    3.52622    4.71437    14.8877     6.6961    3.02606     6.8561     6.8561     6.8561          0          0          0 
  0.762892    3.22239    3.80357    1.83369    2.70019   0.639467   0.304114   0.425214    4.92147    1.01015    3.01582    2.68683    3.36488          0    1.44958    2.76744    2.69455    2.77796   0.552537    5.36959    1.06794     3.7255    3.40498   0.711147    1.95117   0.561052   0.227031     1.7181    2.21448    1.01015    2.93637   0.940848    3.38374     1.1913    0.59044    2.87124    2.24892    2.37245   0.962705    2.71472    1.86506    1.51039   0.703452    2.06562    1.19999   0.837169   0.779317    2.24144    18.5359    1.51635    2.04194    18.4043    4.77817     6.5178    6.33272    3.08441    1.40133    18.4043    4.38503   0.621166    1.27792    1.36279   0.756113    2.22246   0.949208   0.752034   0.817164    1.89604      19.15    1.50844     2.8924    12.1687    6.87665    1.21499    2.67087    1.15169    1.36256    12.1687    4.41955   0.442988    3.68635    3.68635    3.68635          0          0          0 
  0.888988    4.52733    4.36166    3.01881    2.50222    1.09487    1.75328    1.33785    6.32165   0.901748    2.65866    3.90123    3.91294    1.44958          0    2.57882    3.10107    3.74589    1.27911    6.55052   0.428209    5.05692    4.04753   0.956232   0.918395    1.12407    1.23026    2.61285    3.66144   0.901748     2.7381    1.63876    4.02218    1.19952    1.93358    2.74569    2.52665    3.72725   0.498145    3.81524    3.27904   0.151258   0.773176    1.28518   0.501035   0.666946    1.15784    2.48798    19.3417   0.205146   0.626386    19.1958    5.97651    7.32587    7.20962    3.63277    1.52879    19.1958    5.58388    2.03791   0.276333   0.246505     1.0773    1.26579   0.595983   0.741108    1.77366    2.29665    19.9856   0.194923    2.76063    12.9416    7.98071    2.42485    3.90179   0.413482    1.60316    12.9416    5.61812    1.31353    4.31478    4.31478    4.31478          0          0          0 
   2.19703    5.69454     2.2413    2.63031  0.0767028    2.18886     2.9141    2.34227    7.02391    1.94924   0.367293    3.20791    1.87981    2.76744    2.57882          0    1.16913    5.52928    2.21861    5.27711    2.38501    6.11343    2.12702    2.20007    1.81238    2.25847    2.63847    1.93175    4.26286    1.94924   0.171001    1.88417    2.10193    1.63933    2.64167   0.184507   0.865878    4.81904    2.46797    2.86691    4.21164    2.44817    2.44091    1.39319    2.94166    2.36611    2.02219   0.820604    21.2728    2.39226    2.49949    21.1458    4.81397    9.27483    9.07448    1.68933    3.84903    21.1458    6.95129    2.84143    2.35605    2.34398    3.14705    1.57887    2.81513    2.39666    2.11874    1.13848    21.8758    2.39968   0.192399    14.9213    6.40982    3.94083     5.2784    2.29766    3.87265    14.9213      6.985    2.32552     6.4423     6.4423     6.4423          0          0          0 
     2.415    5.10751    1.26744    1.79447    1.18813    2.30532    2.71923    2.31764    6.19891    2.25234     1.5121    2.16139   0.828878    2.69455    3.10107    1.16913          0    5.24158    2.23682    4.10955    2.77334    5.45743    1.02188    2.38368    2.58739    2.34793    2.65704    1.20729    3.56345    2.25234    1.20098    1.76843   0.995534    1.91984    2.33199    1.05594   0.581268    4.26506    2.80961    1.77813    3.65423    3.00758     2.6683    2.22646    3.31662    2.65159    2.14714   0.627799     20.829    2.95936    3.23834     20.714    3.64549    8.94282    8.69746   0.571864    4.01999     20.714    6.38939    2.50498    2.83262    2.85538    3.29727    2.47184    3.11764    2.64392    1.88683   0.835885    21.4054     2.9631    1.06993    14.5398    5.27991    3.68103     4.8114    2.72327    4.00907    14.5398    6.42154    2.31416    6.30626    6.30626    6.30626          0          0          0 
   3.47348    1.49012    6.10572    3.70593    5.46492    3.40308    2.61611    3.19957    3.38078    3.74099    5.79127    4.16286    5.72527    2.77796    3.74589    5.52928    5.24158          0    3.32995    6.38654    3.56521    1.96735    5.66835    3.44127    4.55151    3.32595     2.9437    4.06108    2.32238    3.74099    5.69565    3.65125    5.65418    3.96538    2.93486    5.61908    4.91169    1.47589    3.44051    4.44966    1.85367    3.87787    3.29858    4.76859    3.25724    3.42416    3.55424    4.91747     15.758    3.91451       4.35    15.6264    5.82488    3.74565    3.55505    5.47893    2.32546    15.6264    1.98589    2.74765    3.73861    3.81283    2.68579    4.87362    3.16911    3.35459    3.43904    4.54818    16.3738    3.90359    5.64082    9.39334    7.95933    1.59093   0.911162    3.67577    2.21911    9.39334     2.0171    3.21944    1.25876    1.25876    1.25876          0          0          0 
  0.397486    3.70996    3.41029    1.74498    2.15048   0.189403   0.759038   0.134742    5.33151    0.54796    2.46332    2.62791     2.9623   0.552537    1.27911    2.21861    2.23682    3.32995          0    5.29239   0.850933    4.19553    3.03603     0.3276    1.53035   0.158752   0.432766    1.42369      2.559    0.54796    2.38818   0.478892    3.01297   0.649503   0.716751     2.3272    1.74855    2.84332   0.799589      2.569    2.29318    1.28472   0.545581    1.57295    1.23281   0.617171   0.246825    1.73461    19.0876    1.27033    1.77858    18.9563    4.71264    7.07034    6.88435    2.67726    1.78355    18.9563    4.90159   0.876368    1.03508    1.10992    1.06302    1.75866   0.986106   0.556049   0.510397    1.41116    19.7007    1.26569    2.34809    12.7212    6.75085    1.75911    3.19014   0.887987    1.77298    12.7212    4.93603   0.111324    4.22683    4.22683    4.22683          0          0          0 
   5.66582    5.26876    3.29536    3.55622    5.29768      5.466    5.15142    5.26698    4.90741    5.67154    5.60794    2.68368    3.48205    5.36959    6.55052    5.27711    4.10955    6.38654    5.29239          0    6.12764    5.20873    3.20745    5.60138    6.41174    5.45114    5.50772    3.96406    4.08296    5.67154    5.29186    4.91518    3.22906    5.44618    4.77936    5.15037    4.55816    4.91221    6.09035    2.73767    4.61537    6.52442    5.83589    6.14857    6.50564    5.90621    5.39281    4.61544     19.984    6.49564    6.93523    19.9178   0.596176    9.19992    8.82424    3.60665    6.66499    19.9178    6.24622    4.78044     6.2848    6.34561    6.12123    6.41023    6.24956    5.84842    4.78444    4.54506    20.4449    6.49409    5.16147    14.1549    1.57919    5.48243    5.52409    6.13972    6.58763    14.1549    6.26385    5.28563    7.64255    7.64255    7.64255          0          0          0 
  0.462328    4.23151    4.02024    2.59147    2.30873    0.66692    1.37091   0.912966    5.98066   0.523714    2.51951    3.47413    3.56921    1.06794   0.428209    2.38501    2.77334    3.56521   0.850933    6.12764          0    4.75074    3.68797   0.528643   0.986302   0.696381   0.841929     2.2022    3.28018   0.523714    2.55179    1.22307    3.66312   0.853717    1.51589    2.53844    2.21179    3.40647   0.125268    3.39443     2.9264   0.449538   0.366557    1.24574   0.561779   0.244085   0.738999    2.17868    19.2518   0.449559   0.975593    19.1107    5.55201    7.22036    7.08086     3.2858     1.5061    19.1107    5.33467    1.63106   0.210009   0.295011   0.890765    1.31374   0.448691    0.32477    1.34699    1.94943    19.8857   0.442194    2.55556    12.8583    7.56603    2.14428    3.63253   0.111324    1.55279    12.8583    5.36913   0.887997    4.24713    4.24713    4.24713          0          0          0 
   4.48702   0.547855    5.95344    3.67143    6.06581    4.33932    3.45005    4.06436    1.42252    4.72205    6.44225    3.69378    5.67469     3.7255    5.05692    6.11343    5.45743    1.96735    4.19553    5.20873    4.75074          0    5.52834    4.43161    5.67651    4.26389    3.94653    4.27574    1.89416    4.72205    6.25886    4.31908    5.52273     4.8276    3.55209     6.1472    5.32489    1.35405    4.63086     4.0915    1.92109    5.15702    4.40641    5.76809     4.6361    4.54347    4.44224    5.35126      15.45    5.17731    5.68262    15.3478    4.72871    4.00612    3.64861    5.49368    3.92967    15.3478    1.06333    3.35722    4.95537    5.03948    4.00352    5.94254    4.46466    4.45996    4.05592    4.99121    16.0009    5.16772    6.16934    9.28104    6.70338    2.63646    1.24283     4.8486    3.81228    9.28104     1.0868    4.09145    2.94008    2.94008    2.94008          0          0          0 
   3.28648    5.26459   0.439026    1.97117    2.16114    3.14319    3.35237    3.08786     6.0454    3.16504    2.43062    1.88238   0.277031    3.40498    4.04753    2.12702    1.02188    5.66835    3.03603    3.20745    3.68797    5.52834          0    3.24366    3.59806    3.17038    3.42055    1.70036    3.67775    3.16504    2.11504    2.55812  0.0263887     2.8487    2.92782    1.97978    1.58584    4.49287    3.70624    1.46099    3.91494    3.96707    3.52787    3.24585    4.20625      3.535    3.00197    1.63748    20.9781    3.92212    4.23572    20.8747    2.80747    9.25824    8.97635   0.450814    4.79303    20.8747    6.53376    3.06083    3.77332    3.80559    4.08891    3.49298    3.98596     3.5129    2.59503    1.75236     21.528    3.92479     1.9879     14.768    4.28293    4.19799    5.09812    3.65216    4.76417     14.768    6.56355    3.09147     6.8223     6.8223     6.8223          0          0          0 
 0.0700567    3.93222    3.59871    2.06283    2.12742   0.139276   0.983345   0.414363     5.6029   0.302627    2.40404     2.9455     3.1476   0.711147   0.956232    2.20007    2.38368    3.44127     0.3276    5.60138   0.528643    4.43161    3.24366          0     1.2519   0.186575   0.505878     1.6936    2.85073   0.302627    2.37105   0.714386    3.21962   0.560852    1.02854    2.32901    1.85416    3.07765   0.493176    2.87069    2.55124   0.957301   0.285704    1.35619    0.96806   0.308724   0.241687     1.8308    19.1913   0.942779    1.45317    19.0563    5.02458    7.16154    6.99278    2.86204    1.67436    19.0563    5.09438     1.1709   0.707757    0.78232   0.955387    1.51222   0.742498   0.270232   0.818607     1.5478    19.8123   0.938102    2.34861    12.8127    7.04726    1.91206    3.38027     0.5605    1.68504    12.8127    5.12891   0.386599    4.26062    4.26062    4.26062          0          0          0 
   1.19248     5.1698    3.84576    3.04151    1.73889    1.36014    2.23402    1.64838    6.85387   0.982392    1.81859    3.88418    3.41573    1.95117   0.918395    1.81238    2.58739    4.55151    1.53035    6.41174   0.986302    5.67651    3.59806     1.2519          0    1.42998    1.73039     2.4712    4.08934   0.982392    1.95418    1.64456    3.57174    1.03225     2.2436     1.9928    2.01254    4.32362    1.11106    3.70196    3.80314   0.767259    1.28428   0.421513    1.39972    1.14917    1.29918    1.96196    20.2232   0.713799   0.687491    20.0801    5.86753    8.19572    8.06261    3.15467    2.42744    20.0801    6.30272    2.40641   0.824219   0.761131    1.87274   0.347706    1.40312    1.22859    1.87804    1.89965    20.8609   0.724398    2.00371    13.8264     7.7464    3.10742    4.59354   0.875825     2.4916    13.8264    6.33723    1.62005    5.20431    5.20431    5.20431          0          0          0 
  0.255412    3.76937    3.53826    1.90323    2.18804  0.0784218   0.813964   0.227828    5.42394   0.458164    2.48451     2.7861    3.08881   0.561052    1.12407    2.25847    2.34793    3.32595   0.158752    5.45114   0.696381    4.26389    3.17038   0.186575    1.42998          0    0.38499     1.5754    2.66638   0.458164    2.42912   0.614013    3.14697   0.640615   0.842126    2.37671    1.84167    2.90992   0.641316    2.72733    2.37532    1.13518   0.387746    1.51004    1.07757   0.459738   0.236308    1.82373    19.0826    1.12341    1.63741    18.9494    4.87133    7.05786    6.88065     2.8033    1.67598    18.9494    4.94365    0.98525   0.885551   0.962562   0.951369    1.67897   0.833847   0.397308   0.668636    1.51565    19.6998    1.11827    2.39706    12.7096    6.90882    1.77496    3.22974   0.739531    1.67359    12.7096    4.97816   0.200185    4.18497    4.18497    4.18497          0          0          0 
   0.55041    3.43994    3.80677    1.95577    2.56881   0.460564   0.528979   0.339618    5.14814   0.808455    2.86905     2.8246    3.36218   0.227031    1.23026    2.63847    2.65704     2.9437   0.432766    5.50772   0.841929    3.94653    3.42055   0.505878    1.73039    0.38499          0    1.76061    2.43878   0.808455     2.8088   0.888765    3.39831    1.02535   0.744463    2.75255    2.17944    2.59449   0.739051    2.82327    2.09178    1.28623   0.476678      1.861    1.01644   0.610138   0.619475    2.16648     18.699    1.29091     1.8168    18.5655    4.91927     6.6733    6.49777    3.07859    1.37459    18.5655    4.59108   0.815671     1.0518    1.13655   0.672559    2.00868   0.760206   0.525003   0.830324    1.83795    19.3172    1.28316    2.77318    12.3251    6.99984    1.40619    2.87734   0.924704    1.35458    12.3251    4.62561   0.343345    3.80383    3.80383    3.80383          0          0          0 
     1.751    3.90849    2.11571   0.701866    1.90216    1.56941    1.65201    1.44523    5.10373    1.71781    2.29195    1.43077    1.69628     1.7181    2.61285    1.93175    1.20729    4.06108    1.42369    3.96406     2.2022    4.27574    1.70036     1.6936     2.4712     1.5754    1.76061          0    2.38819    1.71781    2.05204   0.980579    1.68066    1.48235    1.22834    1.92378    1.08012     3.0598    2.18555    1.23375    2.44796    2.57292    1.95935    2.26322    2.65188    2.00196    1.46463    1.11739    19.6226    2.54071    2.97117    19.5071    3.40638    7.74269    7.49285    1.43182    3.11725    19.5071    5.18888    1.37008    2.34055    2.39549    2.43298    2.52185    2.40902    1.95868   0.932804    0.80913    20.2006     2.5399    1.94505    13.3332    5.36847    2.53155    3.60462    2.19937    3.08065    13.3332    5.22131     1.4547    5.16622    5.16622    5.16622          0          0          0 
   2.91619    1.58684    4.11095    1.77878    4.22031    2.73222    1.91044    2.44293    2.80253    3.10696    4.60393    1.93342    3.80542    2.21448    3.66144    4.26286    3.56345    2.32238      2.559    4.08296    3.28018    1.89416    3.67775    2.85073    4.08934    2.66638    2.43878    2.38819          0    3.10696    4.40116    2.56271    3.66988    3.13352    1.84999    4.28341    3.45051   0.886355    3.17714    2.28857   0.564193    3.72476    2.91385    4.09754     3.3499    3.04359    2.79413    3.48018     17.315    3.72954    4.25552    17.2077    3.51165    5.62069    5.31847    3.61202    3.01086    17.2077    2.86031    1.68318    3.48969    3.57408    2.75534    4.30516    3.12217    2.95907    2.29647    3.12858     17.876    3.72187    4.30534    11.0904     5.6611    1.59958    1.52843    3.35821    2.90476    11.0904    2.89082     2.4713    3.58079    3.58079    3.58079          0          0          0 
  0.268478    4.22677    3.49669    2.17486    1.87482   0.383454    1.27208   0.667968    5.87607          0    2.13146     3.0494     3.0456    1.01015   0.901748    1.94924    2.25234    3.74099    0.54796    5.67154   0.523714    4.72205    3.16504   0.302627   0.982392   0.458164   0.808455    1.71781    3.10696          0    2.11953   0.760152    3.14012   0.338218    1.26252    2.08864    1.69601    3.36808   0.559917    2.93387    2.83123   0.855158   0.492818    1.05547    1.06662   0.422615   0.324412    1.66532    19.4876   0.824265    1.28874    19.3519    5.10387    7.45636    7.29087    2.76211    1.90043    19.3519    5.39499    1.42413   0.626202   0.677764    1.20071    1.22095   0.888755   0.447424   0.944593    1.42607    20.1101   0.822986    2.10731    13.1067    7.08586     2.2146    3.68081   0.491987    1.92368    13.1067    5.42951   0.639782    4.54145    4.54145    4.54145          0          0          0 
   2.36786    5.84506    2.19606    2.74596   0.244748    2.35966    3.07991    2.51128    7.15244    2.11953   0.316479    3.29165    1.85806    2.93637     2.7381   0.171001    1.20098    5.69565    2.38818    5.29186    2.55179    6.25886    2.11504    2.37105    1.95418    2.42912     2.8088    2.05204    4.40116    2.11953          0    2.04805     2.0907     1.8103    2.80154   0.145527   0.974465    4.97072    2.63604    2.93858    4.36186    2.60559     2.6114    1.53312    3.10727    2.53581    2.19287   0.934728    21.4363    2.54943    2.63961    21.3098    4.84159    9.44129    9.23921    1.68888    4.01898    21.3098    7.10486    3.00086    2.51904    2.50509    3.31774    1.70563     2.9835    2.56695    2.27924    1.27265     22.038    2.55708   0.131196    15.0869    6.39173     4.1065    5.43637    2.46332    4.04308    15.0869    7.13848    2.49478    6.61261    6.61261    6.61261          0          0          0 
  0.770558    3.86557    2.93144    1.41962    1.82309   0.595731     1.0361   0.549238    5.36483   0.760152    2.17089    2.29025    2.48367   0.940848    1.63876    1.88417    1.76843    3.65125   0.478892    4.91518    1.22307    4.31908    2.55812   0.714386    1.64456   0.614013   0.888765   0.980579    2.56271   0.760152    2.04805          0    2.53492   0.614406   0.774207    1.96795    1.30813    2.98756     1.2052    2.17805    2.39805    1.60941   0.987004    1.56002    1.67891    1.02203    0.48438    1.30153    19.3887    1.58182    2.04512    19.2618    4.34529    7.39633    7.19125    2.19877    2.25768    19.2618    5.09939   0.974255    1.37014     1.4305     1.5402    1.79056    1.44289   0.981999   0.266698   0.956252     19.992     1.5799    1.98975    13.0397    6.34332    2.06057    3.40788     1.2261    2.24238    13.0397    5.13347   0.546571    4.61678    4.61678    4.61678          0          0          0 
   3.26227    5.25671   0.451793    1.95883    2.13581     3.1195    3.33261    3.06534    6.04581    3.14012    2.40639     1.8817   0.258389    3.38374    4.02218    2.10193   0.995534    5.65418    3.01297    3.22906    3.66312    5.52273  0.0263887    3.21962    3.57174    3.14697    3.39831    1.68066    3.66988    3.14012     2.0907    2.53492          0    2.82345    2.90845    1.95519     1.5595    4.48286     3.6817    1.45964    3.90374     3.9415    3.50393    3.21946    4.18192    3.51065    2.97794    1.61111    20.9722    3.89649    4.20958    20.8685    2.82663    9.24748    8.96645   0.424562    4.77106    20.8685    6.52666    3.04238    3.74805    3.78016    4.06639     3.4666    3.96198     3.4888    2.57324    1.72681    21.5228    3.89918    1.96341    14.7599    4.30815    4.18117    5.08702    3.62706    4.74255    14.7599    6.55652    3.06882    6.80637    6.80637    6.80637          0          0          0 
  0.559848    4.35001    3.17063    2.01354    1.56658   0.564969    1.40748   0.784217    5.92791   0.338218    1.84804    2.86784     2.7203     1.1913    1.19952    1.63933    1.91984    3.96538   0.649503    5.44618   0.853717     4.8276     2.8487   0.560852    1.03225   0.640615    1.02535    1.48235    3.13352   0.338218     1.8103   0.614406    2.82345          0     1.2913    1.77028    1.35927    3.47899   0.897742    2.71446    2.91429    1.12807    0.81061   0.964257    1.40381   0.757312   0.411992    1.32774    19.7227    1.08777    1.48938    19.5897    4.88805    7.69847    7.52035    2.43821    2.22224    19.5897    5.54953    1.47707   0.924684   0.960144    1.51074    1.18271    1.22571   0.771688   0.860108    1.10053     20.339    1.08897    1.78963    13.3503    6.83252      2.405    3.83899   0.805921    2.23915    13.3503    5.58394   0.760267     4.8165     4.8165     4.8165          0          0          0 
   1.09752     3.0925     3.3438    1.24724    2.58393   0.899154   0.429868   0.614348     4.6376    1.26252    2.94002     2.0964    2.92003    0.59044    1.93358    2.64167    2.33199    2.93486   0.716751    4.77936    1.51589    3.55209    2.92782    1.02854     2.2436   0.842126   0.744463    1.22834    1.84999    1.26252    2.80154   0.774207    2.90845     1.2913          0    2.71157    1.97701    2.21495    1.43573    2.13274    1.63194    1.96398    1.16066    2.25224    1.76086    1.27183    0.94525    1.98387    18.6396    1.95723    2.47657    18.5152    4.18827    6.66974     6.4514    2.64912    1.95649    18.5152     4.3256   0.200576     1.7164    1.79664    1.34518    2.45552    1.50435    1.19352   0.523296    1.61361    19.2381     1.9513     2.7337    12.3029     6.2871      1.354    2.63838    1.57365    1.90321    12.3029    4.35966    0.64196    3.97436    3.97436    3.97436          0          0          0 
   2.32999    5.73925    2.07467    2.61442   0.254342    2.30946    3.00318    2.44714    7.02675    2.08864   0.457984    3.14913    1.72603    2.87124    2.74569   0.184507    1.05594    5.61908     2.3272    5.15037    2.53844     6.1472    1.97978    2.32901     1.9928    2.37671    2.75255    1.92378    4.28341    2.08864   0.145527    1.96795    1.95519    1.77028    2.71157          0   0.843851    4.86664    2.61737    2.79423    4.25621    2.61734    2.57775    1.57466    3.09751    2.50864    2.14119   0.807354    21.3506    2.56172     2.6802    21.2254    4.69788    9.36428     9.1573    1.54986    3.98881    21.2254    7.00272    2.90983    2.51765    2.50858    3.28096    1.76298    2.96313    2.53528    2.19132    1.15635    21.9496     2.5689  0.0222648    15.0069    6.25962    4.02851     5.3413    2.45403    4.00883    15.0069    7.03622    2.43188    6.55403    6.55403    6.55403          0          0          0 
   1.87844    4.93165    1.84867    1.77154    0.84795    1.79058    2.32179    1.84571    6.18367    1.69601    1.23236    2.35132    1.40877    2.24892    2.52665   0.865878   0.581268    4.91169    1.74855    4.55816    2.21179    5.32489    1.58584    1.85416    2.01254    1.84167    2.17944    1.08012    3.45051    1.69601   0.974465    1.30813     1.5595    1.35927    1.97701   0.843851          0    4.06546    2.25582    2.02768    3.45216    2.42988     2.1346    1.66433    2.76262    2.10566    1.62567  0.0572823    20.5945    2.38099    2.65812    20.4734     4.0606    8.64509    8.42046    1.14256    3.51665    20.4734    6.20349     2.1673    2.26076    2.28044    2.79191    1.91609    2.57475    2.10552    1.48051   0.363557    21.1845    2.38497   0.865027    14.2718    5.79548    3.32639    4.56683    2.15616    3.51505    14.2718    6.23662    1.83771    5.91779    5.91779    5.91779          0          0          0 
   3.13334   0.878304    4.93039     2.5395     4.7672    2.98547    2.09603    2.71158    2.60875    3.36808    5.13606    2.80966    4.59782    2.37245    3.72725    4.81904    4.26506    1.47589    2.84332    4.91221    3.40647    1.35405    4.49287    3.07765    4.32362    2.90992    2.59449     3.0598   0.886355    3.36808    4.97072    2.98756    4.48286    3.47899    2.21495    4.86664    4.06546          0    3.28825    3.14766    0.61386    3.82105    3.05774    4.41517    3.32741     3.1947    3.09013    4.08635    16.5644    3.83879    4.35047    16.4505    4.35428    4.76913    4.48363    4.38398    2.73007    16.4505    2.13807    2.01706    3.61286    3.69745     2.6953    4.58849    3.14076    3.11071    2.72832    3.71826    17.1408    3.82946     4.8889    10.2949    6.48382    1.33822   0.642071    3.50226    2.61377    10.2949    2.17126    2.73852    2.73033    2.73033    2.73033          0          0          0 
  0.434666     4.1103    4.04749    2.54452    2.39207   0.625037     1.2667   0.845646    5.86674   0.559917    2.61444    3.42741    3.59602   0.962705   0.498145    2.46797    2.80961    3.44051   0.799589    6.09035   0.125268    4.63086    3.70624   0.493176    1.11106   0.641316   0.739051    2.18555    3.17714   0.559917    2.63604     1.2052     3.6817   0.897742    1.43573    2.61737    2.25582    3.28825          0    3.36225    2.81424   0.547715   0.275097    1.36213   0.507176   0.184753   0.723057    2.22523    19.1313    0.55593    1.08001    18.9905    5.51167    7.09921     6.9581    3.31152    1.40185    18.9905    5.21023    1.54084   0.324649   0.409231   0.769393    1.43675    0.34829   0.246752    1.30592    1.97953    19.7644   0.547507    2.63502    12.7386    7.54015    2.02084    3.50891   0.235265     1.4437    12.7386    5.24468   0.822515    4.13041    4.13041    4.13041          0          0          0 
    2.9338    3.86372    1.87064    0.88928     2.8625    2.73723    2.54358     2.5555    4.58959    2.93387     3.2315   0.423853    1.65156    2.71472    3.81524    2.86691    1.77813    4.44966      2.569    2.73767    3.39443     4.0915    1.46099    2.87069    3.70196    2.72733    2.82327    1.23375    2.28857    2.93387    2.93858    2.17805    1.45964    2.71446    2.13274    2.79423    2.02768    3.14766    3.36225          0    2.61575    3.78695    3.11452    3.47395    3.79559    3.17758    2.65746    2.08173    19.5384    3.75797    4.20145     19.438    2.17371    7.90831    7.60669    1.54555    4.08409     19.438     5.1155    2.18225     3.5481    3.60821     3.4698    3.73502    3.54245    3.12341     2.0587    1.90807    20.0819    3.75644    2.81156    13.3586    4.18321    3.14173    3.77781    3.40353    4.02393    13.3586    5.14419    2.57191    5.66655    5.66655    5.66655          0          0          0 
   2.61136    1.48322    4.35368    1.94903    4.16097    2.44803    1.57116    2.16539    3.05641    2.83123    4.53259    2.31177    4.00834    1.86506    3.27904    4.21164    3.65423    1.85367    2.29318    4.61537     2.9264    1.92109    3.91494    2.55124    3.80314    2.37532    2.09178    2.44796   0.564193    2.83123    4.36186    2.39805    3.90374    2.91429    1.63194    4.25621    3.45216    0.61386    2.81424    2.61575          0    3.35843    2.56623    3.86443    2.92303    2.70135    2.53846    3.47348    17.1748    3.37006    3.89169      17.06    4.03645    5.34465    5.07193     3.7875    2.48795      17.06     2.7514    1.43887    3.13593    3.22106    2.30577    4.05055    2.71207    2.61628    2.13529    3.10605     17.753    3.36146    4.27846    10.8963    6.19456    1.05891    1.18336    3.01484    2.37826    10.8963    2.78449    2.19318    3.10017    3.10017    3.10017          0          0          0 
  0.887748    4.63081    4.27184    3.00884    2.37173    1.09639    1.81434    1.35696    6.40787   0.855158    2.51859    3.88904    3.82483    1.51039   0.151258    2.44817    3.00758    3.87787    1.28472    6.52442   0.449538    5.15702    3.96707   0.957301   0.767259    1.13518    1.28623    2.57292    3.72476   0.855158    2.60559    1.60941     3.9415    1.12807    1.96398    2.61734    2.42988    3.82105   0.547715    3.78695    3.35843          0   0.814501    1.13835   0.646637   0.693111    1.13767    2.38927    19.4881  0.0567553   0.533326    19.3426    5.95443    7.47008    7.35106    3.54666    1.67654    19.3426    5.70184    2.08057   0.249713   0.179089    1.19942    1.11458   0.713805   0.774284    1.76412    2.21471    20.1311  0.0485145    2.63178    13.0884    7.94061    2.53095    4.01323   0.396822    1.74887    13.0884    5.73615    1.33115    4.46185    4.46185    4.46185          0          0          0 
