
NameOfInst: Instances/sf_data/sfsarp-5-5-1.txt
RunningScen: 1A
Instance Name: sfsarp-5-5-1
Instance type: sf_data
K: 1
Service: 0.0833333

Time windows: 
0: 10.7833 - 10.7833
1: 9.55 - 9.55
2: 11.4833 - 11.4833
3: 14.5333 - 14.5333
4: 15.7167 - 15.7167
5: 0 - 24
6: 0 - 24
7: 0 - 24
8: 0 - 24
9: 0 - 24
10: 0 - 24
11: 0 - 24
12: 0 - 24
13: 0 - 24
14: 0 - 24
15: 0 - 24
16: 0 - 24
Service times: 
0: 0.170977
1: 0.188187
2: 0.166667
3: 0.462645
4: 0.605751
5: 0.0833333
6: 0.0833333
7: 0.0833333
8: 0.0833333
9: 0.0833333
10: 0.0833333
11: 0.0833333
12: 0.0833333
13: 0.0833333
14: 0.0833333
15: 0
16: 0
Profits: 
0: 3.34073
1: 3.74293
2: 3.24
3: 10.157
4: 13.5014
5: 2.97526
6: 3.26298
7: 2.80309
8: 2.89771
9: 4.53643
10: 0
11: 0
12: 0
13: 0
14: 0
15: 0
16: 0

Loads: 
0: 0
1: 0
2: 0
3: 0
4: 0
5: 1
6: 1
7: 1
8: 1
9: 1
10: -1
11: -1
12: -1
13: -1
14: -1
15: 0
16: 0
Dist Matrix: 
         0    19.1238    18.9788    6.04354    0.28342    21.1981    19.3248     16.447    20.9464    19.7088    21.2857    19.1727    16.5019    20.8706    21.1095    15.0393          0 
   19.0943          0   0.328556     13.037    19.2657    2.51019   0.510824     2.7832    2.16542    4.38124    2.72576   0.205101     2.7527    2.01976    6.42842     4.2799          0 
   19.0095    1.20553          0    12.9465    19.1805    2.76472    0.36493    2.82352    2.41229    4.70211     2.9931   0.527476    2.80134    2.25506    6.75564    4.11224          0 
   18.1912    2.83638    1.69993          0    18.3597    4.39783    1.81033    3.13455    4.03846    6.24833    4.64484    2.22166    3.15498    3.86532    8.35967    3.14033          0 
   17.8331    2.56828    1.56663    11.7689          0    4.33112    1.78243    2.57504    3.97772    5.87093    4.55903    2.04438    2.59656    3.81745    8.00718    2.78101          0 
   21.2429    2.11068    2.76472    15.2286    21.4153          0     2.5883    4.75584    0.35999    3.56318   0.283443    2.32368    4.69872   0.542243    5.05393    6.72953          0 
   19.3545    1.33909    0.36493    13.2899    19.5253     2.5883          0    3.18689    2.22939    4.81981     2.8346   0.630096    3.16379    2.05885    6.82704    4.42122          0 
   16.4901    2.68049    2.82352    10.4733    16.6624    4.75584    3.18689          0    4.49936    4.47025    4.85974    2.84064  0.0760142    4.42678      6.594    2.61971          0 
   20.9891     1.8282    2.41229    14.9642    21.1614    0.35999    2.22939    4.49936          0    3.67945   0.625839    1.98335     4.4451   0.190011    5.28049     6.4065          0 
     19.78    3.49901    4.70211    14.0273    19.9519    3.56318    4.81981    4.47025    3.67945          0    3.37555    4.20643    4.39446    3.80871    2.16438    7.08284          0 
   21.3327    2.25674     2.9931    15.3309    21.5053   0.283443     2.8346    4.85974   0.625839    3.37555          0    2.53342    4.79994   0.814291    4.79967    6.90551          0 
   19.2079   0.712296   0.527476    13.1547    19.3795    2.32368   0.630096    2.84064    1.98335    4.20643    2.53342          0     2.8053    1.84397    6.24047    4.44017          0 
   16.5455     2.6294    2.80134    10.5317    16.7178    4.69872    3.16379  0.0760142     4.4451    4.39446    4.79994     2.8053          0    4.37468    6.51887    2.69468          0 
   20.9119    1.74694    2.25506    14.8803    21.0841   0.542243    2.05885    4.42678   0.190011    3.80871   0.814291    1.84397    4.37468          0    5.44716    6.27886          0 
   21.1935    5.55337    6.75564    15.6346    21.3635    5.05393    6.82704      6.594    5.28049    2.16438    4.79967    6.24047    6.51887    5.44716          0    9.21347          0 
    15.058     4.6623    4.11224    8.99766     15.227    6.72953    4.42122    2.61971     6.4065    7.08284    6.90551    4.44017    2.69468    6.27886    9.21347          0          0 
         0          0          0          0          0          0          0          0          0          0          0          0          0          0          0          0          0 
Version identifier: 12.10.0.0 | 2019-11-26 | 843d4de
CPXPARAM_Threads                                 1
CPXPARAM_TimeLimit                               7200
Tried aggregator 2 times.
MIP Presolve eliminated 29 rows and 299 columns.
MIP Presolve modified 86 coefficients.
Aggregator did 15 substitutions.
Reduced MIP has 4 rows, 7 columns, and 13 nonzeros.
Reduced MIP has 7 binaries, 0 generals, 0 SOSs, and 0 indicators.
Presolve time = 0.00 sec. (1.11 ticks)
Found incumbent of value -0.077045 after 0.00 sec. (1.19 ticks)
Probing time = 0.00 sec. (0.00 ticks)
Tried aggregator 1 time.
Reduced MIP has 4 rows, 7 columns, and 13 nonzeros.
Reduced MIP has 7 binaries, 0 generals, 0 SOSs, and 0 indicators.
Presolve time = 0.00 sec. (0.01 ticks)
Probing time = 0.00 sec. (0.00 ticks)
Clique table members: 5.
MIP emphasis: balance optimality and feasibility.
MIP search method: dynamic search.
Parallel mode: none, using 1 thread.
Root relaxation solution time = 0.00 sec. (0.01 ticks)

        Nodes                                         Cuts/
   Node  Left     Objective  IInf  Best Integer    Best Bound    ItCnt     Gap

*     0+    0                           -0.0770       18.6326              --- 
*     0     0      integral     0        4.4801        4.4801        2    0.00%
Elapsed time = 0.01 sec. (1.26 ticks, tree = 0.00 MB, solutions = 2)

Root node processing (before b&c):
  Real time             =    0.01 sec. (1.27 ticks)
Sequential b&c:
  Real time             =    0.00 sec. (0.00 ticks)
                          ------------
Total (root+branch&cut) =    0.01 sec. (1.27 ticks)

Sol status: Optimal
 Tree_Size: 1
 Total Time: 0
 LB: 4.48014
 UB: 4.48014

Obj Val: 4.48014315233613

Solve Time: 0

x(0, 12, 0)
x(8, 0, 0)
x(12, 21, 0)
x(21, 24, 0)
x(24, 31, 0)
x(30, 8, 0)


Customer profit: 33.9820749978737
Parcel profit: 6.06607125220768
Costs: 35.5680030977452

Number of Vehicles: 1

Solution by nodes: 
Vehicle 0: 15 - 6 - 1 - 11 - 0 - 2 - 7 - 3 - 12 - 4 - 16


Solution structure: 
Vehicle 0: S - P - d - D - d - d - P - d - D - d - f


size of n: 5

size of m: 5

*************


Served parcels: 2

Unserved parcels: 3

*************

Total time: 3.81345614637278

Total passenger time: 0.943394533486646

Total parcel time: 0.703393760768855

Total combined transportation time: 0.650832038951253

Total idle time: 1.51583581316603

*************

Total distance: 108.518368667951

Total passenger distance: 18.1791758729525

Total parcel distance: 15.1724775248564

Total combined transportation distance: 13.0174469303347

Total idle distance: 62.1492683398072

*************

Waiting time passenger: 0.707103325668955

Waiting time goods: 3.47944052795826

Total waiting time: 4.18654385362722
