
NameOfInst: Instances/sf_data/sfsarp-5-10-1.txt
RunningScen: 1A
Instance Name: sfsarp-5-10-1
Instance type: sf_data
K: 2
Service: 0.0833333

Time windows: 
0: 12.4333 - 13.4333
1: 9.33333 - 10.3333
2: 15.3167 - 16.3167
3: 12.6833 - 13.6833
4: 15.1333 - 16.1333
5: 12.6 - 12.7097
6: 9.5 - 9.60055
7: 15.4833 - 15.5692
8: 12.85 - 12.9348
9: 15.3 - 15.4168
10: 0 - 24
11: 0 - 24
12: 0 - 24
13: 0 - 24
14: 0 - 24
15: 0 - 24
16: 0 - 24
17: 0 - 24
18: 0 - 24
19: 0 - 24
20: 0 - 24
21: 0 - 24
22: 0 - 24
23: 0 - 24
24: 0 - 24
25: 0 - 24
26: 0 - 24
27: 0 - 24
28: 0 - 24
29: 0 - 24
30: 0 - 24
31: 0 - 24
32: 0 - 24
33: 0 - 24
Service times: 
0: 0.0833333
1: 0.0833333
2: 0.0833333
3: 0.0833333
4: 0.0833333
5: 0.0833333
6: 0.0833333
7: 0.0833333
8: 0.0833333
9: 0.0833333
10: 0.0833333
11: 0.0833333
12: 0.0833333
13: 0.0833333
14: 0.0833333
15: 0.0833333
16: 0.0833333
17: 0.0833333
18: 0.0833333
19: 0.0833333
20: 0.0833333
21: 0.0833333
22: 0.0833333
23: 0.0833333
24: 0.0833333
25: 0.0833333
26: 0.0833333
27: 0.0833333
28: 0.0833333
29: 0.0833333
30: 0
31: 0
32: 0
33: 0
Profits: 
0: 4.35237
1: 3.96697
2: 3.34664
3: 3.30013
4: 4.65395
5: 0
6: 0
7: 0
8: 0
9: 0
10: 16.611
11: 3.5273
12: 3.7351
13: 2.82715
14: 9.76532
15: 7.03818
16: 3.49538
17: 3.49875
18: 3.12013
19: 5.03493
20: 0
21: 0
22: 0
23: 0
24: 0
25: 0
26: 0
27: 0
28: 0
29: 0
30: 0
31: 0
32: 0
33: 0

Loads: 
0: 3
1: 3
2: 3
3: 3
4: 3
5: -3
6: -3
7: -3
8: -3
9: -3
10: 1
11: 1
12: 1
13: 1
14: 1
15: 1
16: 1
17: 1
18: 1
19: 1
20: -1
21: -1
22: -1
23: -1
24: -1
25: -1
26: -1
27: -1
28: -1
29: -1
30: 0
31: 0
32: 0
33: 0
Dist Matrix: 
         0    1.14076    3.40692     1.3597   0.375547    1.07997    0.88673    3.31913    1.37027    1.43296    19.5462    2.64402    2.47163    1.12604    1.97937    4.37323    1.14733    1.70367    0.11109    2.79976    2.83986    1.72042    3.47559    1.21903    9.97033    3.51605   0.752987    1.05744   0.545892   0.669387    4.68835    4.68835          0          0 
   1.14076          0    2.73067   0.459494    1.19614    1.59281   0.705796    2.66372   0.421526    0.45975    18.7763    2.64824    2.25112    1.20919    0.83884    3.33661  0.0830122    1.06661    1.14611    2.20919    2.15073    1.74499    2.92684    1.30162    9.09018    3.10543   0.959364   0.209633   0.950243   0.673623    3.93288    3.93288          0          0 
   3.40692    2.73067          0     3.0681    3.14643    4.26166    3.42464   0.103536    3.01015    2.27214    16.1398    5.33556    4.87111    3.93584    2.48874    1.88029     2.8031    3.62936    3.48694   0.624554   0.582896    4.46809    5.19749     4.0308    10.1263    5.50689    3.63845    2.94027    3.55591      3.326    1.29227    1.29227          0          0 
    1.3597   0.459494     3.0681          0    1.51774    1.46758    0.60226    3.00999  0.0583769   0.834004     19.011    2.26855    1.83176   0.990999   0.802946    3.44453   0.380508   0.614412    1.32827     2.5872    2.49911    1.41827    2.46738    1.06054     8.6934    2.65015   0.893717    0.35191   0.983099   0.724803    4.21804    4.21804          0          0 
  0.375547    1.19614    3.14643    1.51774          0    1.45549    1.15422    3.05438    1.51439    1.37276    19.2729     3.0111    2.81567    1.47213    2.01457     4.2461    1.22802    1.95352   0.486629    2.52858    2.59437    2.07941      3.778    1.56973    10.1987    3.84328    1.08417    1.17778   0.880811   0.921668    4.43648    4.43648          0          0 
   1.07997    1.59281    4.26166    1.46758    1.45549          0   0.900313    4.18467    1.51516    2.03816    20.3607    1.61628    1.57594   0.519559    2.26887    4.89645    1.54052     1.3747   0.968932    3.69097     3.6793   0.791741    2.72247   0.511213    9.38022    2.65834   0.634607    1.39624   0.711136   0.940113    5.50159    5.50159          0          0 
   0.88673   0.705796    3.42464    0.60226    1.15422   0.900313          0    3.35416   0.640414    1.16286    19.4816    2.03988    1.73143   0.513102    1.38478    3.99773   0.645918   0.816969   0.822602    2.88319    2.84253    1.09942    2.62598   0.612296    9.08371     2.7121   0.292182   0.501266   0.403047   0.233022    4.63757    4.63757          0          0 
   3.31913    2.66372   0.103536    3.00999    3.05438    4.18467    3.35416          0    2.95226    2.20651    16.2271    5.27843    4.81993    3.86618    2.44946    1.96036    2.73729    3.57768     3.4004   0.527937   0.513128    4.40444    5.16818    3.96199    10.1608    5.47157    3.56372    2.87312    3.47748    3.25089    1.38827    1.38827          0          0 
   1.37027   0.421526    3.01015  0.0583769    1.51439    1.51516   0.640414    2.95226          0   0.780074    18.9539    2.32619    1.88683    1.04369   0.753785    3.39219   0.345977   0.664082    1.34336    2.53085    2.44155    1.47649    2.50729    1.11494    8.70608    2.69627   0.932575   0.338917    1.01261   0.748163    4.15972    4.15972          0          0 
   1.43296    0.45975    2.27214   0.834004    1.37276    2.03816    1.16286    2.20651   0.780074          0    18.3239    3.08796     2.6654    1.66877   0.733741    2.94965   0.530963    1.44146    1.46734    1.76174    1.69339    2.19847    3.23948    1.76136    9.18678    3.45804    1.40367   0.669226    1.36636    1.10267    3.47472    3.47472          0          0 
   19.5462    18.7763    16.1398     19.011    19.2729    20.3607    19.4816    16.2271    18.9539    18.3239          0     21.141    20.5908    19.9735    18.2556    15.6906    18.8365    19.4489    19.6267    16.7482     16.712     20.417    20.3765    20.0571    20.9416    20.8046    19.7269    18.9808    19.6699    19.4212    14.8677    14.8677          0          0 
   2.64402    2.64824    5.33556    2.26855     3.0111    1.61628    2.03988    5.27843    2.32619    3.08796     21.141          0   0.574525    1.56961     2.9247    5.45652    2.56819    1.72495    2.53555     4.8496    4.76764   0.948554    1.55986    1.46525    8.13874    1.28611     1.9613    2.44708    2.14656    2.22954     6.4557     6.4557          0          0 
   2.47163    2.25112    4.87111    1.83176    2.81567    1.57594    1.73143    4.81993    1.88683     2.6654    20.5908   0.574525          0     1.3459    2.41743    4.90151    2.16848    1.24229    2.37101    4.41532    4.31408   0.786733    1.19892    1.25332    7.87601    1.08244    1.73175    2.06379    1.93522    1.94867    5.95406    5.95406          0          0 
   1.12604    1.20919    3.93584   0.990999    1.47213   0.519559   0.513102    3.86618    1.04369    1.66877    19.9735    1.56961     1.3459          0    1.79207    4.43553    1.14243   0.859202    1.02688    3.39628    3.35415   0.621488    2.38483      0.105    8.98256    2.39523   0.394348    1.00033    0.59158   0.666865    5.14105    5.14105          0          0 
   1.97937    0.83884    2.48874   0.802946    2.01457    2.26887    1.38478    2.44946   0.753785   0.733741    18.2556     2.9247    2.41743    1.79207          0    2.64627   0.836785    1.20233    1.98095     2.1157    1.96465    2.16371    2.73844    1.85698    8.46424    3.02415    1.67547   0.951216    1.72739    1.44894    3.53682    3.53682          0          0 
   4.37323    3.33661    1.88029    3.44453     4.2461    4.89645    3.99773    1.96036    3.39219    2.94965    15.6906    5.45652    4.90151    4.43553    2.64627          0    3.37386    3.79631    4.41482    2.26124    2.02508    4.79049    4.77525    4.50285    8.55843    5.17853    4.27856    3.51397    4.28685    4.00933    1.73559    1.73559          0          0 
   1.14733  0.0830122     2.8031   0.380508    1.22802    1.54052   0.645918    2.73729   0.345977   0.530963    18.8365    2.56819    2.16848    1.14243   0.836785    3.37386          0   0.984593    1.14462    2.28655    2.22418     1.6688    2.84751    1.23284     9.0325    3.02349   0.910096   0.144721   0.916916    0.63715    3.99865    3.99865          0          0 
   1.70367    1.06661    3.62936   0.614412    1.95352     1.3747   0.816969    3.57768   0.664082    1.44146    19.4489    1.72495    1.24229   0.859202    1.20233    3.79631   0.984593          0     1.6377    3.17686    3.07192      1.002      1.878   0.867926    8.26675     2.0389    1.01864   0.914161    1.19679    1.04023    4.73091    4.73091          0          0 
   0.11109    1.14611    3.48694    1.32827   0.486629   0.968932   0.822602     3.4004    1.34336    1.46734    19.6267    2.53555    2.37101    1.02688    1.98095    4.41482    1.14462     1.6377          0    2.88347    2.91668    1.61514    3.38796    1.11771    9.90325    3.42035   0.663145    1.04375   0.457985   0.617757    4.76486    4.76486          0          0 
   2.79976    2.20919   0.624554     2.5872    2.52858    3.69097    2.88319   0.527937    2.53085    1.76174    16.7482     4.8496    4.41532    3.39628     2.1157    2.26124    2.28655    3.17686    2.88347          0   0.259059    3.95397    4.85413    3.49473    10.1447    5.13014    3.07811    2.41638    2.98087    2.76497    1.91602    1.91602          0          0 
   2.83986    2.15073   0.582896    2.49911    2.59437     3.6793    2.84253   0.513128    2.44155    1.69339     16.712    4.76764    4.31408    3.35415    1.96465    2.02508    2.22418    3.07192    2.91668   0.259059          0    3.89137     4.6976     3.4496    9.89841    4.98852    3.05559    2.36018    2.97435    2.74319     1.8485     1.8485          0          0 
   1.72042    1.74499    4.46809    1.41827    2.07941   0.791741    1.09942    4.40444    1.47649    2.19847     20.417   0.948554   0.786733   0.621488    2.16371    4.79049     1.6688      1.002    1.61514    3.95397    3.89137          0    1.93782   0.517644    8.60934    1.86812    1.01461    1.53765     1.2049    1.28185    5.63583    5.63583          0          0 
   3.47559    2.92684    5.19749    2.46738      3.778    2.72247    2.62598    5.16818    2.50729    3.23948    20.3765    1.55986    1.19892    2.38483    2.73844    4.77525    2.84751      1.878    3.38796    4.85413     4.6976    1.93782          0    2.31354    6.67977   0.447462    2.72482    2.79005    2.93083    2.85897     6.1063     6.1063          0          0 
   1.21903    1.30162     4.0308    1.06054    1.56973   0.511213   0.612296    3.96199    1.11494    1.76136    20.0571    1.46525    1.25332      0.105    1.85698    4.50285    1.23284   0.867926    1.11771    3.49473     3.4496   0.517644    2.31354          0    8.92933    2.31062   0.497037    1.09217   0.690593   0.771669    5.23084    5.23084          0          0 
   9.97033    9.09018    10.1263     8.6934    10.1987    9.38022    9.08371    10.1608    8.70608    9.18678    20.9416    8.13874    7.87601    8.98256    8.46424    8.55843     9.0325    8.26675    9.90325    10.1447    9.89841    8.60934    6.67977    8.92933          0    6.85698    9.26224    9.04392    9.45465    9.30414     10.289     10.289          0          0 
   3.51605    3.10543    5.50689    2.65015    3.84328    2.65834     2.7121    5.47157    2.69627    3.45804    20.8046    1.28611    1.08244    2.39523    3.02415    5.17853    3.02349     2.0389    3.42035    5.13014    4.98852    1.86812   0.447462    2.31062    6.85698          0    2.76477    2.94765    2.97167    2.94158    6.46177    6.46177          0          0 
  0.752987   0.959364    3.63845   0.893717    1.08417   0.634607   0.292182    3.56372   0.932575    1.40367    19.7269     1.9613    1.73175   0.394348    1.67547    4.27856   0.910096    1.01864   0.663145    3.07811    3.05559    1.01461    2.72482   0.497037    9.26224    2.76477          0   0.766956   0.207172   0.313183    4.87056    4.87056          0          0 
   1.05744   0.209633    2.94027    0.35191    1.17778    1.39624   0.501266    2.87312   0.338917   0.669226    18.9808    2.44708    2.06379    1.00033   0.951216    3.51397   0.144721   0.914161    1.04375    2.41638    2.36018    1.53765    2.79005    1.09217    9.04392    2.94765   0.766956          0   0.783306   0.502898    4.14096    4.14096          0          0 
  0.545892   0.950243    3.55591   0.983099   0.880811   0.711136   0.403047    3.47748    1.01261    1.36636    19.6699    2.14656    1.93522    0.59158    1.72739    4.28685   0.916916    1.19679   0.457985    2.98087    2.97435     1.2049    2.93083   0.690593    9.45465    2.97167   0.207172   0.783306          0   0.280424    4.80476    4.80476          0          0 
  0.669387   0.673623      3.326   0.724803   0.921668   0.940113   0.233022    3.25089   0.748163    1.10267    19.4212    2.22954    1.94867   0.666865    1.44894    4.00933    0.63715    1.04023   0.617757    2.76497    2.74319    1.28185    2.85897   0.771669    9.30414    2.94158   0.313183   0.502898   0.280424          0    4.56154    4.56154          0          0 
   4.68835    3.93288    1.29227    4.21804    4.43648    5.50159    4.63757    1.38827    4.15972    3.47472    14.8677     6.4557    5.95406    5.14105    3.53682    1.73559    3.99865    4.73091    4.76486    1.91602     1.8485    5.63583     6.1063    5.23084     10.289    6.46177    4.87056    4.14096    4.80476    4.56154          0          0          0          0 
   4.68835    3.93288    1.29227    4.21804    4.43648    5.50159    4.63757    1.38827    4.15972    3.47472    14.8677     6.4557    5.95406    5.14105    3.53682    1.73559    3.99865    4.73091    4.76486    1.91602     1.8485    5.63583     6.1063    5.23084     10.289    6.46177    4.87056    4.14096    4.80476    4.56154          0          0          0          0 
         0          0          0          0          0          0          0          0          0          0          0          0          0          0          0          0          0          0          0          0          0          0          0          0          0          0          0          0          0          0          0          0          0          0 
         0          0          0          0          0          0          0          0          0          0          0          0          0          0          0          0          0          0          0          0          0          0          0          0          0          0          0          0          0          0          0          0          0          0 

Arcs:
     0   1   2   3   4   5   6   7   8   9  10  11  12  13  14  15  16  17  18  19  20  21  22  23  24  25  26  27  28  29  30  31  32  33 
  0  0   0   1   1   1   1   0   1   1   1   1   1   1   1   1   1   1   1   1   1   1   1   1   1   1   1   1   1   1   1   0   0   0   0 
  1  1   0   1   1   1   1   1   1   1   1   1   1   1   1   1   1   1   1   1   1   1   1   1   1   1   1   1   1   1   1   0   0   0   0 
  2  0   0   0   0   1   0   0   1   0   1   1   1   1   1   1   1   1   1   1   1   1   1   1   1   1   1   1   1   1   1   0   0   0   0 
  3  1   0   1   0   1   0   0   1   1   1   1   1   1   1   1   1   1   1   1   1   1   1   1   1   1   1   1   1   1   1   0   0   0   0 
  4  0   0   1   0   0   0   0   1   0   1   1   1   1   1   1   1   1   1   1   1   1   1   1   1   1   1   1   1   1   1   0   0   0   0 
  5  0   0   1   1   1   0   0   1   1   1   1   1   1   1   1   1   1   1   1   1   1   1   1   1   1   1   1   1   1   1   0   0   1   1 
  6  1   0   1   1   1   1   0   1   1   1   1   1   1   1   1   1   1   1   1   1   1   1   1   1   1   1   1   1   1   1   0   0   1   1 
  7  0   0   0   0   1   0   0   0   0   0   1   1   1   1   1   1   1   1   1   1   1   1   1   1   1   1   1   1   1   1   0   0   1   1 
  8  1   0   1   0   1   0   0   1   0   1   1   1   1   1   1   1   1   1   1   1   1   1   1   1   1   1   1   1   1   1   0   0   1   1 
  9  0   0   1   0   0   0   0   1   0   0   1   1   1   1   1   1   1   1   1   1   1   1   1   1   1   1   1   1   1   1   0   0   1   1 
 10  1   1   1   1   1   1   1   1   1   1   0   0   0   0   0   0   0   0   0   0   0   0   0   0   0   0   0   0   0   0   0   0   0   0 
 11  1   1   1   1   1   1   1   1   1   1   0   0   0   0   0   0   0   0   0   0   0   0   0   0   0   0   0   0   0   0   0   0   0   0 
 12  1   1   1   1   1   1   1   1   1   1   0   0   0   0   0   0   0   0   0   0   0   0   0   0   0   0   0   0   0   0   0   0   0   0 
 13  1   1   1   1   1   1   1   1   1   1   0   0   0   0   0   0   0   0   0   0   0   0   0   0   0   0   0   0   0   0   0   0   0   0 
 14  1   1   1   1   1   1   1   1   1   1   0   0   0   0   0   0   0   0   0   0   0   0   0   0   0   0   0   0   0   0   0   0   0   0 
 15  1   1   1   1   1   1   1   1   1   1   0   0   0   0   0   0   0   0   0   0   0   0   0   0   0   0   0   0   0   0   0   0   0   0 
 16  1   1   1   1   1   1   1   1   1   1   0   0   0   0   0   0   0   0   0   0   0   0   0   0   0   0   0   0   0   0   0   0   0   0 
 17  1   1   1   1   1   1   1   1   1   1   0   0   0   0   0   0   0   0   0   0   0   0   0   0   0   0   0   0   0   0   0   0   0   0 
 18  1   1   1   1   1   1   1   1   1   1   0   0   0   0   0   0   0   0   0   0   0   0   0   0   0   0   0   0   0   0   0   0   0   0 
 19  1   1   1   1   1   1   1   1   1   1   0   0   0   0   0   0   0   0   0   0   0   0   0   0   0   0   0   0   0   0   0   0   0   0 
 20  1   1   1   1   1   1   1   1   1   1   0   0   0   0   0   0   0   0   0   0   0   0   0   0   0   0   0   0   0   0   0   0   0   0 
 21  1   1   1   1   1   1   1   1   1   1   0   0   0   0   0   0   0   0   0   0   0   0   0   0   0   0   0   0   0   0   0   0   0   0 
 22  1   1   1   1   1   1   1   1   1   1   0   0   0   0   0   0   0   0   0   0   0   0   0   0   0   0   0   0   0   0   0   0   0   0 
 23  1   1   1   1   1   1   1   1   1   1   0   0   0   0   0   0   0   0   0   0   0   0   0   0   0   0   0   0   0   0   0   0   0   0 
 24  1   1   1   1   1   1   1   1   1   1   0   0   0   0   0   0   0   0   0   0   0   0   0   0   0   0   0   0   0   0   0   0   0   0 
 25  1   1   1   1   1   1   1   1   1   1   0   0   0   0   0   0   0   0   0   0   0   0   0   0   0   0   0   0   0   0   0   0   0   0 
 26  1   1   1   1   1   1   1   1   1   1   0   0   0   0   0   0   0   0   0   0   0   0   0   0   0   0   0   0   0   0   0   0   0   0 
 27  1   1   1   1   1   1   1   1   1   1   0   0   0   0   0   0   0   0   0   0   0   0   0   0   0   0   0   0   0   0   0   0   0   0 
 28  1   1   1   1   1   1   1   1   1   1   0   0   0   0   0   0   0   0   0   0   0   0   0   0   0   0   0   0   0   0   0   0   0   0 
 29  1   1   1   1   1   1   1   1   1   1   0   0   0   0   0   0   0   0   0   0   0   0   0   0   0   0   0   0   0   0   0   0   0   0 
 30  1   1   1   1   1   0   0   0   0   0   0   0   0   0   0   0   0   0   0   0   0   0   0   0   0   0   0   0   0   0   0   0   1   0 
 31  1   1   1   1   1   0   0   0   0   0   0   0   0   0   0   0   0   0   0   0   0   0   0   0   0   0   0   0   0   0   0   0   0   1 
 32  0   0   0   0   0   0   0   0   0   0   0   0   0   0   0   0   0   0   0   0   0   0   0   0   0   0   0   0   0   0   0   0   0   0 
 33  0   0   0   0   0   0   0   0   0   0   0   0   0   0   0   0   0   0   0   0   0   0   0   0   0   0   0   0   0   0   0   0   0   0 



Arc V Plus: 
i: 0
j(k): 0
0-2 ==== 0-3 ==== 0-4 ==== 0-5 ==== 0-7 ==== 0-8 ==== 0-9 ==== 0-10 ==== 0-11 ==== 0-12 ==== 0-13 ==== 0-14 ==== 0-15 ==== 0-16 ==== 0-17 ==== 0-18 ==== 0-19 ==== 0-20 ==== 0-21 ==== 0-22 ==== 0-23 ==== 0-24 ==== 0-25 ==== 0-26 ==== 0-27 ==== 0-28 ==== 0-29 ==== j(k): 1
0-2 ==== 0-3 ==== 0-4 ==== 0-5 ==== 0-7 ==== 0-8 ==== 0-9 ==== 0-10 ==== 0-11 ==== 0-12 ==== 0-13 ==== 0-14 ==== 0-15 ==== 0-16 ==== 0-17 ==== 0-18 ==== 0-19 ==== 0-20 ==== 0-21 ==== 0-22 ==== 0-23 ==== 0-24 ==== 0-25 ==== 0-26 ==== 0-27 ==== 0-28 ==== 0-29 ==== 
i: 1
j(k): 0
1-0 ==== 1-2 ==== 1-3 ==== 1-4 ==== 1-5 ==== 1-6 ==== 1-7 ==== 1-8 ==== 1-9 ==== 1-10 ==== 1-11 ==== 1-12 ==== 1-13 ==== 1-14 ==== 1-15 ==== 1-16 ==== 1-17 ==== 1-18 ==== 1-19 ==== 1-20 ==== 1-21 ==== 1-22 ==== 1-23 ==== 1-24 ==== 1-25 ==== 1-26 ==== 1-27 ==== 1-28 ==== 1-29 ==== j(k): 1
1-0 ==== 1-2 ==== 1-3 ==== 1-4 ==== 1-5 ==== 1-6 ==== 1-7 ==== 1-8 ==== 1-9 ==== 1-10 ==== 1-11 ==== 1-12 ==== 1-13 ==== 1-14 ==== 1-15 ==== 1-16 ==== 1-17 ==== 1-18 ==== 1-19 ==== 1-20 ==== 1-21 ==== 1-22 ==== 1-23 ==== 1-24 ==== 1-25 ==== 1-26 ==== 1-27 ==== 1-28 ==== 1-29 ==== 
i: 2
j(k): 0
2-4 ==== 2-7 ==== 2-9 ==== 2-10 ==== 2-11 ==== 2-12 ==== 2-13 ==== 2-14 ==== 2-15 ==== 2-16 ==== 2-17 ==== 2-18 ==== 2-19 ==== 2-20 ==== 2-21 ==== 2-22 ==== 2-23 ==== 2-24 ==== 2-25 ==== 2-26 ==== 2-27 ==== 2-28 ==== 2-29 ==== j(k): 1
2-4 ==== 2-7 ==== 2-9 ==== 2-10 ==== 2-11 ==== 2-12 ==== 2-13 ==== 2-14 ==== 2-15 ==== 2-16 ==== 2-17 ==== 2-18 ==== 2-19 ==== 2-20 ==== 2-21 ==== 2-22 ==== 2-23 ==== 2-24 ==== 2-25 ==== 2-26 ==== 2-27 ==== 2-28 ==== 2-29 ==== 
i: 3
j(k): 0
3-0 ==== 3-2 ==== 3-4 ==== 3-7 ==== 3-8 ==== 3-9 ==== 3-10 ==== 3-11 ==== 3-12 ==== 3-13 ==== 3-14 ==== 3-15 ==== 3-16 ==== 3-17 ==== 3-18 ==== 3-19 ==== 3-20 ==== 3-21 ==== 3-22 ==== 3-23 ==== 3-24 ==== 3-25 ==== 3-26 ==== 3-27 ==== 3-28 ==== 3-29 ==== j(k): 1
3-0 ==== 3-2 ==== 3-4 ==== 3-7 ==== 3-8 ==== 3-9 ==== 3-10 ==== 3-11 ==== 3-12 ==== 3-13 ==== 3-14 ==== 3-15 ==== 3-16 ==== 3-17 ==== 3-18 ==== 3-19 ==== 3-20 ==== 3-21 ==== 3-22 ==== 3-23 ==== 3-24 ==== 3-25 ==== 3-26 ==== 3-27 ==== 3-28 ==== 3-29 ==== 
i: 4
j(k): 0
4-2 ==== 4-7 ==== 4-9 ==== 4-10 ==== 4-11 ==== 4-12 ==== 4-13 ==== 4-14 ==== 4-15 ==== 4-16 ==== 4-17 ==== 4-18 ==== 4-19 ==== 4-20 ==== 4-21 ==== 4-22 ==== 4-23 ==== 4-24 ==== 4-25 ==== 4-26 ==== 4-27 ==== 4-28 ==== 4-29 ==== j(k): 1
4-2 ==== 4-7 ==== 4-9 ==== 4-10 ==== 4-11 ==== 4-12 ==== 4-13 ==== 4-14 ==== 4-15 ==== 4-16 ==== 4-17 ==== 4-18 ==== 4-19 ==== 4-20 ==== 4-21 ==== 4-22 ==== 4-23 ==== 4-24 ==== 4-25 ==== 4-26 ==== 4-27 ==== 4-28 ==== 4-29 ==== 
i: 5
j(k): 0
5-2 ==== 5-3 ==== 5-4 ==== 5-7 ==== 5-8 ==== 5-9 ==== 5-32 ==== 5-10 ==== 5-11 ==== 5-12 ==== 5-13 ==== 5-14 ==== 5-15 ==== 5-16 ==== 5-17 ==== 5-18 ==== 5-19 ==== 5-20 ==== 5-21 ==== 5-22 ==== 5-23 ==== 5-24 ==== 5-25 ==== 5-26 ==== 5-27 ==== 5-28 ==== 5-29 ==== j(k): 1
5-2 ==== 5-3 ==== 5-4 ==== 5-7 ==== 5-8 ==== 5-9 ==== 5-33 ==== 5-10 ==== 5-11 ==== 5-12 ==== 5-13 ==== 5-14 ==== 5-15 ==== 5-16 ==== 5-17 ==== 5-18 ==== 5-19 ==== 5-20 ==== 5-21 ==== 5-22 ==== 5-23 ==== 5-24 ==== 5-25 ==== 5-26 ==== 5-27 ==== 5-28 ==== 5-29 ==== 
i: 6
j(k): 0
6-0 ==== 6-2 ==== 6-3 ==== 6-4 ==== 6-5 ==== 6-7 ==== 6-8 ==== 6-9 ==== 6-32 ==== 6-10 ==== 6-11 ==== 6-12 ==== 6-13 ==== 6-14 ==== 6-15 ==== 6-16 ==== 6-17 ==== 6-18 ==== 6-19 ==== 6-20 ==== 6-21 ==== 6-22 ==== 6-23 ==== 6-24 ==== 6-25 ==== 6-26 ==== 6-27 ==== 6-28 ==== 6-29 ==== j(k): 1
6-0 ==== 6-2 ==== 6-3 ==== 6-4 ==== 6-5 ==== 6-7 ==== 6-8 ==== 6-9 ==== 6-33 ==== 6-10 ==== 6-11 ==== 6-12 ==== 6-13 ==== 6-14 ==== 6-15 ==== 6-16 ==== 6-17 ==== 6-18 ==== 6-19 ==== 6-20 ==== 6-21 ==== 6-22 ==== 6-23 ==== 6-24 ==== 6-25 ==== 6-26 ==== 6-27 ==== 6-28 ==== 6-29 ==== 
i: 7
j(k): 0
7-4 ==== 7-32 ==== 7-10 ==== 7-11 ==== 7-12 ==== 7-13 ==== 7-14 ==== 7-15 ==== 7-16 ==== 7-17 ==== 7-18 ==== 7-19 ==== 7-20 ==== 7-21 ==== 7-22 ==== 7-23 ==== 7-24 ==== 7-25 ==== 7-26 ==== 7-27 ==== 7-28 ==== 7-29 ==== j(k): 1
7-4 ==== 7-33 ==== 7-10 ==== 7-11 ==== 7-12 ==== 7-13 ==== 7-14 ==== 7-15 ==== 7-16 ==== 7-17 ==== 7-18 ==== 7-19 ==== 7-20 ==== 7-21 ==== 7-22 ==== 7-23 ==== 7-24 ==== 7-25 ==== 7-26 ==== 7-27 ==== 7-28 ==== 7-29 ==== 
i: 8
j(k): 0
8-0 ==== 8-2 ==== 8-4 ==== 8-7 ==== 8-9 ==== 8-32 ==== 8-10 ==== 8-11 ==== 8-12 ==== 8-13 ==== 8-14 ==== 8-15 ==== 8-16 ==== 8-17 ==== 8-18 ==== 8-19 ==== 8-20 ==== 8-21 ==== 8-22 ==== 8-23 ==== 8-24 ==== 8-25 ==== 8-26 ==== 8-27 ==== 8-28 ==== 8-29 ==== j(k): 1
8-0 ==== 8-2 ==== 8-4 ==== 8-7 ==== 8-9 ==== 8-33 ==== 8-10 ==== 8-11 ==== 8-12 ==== 8-13 ==== 8-14 ==== 8-15 ==== 8-16 ==== 8-17 ==== 8-18 ==== 8-19 ==== 8-20 ==== 8-21 ==== 8-22 ==== 8-23 ==== 8-24 ==== 8-25 ==== 8-26 ==== 8-27 ==== 8-28 ==== 8-29 ==== 
i: 9
j(k): 0
9-2 ==== 9-7 ==== 9-32 ==== 9-10 ==== 9-11 ==== 9-12 ==== 9-13 ==== 9-14 ==== 9-15 ==== 9-16 ==== 9-17 ==== 9-18 ==== 9-19 ==== 9-20 ==== 9-21 ==== 9-22 ==== 9-23 ==== 9-24 ==== 9-25 ==== 9-26 ==== 9-27 ==== 9-28 ==== 9-29 ==== j(k): 1
9-2 ==== 9-7 ==== 9-33 ==== 9-10 ==== 9-11 ==== 9-12 ==== 9-13 ==== 9-14 ==== 9-15 ==== 9-16 ==== 9-17 ==== 9-18 ==== 9-19 ==== 9-20 ==== 9-21 ==== 9-22 ==== 9-23 ==== 9-24 ==== 9-25 ==== 9-26 ==== 9-27 ==== 9-28 ==== 9-29 ==== 
i: 10
j(k): 0
10-0 ==== 10-1 ==== 10-2 ==== 10-3 ==== 10-4 ==== 10-5 ==== 10-6 ==== 10-7 ==== 10-8 ==== 10-9 ==== j(k): 1
10-0 ==== 10-1 ==== 10-2 ==== 10-3 ==== 10-4 ==== 10-5 ==== 10-6 ==== 10-7 ==== 10-8 ==== 10-9 ==== 
i: 11
j(k): 0
11-0 ==== 11-1 ==== 11-2 ==== 11-3 ==== 11-4 ==== 11-5 ==== 11-6 ==== 11-7 ==== 11-8 ==== 11-9 ==== j(k): 1
11-0 ==== 11-1 ==== 11-2 ==== 11-3 ==== 11-4 ==== 11-5 ==== 11-6 ==== 11-7 ==== 11-8 ==== 11-9 ==== 
i: 12
j(k): 0
12-0 ==== 12-1 ==== 12-2 ==== 12-3 ==== 12-4 ==== 12-5 ==== 12-6 ==== 12-7 ==== 12-8 ==== 12-9 ==== j(k): 1
12-0 ==== 12-1 ==== 12-2 ==== 12-3 ==== 12-4 ==== 12-5 ==== 12-6 ==== 12-7 ==== 12-8 ==== 12-9 ==== 
i: 13
j(k): 0
13-0 ==== 13-1 ==== 13-2 ==== 13-3 ==== 13-4 ==== 13-5 ==== 13-6 ==== 13-7 ==== 13-8 ==== 13-9 ==== j(k): 1
13-0 ==== 13-1 ==== 13-2 ==== 13-3 ==== 13-4 ==== 13-5 ==== 13-6 ==== 13-7 ==== 13-8 ==== 13-9 ==== 
i: 14
j(k): 0
14-0 ==== 14-1 ==== 14-2 ==== 14-3 ==== 14-4 ==== 14-5 ==== 14-6 ==== 14-7 ==== 14-8 ==== 14-9 ==== j(k): 1
14-0 ==== 14-1 ==== 14-2 ==== 14-3 ==== 14-4 ==== 14-5 ==== 14-6 ==== 14-7 ==== 14-8 ==== 14-9 ==== 
i: 15
j(k): 0
15-0 ==== 15-1 ==== 15-2 ==== 15-3 ==== 15-4 ==== 15-5 ==== 15-6 ==== 15-7 ==== 15-8 ==== 15-9 ==== j(k): 1
15-0 ==== 15-1 ==== 15-2 ==== 15-3 ==== 15-4 ==== 15-5 ==== 15-6 ==== 15-7 ==== 15-8 ==== 15-9 ==== 
i: 16
j(k): 0
16-0 ==== 16-1 ==== 16-2 ==== 16-3 ==== 16-4 ==== 16-5 ==== 16-6 ==== 16-7 ==== 16-8 ==== 16-9 ==== j(k): 1
16-0 ==== 16-1 ==== 16-2 ==== 16-3 ==== 16-4 ==== 16-5 ==== 16-6 ==== 16-7 ==== 16-8 ==== 16-9 ==== 
i: 17
j(k): 0
17-0 ==== 17-1 ==== 17-2 ==== 17-3 ==== 17-4 ==== 17-5 ==== 17-6 ==== 17-7 ==== 17-8 ==== 17-9 ==== j(k): 1
17-0 ==== 17-1 ==== 17-2 ==== 17-3 ==== 17-4 ==== 17-5 ==== 17-6 ==== 17-7 ==== 17-8 ==== 17-9 ==== 
i: 18
j(k): 0
18-0 ==== 18-1 ==== 18-2 ==== 18-3 ==== 18-4 ==== 18-5 ==== 18-6 ==== 18-7 ==== 18-8 ==== 18-9 ==== j(k): 1
18-0 ==== 18-1 ==== 18-2 ==== 18-3 ==== 18-4 ==== 18-5 ==== 18-6 ==== 18-7 ==== 18-8 ==== 18-9 ==== 
i: 19
j(k): 0
19-0 ==== 19-1 ==== 19-2 ==== 19-3 ==== 19-4 ==== 19-5 ==== 19-6 ==== 19-7 ==== 19-8 ==== 19-9 ==== j(k): 1
19-0 ==== 19-1 ==== 19-2 ==== 19-3 ==== 19-4 ==== 19-5 ==== 19-6 ==== 19-7 ==== 19-8 ==== 19-9 ==== 
i: 20
j(k): 0
20-0 ==== 20-1 ==== 20-2 ==== 20-3 ==== 20-4 ==== 20-5 ==== 20-6 ==== 20-7 ==== 20-8 ==== 20-9 ==== j(k): 1
20-0 ==== 20-1 ==== 20-2 ==== 20-3 ==== 20-4 ==== 20-5 ==== 20-6 ==== 20-7 ==== 20-8 ==== 20-9 ==== 
i: 21
j(k): 0
21-0 ==== 21-1 ==== 21-2 ==== 21-3 ==== 21-4 ==== 21-5 ==== 21-6 ==== 21-7 ==== 21-8 ==== 21-9 ==== j(k): 1
21-0 ==== 21-1 ==== 21-2 ==== 21-3 ==== 21-4 ==== 21-5 ==== 21-6 ==== 21-7 ==== 21-8 ==== 21-9 ==== 
i: 22
j(k): 0
22-0 ==== 22-1 ==== 22-2 ==== 22-3 ==== 22-4 ==== 22-5 ==== 22-6 ==== 22-7 ==== 22-8 ==== 22-9 ==== j(k): 1
22-0 ==== 22-1 ==== 22-2 ==== 22-3 ==== 22-4 ==== 22-5 ==== 22-6 ==== 22-7 ==== 22-8 ==== 22-9 ==== 
i: 23
j(k): 0
23-0 ==== 23-1 ==== 23-2 ==== 23-3 ==== 23-4 ==== 23-5 ==== 23-6 ==== 23-7 ==== 23-8 ==== 23-9 ==== j(k): 1
23-0 ==== 23-1 ==== 23-2 ==== 23-3 ==== 23-4 ==== 23-5 ==== 23-6 ==== 23-7 ==== 23-8 ==== 23-9 ==== 
i: 24
j(k): 0
24-0 ==== 24-1 ==== 24-2 ==== 24-3 ==== 24-4 ==== 24-5 ==== 24-6 ==== 24-7 ==== 24-8 ==== 24-9 ==== j(k): 1
24-0 ==== 24-1 ==== 24-2 ==== 24-3 ==== 24-4 ==== 24-5 ==== 24-6 ==== 24-7 ==== 24-8 ==== 24-9 ==== 
i: 25
j(k): 0
25-0 ==== 25-1 ==== 25-2 ==== 25-3 ==== 25-4 ==== 25-5 ==== 25-6 ==== 25-7 ==== 25-8 ==== 25-9 ==== j(k): 1
25-0 ==== 25-1 ==== 25-2 ==== 25-3 ==== 25-4 ==== 25-5 ==== 25-6 ==== 25-7 ==== 25-8 ==== 25-9 ==== 
i: 26
j(k): 0
26-0 ==== 26-1 ==== 26-2 ==== 26-3 ==== 26-4 ==== 26-5 ==== 26-6 ==== 26-7 ==== 26-8 ==== 26-9 ==== j(k): 1
26-0 ==== 26-1 ==== 26-2 ==== 26-3 ==== 26-4 ==== 26-5 ==== 26-6 ==== 26-7 ==== 26-8 ==== 26-9 ==== 
i: 27
j(k): 0
27-0 ==== 27-1 ==== 27-2 ==== 27-3 ==== 27-4 ==== 27-5 ==== 27-6 ==== 27-7 ==== 27-8 ==== 27-9 ==== j(k): 1
27-0 ==== 27-1 ==== 27-2 ==== 27-3 ==== 27-4 ==== 27-5 ==== 27-6 ==== 27-7 ==== 27-8 ==== 27-9 ==== 
i: 28
j(k): 0
28-0 ==== 28-1 ==== 28-2 ==== 28-3 ==== 28-4 ==== 28-5 ==== 28-6 ==== 28-7 ==== 28-8 ==== 28-9 ==== j(k): 1
28-0 ==== 28-1 ==== 28-2 ==== 28-3 ==== 28-4 ==== 28-5 ==== 28-6 ==== 28-7 ==== 28-8 ==== 28-9 ==== 
i: 29
j(k): 0
29-0 ==== 29-1 ==== 29-2 ==== 29-3 ==== 29-4 ==== 29-5 ==== 29-6 ==== 29-7 ==== 29-8 ==== 29-9 ==== j(k): 1
29-0 ==== 29-1 ==== 29-2 ==== 29-3 ==== 29-4 ==== 29-5 ==== 29-6 ==== 29-7 ==== 29-8 ==== 29-9 ==== 
i: 30
j(k): 0
30-32 ==== 30-0 ==== 30-1 ==== 30-2 ==== 30-3 ==== 30-4 ==== j(k): 1

i: 31
j(k): 0
j(k): 1
31-33 ==== 31-0 ==== 31-1 ==== 31-2 ==== 31-3 ==== 31-4 ==== 
i: 32
j(k): 0
j(k): 1

i: 33
j(k): 0
j(k): 1



Arc V Minus: 
i: 0
j(k): 0
30-0 ==== 1-0 ==== 3-0 ==== 6-0 ==== 8-0 ==== 10-0 ==== 11-0 ==== 12-0 ==== 13-0 ==== 14-0 ==== 15-0 ==== 16-0 ==== 17-0 ==== 18-0 ==== 19-0 ==== 20-0 ==== 21-0 ==== 22-0 ==== 23-0 ==== 24-0 ==== 25-0 ==== 26-0 ==== 27-0 ==== 28-0 ==== 29-0 ==== j(k): 1
31-0 ==== 1-0 ==== 3-0 ==== 6-0 ==== 8-0 ==== 10-0 ==== 11-0 ==== 12-0 ==== 13-0 ==== 14-0 ==== 15-0 ==== 16-0 ==== 17-0 ==== 18-0 ==== 19-0 ==== 20-0 ==== 21-0 ==== 22-0 ==== 23-0 ==== 24-0 ==== 25-0 ==== 26-0 ==== 27-0 ==== 28-0 ==== 29-0 ==== 
i: 1
j(k): 0
30-1 ==== 10-1 ==== 11-1 ==== 12-1 ==== 13-1 ==== 14-1 ==== 15-1 ==== 16-1 ==== 17-1 ==== 18-1 ==== 19-1 ==== 20-1 ==== 21-1 ==== 22-1 ==== 23-1 ==== 24-1 ==== 25-1 ==== 26-1 ==== 27-1 ==== 28-1 ==== 29-1 ==== j(k): 1
31-1 ==== 10-1 ==== 11-1 ==== 12-1 ==== 13-1 ==== 14-1 ==== 15-1 ==== 16-1 ==== 17-1 ==== 18-1 ==== 19-1 ==== 20-1 ==== 21-1 ==== 22-1 ==== 23-1 ==== 24-1 ==== 25-1 ==== 26-1 ==== 27-1 ==== 28-1 ==== 29-1 ==== 
i: 2
j(k): 0
30-2 ==== 0-2 ==== 1-2 ==== 3-2 ==== 4-2 ==== 5-2 ==== 6-2 ==== 8-2 ==== 9-2 ==== 10-2 ==== 11-2 ==== 12-2 ==== 13-2 ==== 14-2 ==== 15-2 ==== 16-2 ==== 17-2 ==== 18-2 ==== 19-2 ==== 20-2 ==== 21-2 ==== 22-2 ==== 23-2 ==== 24-2 ==== 25-2 ==== 26-2 ==== 27-2 ==== 28-2 ==== 29-2 ==== j(k): 1
31-2 ==== 0-2 ==== 1-2 ==== 3-2 ==== 4-2 ==== 5-2 ==== 6-2 ==== 8-2 ==== 9-2 ==== 10-2 ==== 11-2 ==== 12-2 ==== 13-2 ==== 14-2 ==== 15-2 ==== 16-2 ==== 17-2 ==== 18-2 ==== 19-2 ==== 20-2 ==== 21-2 ==== 22-2 ==== 23-2 ==== 24-2 ==== 25-2 ==== 26-2 ==== 27-2 ==== 28-2 ==== 29-2 ==== 
i: 3
j(k): 0
30-3 ==== 0-3 ==== 1-3 ==== 5-3 ==== 6-3 ==== 10-3 ==== 11-3 ==== 12-3 ==== 13-3 ==== 14-3 ==== 15-3 ==== 16-3 ==== 17-3 ==== 18-3 ==== 19-3 ==== 20-3 ==== 21-3 ==== 22-3 ==== 23-3 ==== 24-3 ==== 25-3 ==== 26-3 ==== 27-3 ==== 28-3 ==== 29-3 ==== j(k): 1
31-3 ==== 0-3 ==== 1-3 ==== 5-3 ==== 6-3 ==== 10-3 ==== 11-3 ==== 12-3 ==== 13-3 ==== 14-3 ==== 15-3 ==== 16-3 ==== 17-3 ==== 18-3 ==== 19-3 ==== 20-3 ==== 21-3 ==== 22-3 ==== 23-3 ==== 24-3 ==== 25-3 ==== 26-3 ==== 27-3 ==== 28-3 ==== 29-3 ==== 
i: 4
j(k): 0
30-4 ==== 0-4 ==== 1-4 ==== 2-4 ==== 3-4 ==== 5-4 ==== 6-4 ==== 7-4 ==== 8-4 ==== 10-4 ==== 11-4 ==== 12-4 ==== 13-4 ==== 14-4 ==== 15-4 ==== 16-4 ==== 17-4 ==== 18-4 ==== 19-4 ==== 20-4 ==== 21-4 ==== 22-4 ==== 23-4 ==== 24-4 ==== 25-4 ==== 26-4 ==== 27-4 ==== 28-4 ==== 29-4 ==== j(k): 1
31-4 ==== 0-4 ==== 1-4 ==== 2-4 ==== 3-4 ==== 5-4 ==== 6-4 ==== 7-4 ==== 8-4 ==== 10-4 ==== 11-4 ==== 12-4 ==== 13-4 ==== 14-4 ==== 15-4 ==== 16-4 ==== 17-4 ==== 18-4 ==== 19-4 ==== 20-4 ==== 21-4 ==== 22-4 ==== 23-4 ==== 24-4 ==== 25-4 ==== 26-4 ==== 27-4 ==== 28-4 ==== 29-4 ==== 
i: 5
j(k): 0
0-5 ==== 1-5 ==== 6-5 ==== 10-5 ==== 11-5 ==== 12-5 ==== 13-5 ==== 14-5 ==== 15-5 ==== 16-5 ==== 17-5 ==== 18-5 ==== 19-5 ==== 20-5 ==== 21-5 ==== 22-5 ==== 23-5 ==== 24-5 ==== 25-5 ==== 26-5 ==== 27-5 ==== 28-5 ==== 29-5 ==== j(k): 1
0-5 ==== 1-5 ==== 6-5 ==== 10-5 ==== 11-5 ==== 12-5 ==== 13-5 ==== 14-5 ==== 15-5 ==== 16-5 ==== 17-5 ==== 18-5 ==== 19-5 ==== 20-5 ==== 21-5 ==== 22-5 ==== 23-5 ==== 24-5 ==== 25-5 ==== 26-5 ==== 27-5 ==== 28-5 ==== 29-5 ==== 
i: 6
j(k): 0
1-6 ==== 10-6 ==== 11-6 ==== 12-6 ==== 13-6 ==== 14-6 ==== 15-6 ==== 16-6 ==== 17-6 ==== 18-6 ==== 19-6 ==== 20-6 ==== 21-6 ==== 22-6 ==== 23-6 ==== 24-6 ==== 25-6 ==== 26-6 ==== 27-6 ==== 28-6 ==== 29-6 ==== j(k): 1
1-6 ==== 10-6 ==== 11-6 ==== 12-6 ==== 13-6 ==== 14-6 ==== 15-6 ==== 16-6 ==== 17-6 ==== 18-6 ==== 19-6 ==== 20-6 ==== 21-6 ==== 22-6 ==== 23-6 ==== 24-6 ==== 25-6 ==== 26-6 ==== 27-6 ==== 28-6 ==== 29-6 ==== 
i: 7
j(k): 0
0-7 ==== 1-7 ==== 2-7 ==== 3-7 ==== 4-7 ==== 5-7 ==== 6-7 ==== 8-7 ==== 9-7 ==== 10-7 ==== 11-7 ==== 12-7 ==== 13-7 ==== 14-7 ==== 15-7 ==== 16-7 ==== 17-7 ==== 18-7 ==== 19-7 ==== 20-7 ==== 21-7 ==== 22-7 ==== 23-7 ==== 24-7 ==== 25-7 ==== 26-7 ==== 27-7 ==== 28-7 ==== 29-7 ==== j(k): 1
0-7 ==== 1-7 ==== 2-7 ==== 3-7 ==== 4-7 ==== 5-7 ==== 6-7 ==== 8-7 ==== 9-7 ==== 10-7 ==== 11-7 ==== 12-7 ==== 13-7 ==== 14-7 ==== 15-7 ==== 16-7 ==== 17-7 ==== 18-7 ==== 19-7 ==== 20-7 ==== 21-7 ==== 22-7 ==== 23-7 ==== 24-7 ==== 25-7 ==== 26-7 ==== 27-7 ==== 28-7 ==== 29-7 ==== 
i: 8
j(k): 0
0-8 ==== 1-8 ==== 3-8 ==== 5-8 ==== 6-8 ==== 10-8 ==== 11-8 ==== 12-8 ==== 13-8 ==== 14-8 ==== 15-8 ==== 16-8 ==== 17-8 ==== 18-8 ==== 19-8 ==== 20-8 ==== 21-8 ==== 22-8 ==== 23-8 ==== 24-8 ==== 25-8 ==== 26-8 ==== 27-8 ==== 28-8 ==== 29-8 ==== j(k): 1
0-8 ==== 1-8 ==== 3-8 ==== 5-8 ==== 6-8 ==== 10-8 ==== 11-8 ==== 12-8 ==== 13-8 ==== 14-8 ==== 15-8 ==== 16-8 ==== 17-8 ==== 18-8 ==== 19-8 ==== 20-8 ==== 21-8 ==== 22-8 ==== 23-8 ==== 24-8 ==== 25-8 ==== 26-8 ==== 27-8 ==== 28-8 ==== 29-8 ==== 
i: 9
j(k): 0
0-9 ==== 1-9 ==== 2-9 ==== 3-9 ==== 4-9 ==== 5-9 ==== 6-9 ==== 8-9 ==== 10-9 ==== 11-9 ==== 12-9 ==== 13-9 ==== 14-9 ==== 15-9 ==== 16-9 ==== 17-9 ==== 18-9 ==== 19-9 ==== 20-9 ==== 21-9 ==== 22-9 ==== 23-9 ==== 24-9 ==== 25-9 ==== 26-9 ==== 27-9 ==== 28-9 ==== 29-9 ==== j(k): 1
0-9 ==== 1-9 ==== 2-9 ==== 3-9 ==== 4-9 ==== 5-9 ==== 6-9 ==== 8-9 ==== 10-9 ==== 11-9 ==== 12-9 ==== 13-9 ==== 14-9 ==== 15-9 ==== 16-9 ==== 17-9 ==== 18-9 ==== 19-9 ==== 20-9 ==== 21-9 ==== 22-9 ==== 23-9 ==== 24-9 ==== 25-9 ==== 26-9 ==== 27-9 ==== 28-9 ==== 29-9 ==== 
i: 10
j(k): 0
0-10 ==== 1-10 ==== 2-10 ==== 3-10 ==== 4-10 ==== 5-10 ==== 6-10 ==== 7-10 ==== 8-10 ==== 9-10 ==== j(k): 1
0-10 ==== 1-10 ==== 2-10 ==== 3-10 ==== 4-10 ==== 5-10 ==== 6-10 ==== 7-10 ==== 8-10 ==== 9-10 ==== 
i: 11
j(k): 0
0-11 ==== 1-11 ==== 2-11 ==== 3-11 ==== 4-11 ==== 5-11 ==== 6-11 ==== 7-11 ==== 8-11 ==== 9-11 ==== j(k): 1
0-11 ==== 1-11 ==== 2-11 ==== 3-11 ==== 4-11 ==== 5-11 ==== 6-11 ==== 7-11 ==== 8-11 ==== 9-11 ==== 
i: 12
j(k): 0
0-12 ==== 1-12 ==== 2-12 ==== 3-12 ==== 4-12 ==== 5-12 ==== 6-12 ==== 7-12 ==== 8-12 ==== 9-12 ==== j(k): 1
0-12 ==== 1-12 ==== 2-12 ==== 3-12 ==== 4-12 ==== 5-12 ==== 6-12 ==== 7-12 ==== 8-12 ==== 9-12 ==== 
i: 13
j(k): 0
0-13 ==== 1-13 ==== 2-13 ==== 3-13 ==== 4-13 ==== 5-13 ==== 6-13 ==== 7-13 ==== 8-13 ==== 9-13 ==== j(k): 1
0-13 ==== 1-13 ==== 2-13 ==== 3-13 ==== 4-13 ==== 5-13 ==== 6-13 ==== 7-13 ==== 8-13 ==== 9-13 ==== 
i: 14
j(k): 0
0-14 ==== 1-14 ==== 2-14 ==== 3-14 ==== 4-14 ==== 5-14 ==== 6-14 ==== 7-14 ==== 8-14 ==== 9-14 ==== j(k): 1
0-14 ==== 1-14 ==== 2-14 ==== 3-14 ==== 4-14 ==== 5-14 ==== 6-14 ==== 7-14 ==== 8-14 ==== 9-14 ==== 
i: 15
j(k): 0
0-15 ==== 1-15 ==== 2-15 ==== 3-15 ==== 4-15 ==== 5-15 ==== 6-15 ==== 7-15 ==== 8-15 ==== 9-15 ==== j(k): 1
0-15 ==== 1-15 ==== 2-15 ==== 3-15 ==== 4-15 ==== 5-15 ==== 6-15 ==== 7-15 ==== 8-15 ==== 9-15 ==== 
i: 16
j(k): 0
0-16 ==== 1-16 ==== 2-16 ==== 3-16 ==== 4-16 ==== 5-16 ==== 6-16 ==== 7-16 ==== 8-16 ==== 9-16 ==== j(k): 1
0-16 ==== 1-16 ==== 2-16 ==== 3-16 ==== 4-16 ==== 5-16 ==== 6-16 ==== 7-16 ==== 8-16 ==== 9-16 ==== 
i: 17
j(k): 0
0-17 ==== 1-17 ==== 2-17 ==== 3-17 ==== 4-17 ==== 5-17 ==== 6-17 ==== 7-17 ==== 8-17 ==== 9-17 ==== j(k): 1
0-17 ==== 1-17 ==== 2-17 ==== 3-17 ==== 4-17 ==== 5-17 ==== 6-17 ==== 7-17 ==== 8-17 ==== 9-17 ==== 
i: 18
j(k): 0
0-18 ==== 1-18 ==== 2-18 ==== 3-18 ==== 4-18 ==== 5-18 ==== 6-18 ==== 7-18 ==== 8-18 ==== 9-18 ==== j(k): 1
0-18 ==== 1-18 ==== 2-18 ==== 3-18 ==== 4-18 ==== 5-18 ==== 6-18 ==== 7-18 ==== 8-18 ==== 9-18 ==== 
i: 19
j(k): 0
0-19 ==== 1-19 ==== 2-19 ==== 3-19 ==== 4-19 ==== 5-19 ==== 6-19 ==== 7-19 ==== 8-19 ==== 9-19 ==== j(k): 1
0-19 ==== 1-19 ==== 2-19 ==== 3-19 ==== 4-19 ==== 5-19 ==== 6-19 ==== 7-19 ==== 8-19 ==== 9-19 ==== 
i: 20
j(k): 0
0-20 ==== 1-20 ==== 2-20 ==== 3-20 ==== 4-20 ==== 5-20 ==== 6-20 ==== 7-20 ==== 8-20 ==== 9-20 ==== j(k): 1
0-20 ==== 1-20 ==== 2-20 ==== 3-20 ==== 4-20 ==== 5-20 ==== 6-20 ==== 7-20 ==== 8-20 ==== 9-20 ==== 
i: 21
j(k): 0
0-21 ==== 1-21 ==== 2-21 ==== 3-21 ==== 4-21 ==== 5-21 ==== 6-21 ==== 7-21 ==== 8-21 ==== 9-21 ==== j(k): 1
0-21 ==== 1-21 ==== 2-21 ==== 3-21 ==== 4-21 ==== 5-21 ==== 6-21 ==== 7-21 ==== 8-21 ==== 9-21 ==== 
i: 22
j(k): 0
0-22 ==== 1-22 ==== 2-22 ==== 3-22 ==== 4-22 ==== 5-22 ==== 6-22 ==== 7-22 ==== 8-22 ==== 9-22 ==== j(k): 1
0-22 ==== 1-22 ==== 2-22 ==== 3-22 ==== 4-22 ==== 5-22 ==== 6-22 ==== 7-22 ==== 8-22 ==== 9-22 ==== 
i: 23
j(k): 0
0-23 ==== 1-23 ==== 2-23 ==== 3-23 ==== 4-23 ==== 5-23 ==== 6-23 ==== 7-23 ==== 8-23 ==== 9-23 ==== j(k): 1
0-23 ==== 1-23 ==== 2-23 ==== 3-23 ==== 4-23 ==== 5-23 ==== 6-23 ==== 7-23 ==== 8-23 ==== 9-23 ==== 
i: 24
j(k): 0
0-24 ==== 1-24 ==== 2-24 ==== 3-24 ==== 4-24 ==== 5-24 ==== 6-24 ==== 7-24 ==== 8-24 ==== 9-24 ==== j(k): 1
0-24 ==== 1-24 ==== 2-24 ==== 3-24 ==== 4-24 ==== 5-24 ==== 6-24 ==== 7-24 ==== 8-24 ==== 9-24 ==== 
i: 25
j(k): 0
0-25 ==== 1-25 ==== 2-25 ==== 3-25 ==== 4-25 ==== 5-25 ==== 6-25 ==== 7-25 ==== 8-25 ==== 9-25 ==== j(k): 1
0-25 ==== 1-25 ==== 2-25 ==== 3-25 ==== 4-25 ==== 5-25 ==== 6-25 ==== 7-25 ==== 8-25 ==== 9-25 ==== 
i: 26
j(k): 0
0-26 ==== 1-26 ==== 2-26 ==== 3-26 ==== 4-26 ==== 5-26 ==== 6-26 ==== 7-26 ==== 8-26 ==== 9-26 ==== j(k): 1
0-26 ==== 1-26 ==== 2-26 ==== 3-26 ==== 4-26 ==== 5-26 ==== 6-26 ==== 7-26 ==== 8-26 ==== 9-26 ==== 
i: 27
j(k): 0
0-27 ==== 1-27 ==== 2-27 ==== 3-27 ==== 4-27 ==== 5-27 ==== 6-27 ==== 7-27 ==== 8-27 ==== 9-27 ==== j(k): 1
0-27 ==== 1-27 ==== 2-27 ==== 3-27 ==== 4-27 ==== 5-27 ==== 6-27 ==== 7-27 ==== 8-27 ==== 9-27 ==== 
i: 28
j(k): 0
0-28 ==== 1-28 ==== 2-28 ==== 3-28 ==== 4-28 ==== 5-28 ==== 6-28 ==== 7-28 ==== 8-28 ==== 9-28 ==== j(k): 1
0-28 ==== 1-28 ==== 2-28 ==== 3-28 ==== 4-28 ==== 5-28 ==== 6-28 ==== 7-28 ==== 8-28 ==== 9-28 ==== 
i: 29
j(k): 0
0-29 ==== 1-29 ==== 2-29 ==== 3-29 ==== 4-29 ==== 5-29 ==== 6-29 ==== 7-29 ==== 8-29 ==== 9-29 ==== j(k): 1
0-29 ==== 1-29 ==== 2-29 ==== 3-29 ==== 4-29 ==== 5-29 ==== 6-29 ==== 7-29 ==== 8-29 ==== 9-29 ==== 
i: 30
j(k): 0
j(k): 1

i: 31
j(k): 0
j(k): 1

i: 32
j(k): 0
30-32 ==== 5-32 ==== 6-32 ==== 7-32 ==== 8-32 ==== 9-32 ==== j(k): 1

i: 33
j(k): 0
j(k): 1
31-33 ==== 5-33 ==== 6-33 ==== 7-33 ==== 8-33 ==== 9-33 ==== 


arc V:
i: 0
j: 0
j: 1
j: 2
0 ==== 1 ==== j: 3
0 ==== 1 ==== j: 4
0 ==== 1 ==== j: 5
0 ==== 1 ==== j: 6
j: 7
0 ==== 1 ==== j: 8
0 ==== 1 ==== j: 9
0 ==== 1 ==== j: 10
0 ==== 1 ==== j: 11
0 ==== 1 ==== j: 12
0 ==== 1 ==== j: 13
0 ==== 1 ==== j: 14
0 ==== 1 ==== j: 15
0 ==== 1 ==== j: 16
0 ==== 1 ==== j: 17
0 ==== 1 ==== j: 18
0 ==== 1 ==== j: 19
0 ==== 1 ==== j: 20
0 ==== 1 ==== j: 21
0 ==== 1 ==== j: 22
0 ==== 1 ==== j: 23
0 ==== 1 ==== j: 24
0 ==== 1 ==== j: 25
0 ==== 1 ==== j: 26
0 ==== 1 ==== j: 27
0 ==== 1 ==== j: 28
0 ==== 1 ==== j: 29
0 ==== 1 ==== j: 30
j: 31
j: 32
j: 33

i: 1
j: 0
0 ==== 1 ==== j: 1
j: 2
0 ==== 1 ==== j: 3
0 ==== 1 ==== j: 4
0 ==== 1 ==== j: 5
0 ==== 1 ==== j: 6
0 ==== 1 ==== j: 7
0 ==== 1 ==== j: 8
0 ==== 1 ==== j: 9
0 ==== 1 ==== j: 10
0 ==== 1 ==== j: 11
0 ==== 1 ==== j: 12
0 ==== 1 ==== j: 13
0 ==== 1 ==== j: 14
0 ==== 1 ==== j: 15
0 ==== 1 ==== j: 16
0 ==== 1 ==== j: 17
