
NameOfInst: Instances/sf_data/sfsarp-7-6-3.txt
RunningScen: 1A
Instance Name: sfsarp-7-6-3
Instance type: sf_data
K: 2
Service: 0.0833333
i: 7; 0 - tw: 
ve[i]: 10.8377 - ve[i-n]: 10.6167 - dist[i][i-n]: 0.179997
i: 8; 1 - tw: 
ve[i]: 9.84751 - ve[i-n]: 9.65 - dist[i][i-n]: 0.581268
i: 9; 2 - tw: 
ve[i]: 13.3519 - ve[i-n]: 13.1167 - dist[i][i-n]: 1.44523
i: 10; 3 - tw: 
ve[i]: 10.636 - ve[i-n]: 10.45 - dist[i][i-n]: 0.792679
i: 11; 4 - tw: 
ve[i]: 16.3056 - ve[i-n]: 16.05 - dist[i][i-n]: 1.59593
i: 12; 5 - tw: 
ve[i]: 11.689 - ve[i-n]: 11.5 - dist[i][i-n]: 0.917687
i: 13; 6 - tw: 
ve[i]: 10.9418 - ve[i-n]: 10.75 - dist[i][i-n]: 0.348187

Time windows: 
0: 10.6167 - 10.7833
1: 9.65 - 9.81667
2: 13.1167 - 13.2833
3: 10.45 - 10.6167
4: 16.05 - 16.2167
5: 11.5 - 11.6667
6: 10.75 - 10.9167
7: 10.8377 - 10.8377
8: 9.84751 - 9.84751
9: 13.3519 - 13.3519
10: 10.636 - 10.636
11: 16.3056 - 16.3056
12: 11.689 - 11.689
13: 10.9418 - 10.9418
14: 0 - 24
15: 0 - 24
16: 0 - 24
17: 0 - 24
18: 0 - 24
19: 0 - 24
20: 0 - 24
21: 0 - 24
22: 0 - 24
23: 0 - 24
24: 0 - 24
25: 0 - 24
26: 0 - 24
27: 0 - 24
28: 0 - 24
29: 0 - 24
Service times: 
0: 0.0833333
1: 0.0833333
2: 0.0833333
3: 0.0833333
4: 0.0833333
5: 0.0833333
6: 0.0833333
7: 0.0833333
8: 0.0833333
9: 0.0833333
10: 0.0833333
11: 0.0833333
12: 0.0833333
13: 0.0833333
14: 0.0833333
15: 0.0833333
16: 0.0833333
17: 0.0833333
18: 0.0833333
19: 0.0833333
20: 0.0833333
21: 0.0833333
22: 0.0833333
23: 0.0833333
24: 0.0833333
25: 0.0833333
26: 0
27: 0
28: 0
29: 0
Profits: 
0: 3.4254
1: 3.83871
2: 4.72859
3: 4.05646
4: 4.88381
5: 4.18522
6: 3.59863
7: 0
8: 0
9: 0
10: 0
11: 0
12: 0
13: 0
14: 4.51131
15: 7.16869
16: 4.7179
17: 18.7672
18: 2.74
19: 3.80413
20: 0
21: 0
22: 0
23: 0
24: 0
25: 0
26: 0
27: 0
28: 0
29: 0

Loads: 
0: 3
1: 3
2: 3
3: 3
4: 3
5: 3
6: 3
7: -3
8: -3
9: -3
10: -3
11: -3
12: -3
13: -3
14: 1
15: 1
16: 1
17: 1
18: 1
19: 1
20: -1
21: -1
22: -1
23: -1
24: -1
25: -1
26: 0
27: 0
28: 0
29: 0
Dist Matrix: 
         0    2.79172    1.35989   0.462275  0.0832813    3.64506   0.443051   0.179997    2.21103    2.44868   0.802738    1.51454    2.73669   0.132425    7.49383    7.70411    2.29517    18.8131    3.64599    6.75105     6.6034     2.6808    3.25443   0.503533    3.64599    6.04999    4.70653    4.70653          0          0 
   2.79172          0    2.31764    2.44333    2.87201    1.99412    2.59447    2.65317   0.581268    1.20729    3.15578    1.62303    1.67173    2.66897    9.34335    8.94282   0.496558    21.5502    2.99363    4.96187    7.92683    3.68103    2.45268    2.28886    2.99363    4.75933    6.30626    6.30626          0          0 
   1.35989    2.31764          0   0.930888     1.3887    2.45083   0.918167    1.18923    1.84571    1.44523    1.10115    1.92598    1.53969    1.25265    7.10081    6.94137     1.8974    19.3652    2.28788    5.45252    5.87131    1.62592    1.92102    1.17732    2.28788    4.69919    4.10818    4.10818          0          0 
  0.462275    2.44333   0.930888          0   0.516176    3.18484   0.170266   0.282294    1.87128    1.99943   0.792679    1.39259    2.27502   0.337274    7.47621    7.55449    1.95065    19.1133     3.2031    6.28922    6.46148    2.38724    2.79912   0.336856     3.2031    5.59876    4.60128    4.60128          0          0 
 0.0832813    2.87201     1.3887   0.516176          0    3.70083   0.471463   0.238564    2.29156    2.51194   0.757462    1.59593    2.79006   0.205071    7.43066     7.6591    2.37546    18.7299    3.67656    6.79807    6.55757    2.66739    3.29342   0.584993    3.67656    6.08493     4.6562     4.6562          0          0 
   3.64506    1.99412    2.45083    3.18484    3.70083          0    3.25493    3.46598    2.17266    1.25446    3.55192    3.19825   0.917687     3.5153     8.3959     7.5934    2.11746    21.5461    1.30521    3.17264      6.681    2.89136   0.941163    3.24827    1.30521    2.78138    5.38235    5.38235          0          0 
  0.443051    2.59447   0.918167   0.170266   0.471463    3.25493          0   0.282362    2.02622    2.09524   0.622487    1.56013    2.33974   0.348187    7.31406    7.41458    2.10416    18.9578    3.20567     6.3341    6.31949    2.28733    2.82315   0.490895    3.20567    5.61347    4.45097    4.45097          0          0 
  0.179997    2.65317    1.18923   0.282294   0.238564    3.46598   0.282362          0    2.07439    2.27358   0.764473    1.45268    2.55701   0.065852    7.48167    7.64108    2.15705    18.9277    3.47241    6.57115    6.54282    2.55914    3.07658   0.386592    3.47241    5.87369    4.65853    4.65853          0          0 
   2.21103   0.581268    1.84571    1.87128    2.29156    2.17266    2.02622    2.07439          0    1.08012    2.60233    1.11669    1.60005    2.08893    8.93426    8.64509  0.0879638    20.9839     2.9519    5.28174    7.60514    3.32639    2.40693    1.70792     2.9519    4.94798    5.91779    5.91779          0          0 
   2.44868    1.20729    1.44523    1.99943    2.51194    1.25446    2.09524    2.27358    1.08012          0    2.49942    1.97632    0.52047    2.31661    8.21438    7.74269    1.05841    20.8036    1.87188    4.42663    6.73611    2.53155    1.32682    2.01926    1.87188    3.95038    5.16622    5.16622          0          0 
  0.802738    3.15578    1.10115   0.792679   0.757462    3.55192   0.622487   0.764473    2.60233    2.49942          0    2.17852    2.64024   0.809747    6.71805    6.90222    2.67564    18.4003    3.27073    6.51403     5.8011    1.98509    2.97358    1.09883    3.27073    5.69003    3.90445    3.90445          0          0 
   1.51454    1.62303    1.92598    1.39259    1.59593    3.19825    1.56013    1.45268    1.11669    1.97632    2.17852          0    2.46337    1.43247    8.86079     8.8489    1.19889     20.273    3.73899     6.3538    7.76853    3.55176    3.22209    1.08208    3.73899    5.92652    5.94887    5.94887          0          0 
   2.73669    1.67173    1.53969    2.27502    2.79006   0.917687    2.33974    2.55701    1.60005    0.52047    2.64024    2.46337          0     2.6082    7.92083    7.34355    1.57568    20.7652    1.35336    4.03262    6.36065    2.26143    0.80737    2.35946    1.35336    3.47399    4.87281    4.87281          0          0 
  0.132425    2.66897    1.25265   0.337274   0.205071     3.5153   0.348187   0.065852    2.08893    2.31661   0.809747    1.43247     2.6082          0    7.52338    7.69562    2.17246    18.9234    3.53429    6.62581    6.59677    2.62334    3.13551   0.386564    3.53429    5.93386     4.7094     4.7094          0          0 
   7.49383    9.34335    7.10081    7.47621    7.43066     8.3959    7.31406    7.48167    8.93426    8.21438    6.71805    8.86079    7.92083    7.52338          0    2.19953    8.97724    14.3875    7.15445    9.51282    2.13411    5.68303    7.45821    7.80447    7.15445    8.23083    3.04983    3.04983          0          0 
   7.70411    8.94282    6.94137    7.55449     7.6591     7.5934    7.41458    7.64108    8.64509    7.74269    6.90222     8.8489    7.34355    7.69562    2.19953          0    8.66791     16.447    6.28898    8.02348    1.10435    5.33577    6.71279    7.89073    6.28898    6.76448    3.03635    3.03635          0          0 
   2.29517   0.496558     1.8974    1.95065    2.37546    2.11746    2.10416    2.15705  0.0879638    1.05841    2.67564    1.19889    1.57568    2.17246    8.97724    8.66791          0    21.0619    2.92899    5.21418    7.63188    3.35651    2.38302    1.79237    2.92899    4.89608    5.95613    5.95613          0          0 
   18.8131    21.5502    19.3652    19.1133    18.7299    21.5461    18.9578    18.9277    20.9839    20.8036    18.4003     20.273    20.7652    18.9234    14.3875     16.447    21.0619          0    20.5886    23.5437     16.506     18.692    20.6668    19.3099    20.5886    22.2955    16.6364    16.6364          0          0 
   3.64599    2.99363    2.28788     3.2031    3.67656    1.30521    3.20567    3.47241     2.9519    1.87188    3.27073    3.73899    1.35336    3.53429    7.15445    6.28898    2.92899    20.5886          0    3.30635    5.38727    1.93302   0.546461    3.39114          0    2.42119    4.18535    4.18535          0          0 
   6.75105    4.96187    5.45252    6.28922    6.79807    3.17264     6.3341    6.57115    5.28174    4.42663    6.51403     6.3538    4.03262    6.62581    9.51282    8.02348    5.21418    23.5437    3.30635          0    7.44693     5.1791    3.54061    6.39183    3.30635    1.28209    6.90866    6.90866          0          0 
    6.6034    7.92683    5.87131    6.46148    6.55757      6.681    6.31949    6.54282    7.60514    6.73611     5.8011    7.76853    6.36065    6.59677    2.13411    1.10435    7.63188     16.506    5.38727    7.44693          0    4.28211    5.77399    6.79808    5.38727    6.16697    1.93412    1.93412          0          0 
    2.6808    3.68103    1.62592    2.38724    2.66739    2.89136    2.28733    2.55914    3.32639    2.53155    1.98509    3.55176    2.26143    2.62334    5.68303    5.33577    3.35651     18.692    1.93302     5.1791    4.28211          0    1.97973    2.70332    1.93302    4.13329    2.63473    2.63473          0          0 
   3.25443    2.45268    1.92102    2.79912    3.29342   0.941163    2.82315    3.07658    2.40693    1.32682    2.97358    3.22209    0.80737    3.13551    7.45821    6.71279    2.38302    20.6668   0.546461    3.54061    5.77399    1.97973          0    2.95437   0.546461    2.80415    4.44125    4.44125          0          0 
  0.503533    2.28886    1.17732   0.336856   0.584993    3.24827   0.490895   0.386592    1.70792    2.01926    1.09883    1.08208    2.35946   0.386564    7.80447    7.89073    1.79237    19.3099    3.39114    6.39183    6.79808    2.70332    2.95437          0    3.39114    5.75811    4.93762    4.93762          0          0 
   3.64599    2.99363    2.28788     3.2031    3.67656    1.30521    3.20567    3.47241     2.9519    1.87188    3.27073    3.73899    1.35336    3.53429    7.15445    6.28898    2.92899    20.5886          0    3.30635    5.38727    1.93302   0.546461    3.39114          0    2.42119    4.18535    4.18535          0          0 
   6.04999    4.75933    4.69919    5.59876    6.08493    2.78138    5.61347    5.87369    4.94798    3.95038    5.69003    5.92652    3.47399    5.93386    8.23083    6.76448    4.89608    22.2955    2.42119    1.28209    6.16697    4.13329    2.80415    5.75811    2.42119          0    5.66017    5.66017          0          0 
   4.70653    6.30626    4.10818    4.60128     4.6562    5.38235    4.45097    4.65853    5.91779    5.16622    3.90445    5.94887    4.87281     4.7094    3.04983    3.03635    5.95613    16.6364    4.18535    6.90866    1.93412    2.63473    4.44125    4.93762    4.18535    5.66017          0          0          0          0 
   4.70653    6.30626    4.10818    4.60128     4.6562    5.38235    4.45097    4.65853    5.91779    5.16622    3.90445    5.94887    4.87281     4.7094    3.04983    3.03635    5.95613    16.6364    4.18535    6.90866    1.93412    2.63473    4.44125    4.93762    4.18535    5.66017          0          0          0          0 
         0          0          0          0          0          0          0          0          0          0          0          0          0          0          0          0          0          0          0          0          0          0          0          0          0          0          0          0          0          0 
         0          0          0          0          0          0          0          0          0          0          0          0          0          0          0          0          0          0          0          0          0          0          0          0          0          0          0          0          0          0 

Arcs:
     0   1   2   3   4   5   6   7   8   9  10  11  12  13  14  15  16  17  18  19  20  21  22  23  24  25  26  27  28  29 
  0  0   0   1   0   1   1   1   1   0   1   0   1   1   1   1   1   1   1   1   1   1   1   1   1   1   1   0   0   0   0 
  1  1   0   1   1   1   1   1   1   1   1   1   1   1   1   1   1   1   1   1   1   1   1   1   1   1   1   0   0   0   0 
  2  0   0   0   0   1   0   0   0   0   1   0   1   0   0   1   1   1   1   1   1   1   1   1   1   1   1   0   0   0   0 
  3  1   0   1   0   1   1   1   1   0   1   1   1   1   1   1   1   1   1   1   1   1   1   1   1   1   1   0   0   0   0 
  4  0   0   0   0   0   0   0   0   0   0   0   1   0   0   1   1   1   1   1   1   1   1   1   1   1   1   0   0   0   0 
  5  0   0   1   0   1   0   0   0   0   1   0   1   1   0   1   1   1   1   1   1   1   1   1   1   1   1   0   0   0   0 
  6  1   0   1   0   1   1   0   1   0   1   0   1   1   1   1   1   1   1   1   1   1   1   1   1   1   1   0   0   0   0 
  7  0   0   1   0   1   1   1   0   0   1   0   1   1   1   1   1   1   1   1   1   1   1   1   1   1   1   0   0   1   1 
  8  1   0   1   1   1   1   1   1   0   1   1   1   1   1   1   1   1   1   1   1   1   1   1   1   1   1   0   0   1   1 
  9  0   0   0   0   1   0   0   0   0   0   0   1   0   0   1   1   1   1   1   1   1   1   1   1   1   1   0   0   1   1 
 10  1   0   1   0   1   1   1   1   0   1   0   1   1   1   1   1   1   1   1   1   1   1   1   1   1   1   0   0   1   1 
 11  0   0   0   0   0   0   0   0   0   0   0   0   0   0   1   1   1   1   1   1   1   1   1   1   1   1   0   0   1   1 
 12  0   0   1   0   1   0   0   0   0   1   0   1   0   0   1   1   1   1   1   1   1   1   1   1   1   1   0   0   1   1 
 13  0   0   1   0   1   1   0   0   0   1   0   1   1   0   1   1   1   1   1   1   1   1   1   1   1   1   0   0   1   1 
 14  1   1   1   1   1   1   1   1   1   1   1   1   1   1   0   0   0   0   0   0   0   0   0   0   0   0   0   0   0   0 
 15  1   1   1   1   1   1   1   1   1   1   1   1   1   1   0   0   0   0   0   0   0   0   0   0   0   0   0   0   0   0 
 16  1   1   1   1   1   1   1   1   1   1   1   1   1   1   0   0   0   0   0   0   0   0   0   0   0   0   0   0   0   0 
 17  1   1   1   1   1   1   1   1   1   1   1   1   1   1   0   0   0   0   0   0   0   0   0   0   0   0   0   0   0   0 
 18  1   1   1   1   1   1   1   1   1   1   1   1   1   1   0   0   0   0   0   0   0   0   0   0   0   0   0   0   0   0 
 19  1   1   1   1   1   1   1   1   1   1   1   1   1   1   0   0   0   0   0   0   0   0   0   0   0   0   0   0   0   0 
 20  1   1   1   1   1   1   1   1   1   1   1   1   1   1   0   0   0   0   0   0   0   0   0   0   0   0   0   0   0   0 
 21  1   1   1   1   1   1   1   1   1   1   1   1   1   1   0   0   0   0   0   0   0   0   0   0   0   0   0   0   0   0 
 22  1   1   1   1   1   1   1   1   1   1   1   1   1   1   0   0   0   0   0   0   0   0   0   0   0   0   0   0   0   0 
 23  1   1   1   1   1   1   1   1   1   1   1   1   1   1   0   0   0   0   0   0   0   0   0   0   0   0   0   0   0   0 
 24  1   1   1   1   1   1   1   1   1   1   1   1   1   1   0   0   0   0   0   0   0   0   0   0   0   0   0   0   0   0 
 25  1   1   1   1   1   1   1   1   1   1   1   1   1   1   0   0   0   0   0   0   0   0   0   0   0   0   0   0   0   0 
 26  1   1   1   1   1   1   1   0   0   0   0   0   0   0   0   0   0   0   0   0   0   0   0   0   0   0   0   0   1   0 
 27  1   1   1   1   1   1   1   0   0   0   0   0   0   0   0   0   0   0   0   0   0   0   0   0   0   0   0   0   0   1 
 28  0   0   0   0   0   0   0   0   0   0   0   0   0   0   0   0   0   0   0   0   0   0   0   0   0   0   0   0   0   0 
 29  0   0   0   0   0   0   0   0   0   0   0   0   0   0   0   0   0   0   0   0   0   0   0   0   0   0   0   0   0   0 



All Arcs: 
26-28 ==== 26-0 ==== 26-1 ==== 26-2 ==== 26-3 ==== 26-4 ==== 26-5 ==== 26-6 ==== 27-29 ==== 27-0 ==== 27-1 ==== 27-2 ==== 27-3 ==== 27-4 ==== 27-5 ==== 27-6 ==== 0-2 ==== 0-4 ==== 0-5 ==== 0-6 ==== 0-7 ==== 0-9 ==== 0-11 ==== 0-12 ==== 0-13 ==== 0-14 ==== 0-15 ==== 0-16 ==== 0-17 ==== 0-18 ==== 0-19 ==== 0-20 ==== 0-21 ==== 0-22 ==== 0-23 ==== 0-24 ==== 0-25 ==== 1-0 ==== 1-2 ==== 1-3 ==== 1-4 ==== 1-5 ==== 1-6 ==== 1-7 ==== 1-8 ==== 1-9 ==== 1-10 ==== 1-11 ==== 1-12 ==== 1-13 ==== 1-14 ==== 1-15 ==== 1-16 ==== 1-17 ==== 1-18 ==== 1-19 ==== 1-20 ==== 1-21 ==== 1-22 ==== 1-23 ==== 1-24 ==== 1-25 ==== 2-4 ==== 2-9 ==== 2-11 ==== 2-14 ==== 2-15 ==== 2-16 ==== 2-17 ==== 2-18 ==== 2-19 ==== 2-20 ==== 2-21 ==== 2-22 ==== 2-23 ==== 2-24 ==== 2-25 ==== 3-0 ==== 3-2 ==== 3-4 ==== 3-5 ==== 3-6 ==== 3-7 ==== 3-9 ==== 3-10 ==== 3-11 ==== 3-12 ==== 3-13 ==== 3-14 ==== 3-15 ==== 3-16 ==== 3-17 ==== 3-18 ==== 3-19 ==== 3-20 ==== 3-21 ==== 3-22 ==== 3-23 ==== 3-24 ==== 3-25 ==== 4-11 ==== 4-14 ==== 4-15 ==== 4-16 ==== 4-17 ==== 4-18 ==== 4-19 ==== 4-20 ==== 4-21 ==== 4-22 ==== 4-23 ==== 4-24 ==== 4-25 ==== 5-2 ==== 5-4 ==== 5-9 ==== 5-11 ==== 5-12 ==== 5-14 ==== 5-15 ==== 5-16 ==== 5-17 ==== 5-18 ==== 5-19 ==== 5-20 ==== 5-21 ==== 5-22 ==== 5-23 ==== 5-24 ==== 5-25 ==== 6-0 ==== 6-2 ==== 6-4 ==== 6-5 ==== 6-7 ==== 6-9 ==== 6-11 ==== 6-12 ==== 6-13 ==== 6-14 ==== 6-15 ==== 6-16 ==== 6-17 ==== 6-18 ==== 6-19 ==== 6-20 ==== 6-21 ==== 6-22 ==== 6-23 ==== 6-24 ==== 6-25 ==== 7-2 ==== 7-4 ==== 7-5 ==== 7-6 ==== 7-9 ==== 7-11 ==== 7-12 ==== 7-13 ==== 7-28 ==== 7-29 ==== 7-14 ==== 7-15 ==== 7-16 ==== 7-17 ==== 7-18 ==== 7-19 ==== 7-20 ==== 7-21 ==== 7-22 ==== 7-23 ==== 7-24 ==== 7-25 ==== 8-0 ==== 8-2 ==== 8-3 ==== 8-4 ==== 8-5 ==== 8-6 ==== 8-7 ==== 8-9 ==== 8-10 ==== 8-11 ==== 8-12 ==== 8-13 ==== 8-28 ==== 8-29 ==== 8-14 ==== 8-15 ==== 8-16 ==== 8-17 ==== 8-18 ==== 8-19 ==== 8-20 ==== 8-21 ==== 8-22 ==== 8-23 ==== 8-24 ==== 8-25 ==== 9-4 ==== 9-11 ==== 9-28 ==== 9-29 ==== 9-14 ==== 9-15 ==== 9-16 ==== 9-17 ==== 9-18 ==== 9-19 ==== 9-20 ==== 9-21 ==== 9-22 ==== 9-23 ==== 9-24 ==== 9-25 ==== 10-0 ==== 10-2 ==== 10-4 ==== 10-5 ==== 10-6 ==== 10-7 ==== 10-9 ==== 10-11 ==== 10-12 ==== 10-13 ==== 10-28 ==== 10-29 ==== 10-14 ==== 10-15 ==== 10-16 ==== 10-17 ==== 10-18 ==== 10-19 ==== 10-20 ==== 10-21 ==== 10-22 ==== 10-23 ==== 10-24 ==== 10-25 ==== 11-28 ==== 11-29 ==== 11-14 ==== 11-15 ==== 11-16 ==== 11-17 ==== 11-18 ==== 11-19 ==== 11-20 ==== 11-21 ==== 11-22 ==== 11-23 ==== 11-24 ==== 11-25 ==== 12-2 ==== 12-4 ==== 12-9 ==== 12-11 ==== 12-28 ==== 12-29 ==== 12-14 ==== 12-15 ==== 12-16 ==== 12-17 ==== 12-18 ==== 12-19 ==== 12-20 ==== 12-21 ==== 12-22 ==== 12-23 ==== 12-24 ==== 12-25 ==== 13-2 ==== 13-4 ==== 13-5 ==== 13-9 ==== 13-11 ==== 13-12 ==== 13-28 ==== 13-29 ==== 13-14 ==== 13-15 ==== 13-16 ==== 13-17 ==== 13-18 ==== 13-19 ==== 13-20 ==== 13-21 ==== 13-22 ==== 13-23 ==== 13-24 ==== 13-25 ==== 14-0 ==== 14-1 ==== 14-2 ==== 14-3 ==== 14-4 ==== 14-5 ==== 14-6 ==== 14-7 ==== 14-8 ==== 14-9 ==== 14-10 ==== 14-11 ==== 14-12 ==== 14-13 ==== 15-0 ==== 15-1 ==== 15-2 ==== 15-3 ==== 15-4 ==== 15-5 ==== 15-6 ==== 15-7 ==== 15-8 ==== 15-9 ==== 15-10 ==== 15-11 ==== 15-12 ==== 15-13 ==== 16-0 ==== 16-1 ==== 16-2 ==== 16-3 ==== 16-4 ==== 16-5 ==== 16-6 ==== 16-7 ==== 16-8 ==== 16-9 ==== 16-10 ==== 16-11 ==== 16-12 ==== 16-13 ==== 17-0 ==== 17-1 ==== 17-2 ==== 17-3 ==== 17-4 ==== 17-5 ==== 17-6 ==== 17-7 ==== 17-8 ==== 17-9 ==== 17-10 ==== 17-11 ==== 17-12 ==== 17-13 ==== 18-0 ==== 18-1 ==== 18-2 ==== 18-3 ==== 18-4 ==== 18-5 ==== 18-6 ==== 18-7 ==== 18-8 ==== 18-9 ==== 18-10 ==== 18-11 ==== 18-12 ==== 18-13 ==== 19-0 ==== 19-1 ==== 19-2 ==== 19-3 ==== 19-4 ==== 19-5 ==== 19-6 ==== 19-7 ==== 19-8 ==== 19-9 ==== 19-10 ==== 19-11 ==== 19-12 ==== 19-13 ==== 20-0 ==== 20-1 ==== 20-2 ==== 20-3 ==== 20-4 ==== 20-5 ==== 20-6 ==== 20-7 ==== 20-8 ==== 20-9 ==== 20-10 ==== 20-11 ==== 20-12 ==== 20-13 ==== 21-0 ==== 21-1 ==== 21-2 ==== 21-3 ==== 21-4 ==== 21-5 ==== 21-6 ==== 21-7 ==== 21-8 ==== 21-9 ==== 21-10 ==== 21-11 ==== 21-12 ==== 21-13 ==== 22-0 ==== 22-1 ==== 22-2 ==== 22-3 ==== 22-4 ==== 22-5 ==== 22-6 ==== 22-7 ==== 22-8 ==== 22-9 ==== 22-10 ==== 22-11 ==== 22-12 ==== 22-13 ==== 23-0 ==== 23-1 ==== 23-2 ==== 23-3 ==== 23-4 ==== 23-5 ==== 23-6 ==== 23-7 ==== 23-8 ==== 23-9 ==== 23-10 ==== 23-11 ==== 23-12 ==== 23-13 ==== 24-0 ==== 24-1 ==== 24-2 ==== 24-3 ==== 24-4 ==== 24-5 ==== 24-6 ==== 24-7 ==== 24-8 ==== 24-9 ==== 24-10 ==== 24-11 ==== 24-12 ==== 24-13 ==== 25-0 ==== 25-1 ==== 25-2 ==== 25-3 ==== 25-4 ==== 25-5 ==== 25-6 ==== 25-7 ==== 25-8 ==== 25-9 ==== 25-10 ==== 25-11 ==== 25-12 ==== 25-13 ==== 

Arcs Plus: 
0-2 ==== 0-4 ==== 0-5 ==== 0-6 ==== 0-7 ==== 0-9 ==== 0-11 ==== 0-12 ==== 0-13 ==== 0-14 ==== 0-15 ==== 0-16 ==== 0-17 ==== 0-18 ==== 0-19 ==== 0-20 ==== 0-21 ==== 0-22 ==== 0-23 ==== 0-24 ==== 0-25 ==== 1-0 ==== 1-2 ==== 1-3 ==== 1-4 ==== 1-5 ==== 1-6 ==== 1-7 ==== 1-8 ==== 1-9 ==== 1-10 ==== 1-11 ==== 1-12 ==== 1-13 ==== 1-14 ==== 1-15 ==== 1-16 ==== 1-17 ==== 1-18 ==== 1-19 ==== 1-20 ==== 1-21 ==== 1-22 ==== 1-23 ==== 1-24 ==== 1-25 ==== 2-4 ==== 2-9 ==== 2-11 ==== 2-14 ==== 2-15 ==== 2-16 ==== 2-17 ==== 2-18 ==== 2-19 ==== 2-20 ==== 2-21 ==== 2-22 ==== 2-23 ==== 2-24 ==== 2-25 ==== 3-0 ==== 3-2 ==== 3-4 ==== 3-5 ==== 3-6 ==== 3-7 ==== 3-9 ==== 3-10 ==== 3-11 ==== 3-12 ==== 3-13 ==== 3-14 ==== 3-15 ==== 3-16 ==== 3-17 ==== 3-18 ==== 3-19 ==== 3-20 ==== 3-21 ==== 3-22 ==== 3-23 ==== 3-24 ==== 3-25 ==== 4-11 ==== 4-14 ==== 4-15 ==== 4-16 ==== 4-17 ==== 4-18 ==== 4-19 ==== 4-20 ==== 4-21 ==== 4-22 ==== 4-23 ==== 4-24 ==== 4-25 ==== 5-2 ==== 5-4 ==== 5-9 ==== 5-11 ==== 5-12 ==== 5-14 ==== 5-15 ==== 5-16 ==== 5-17 ==== 5-18 ==== 5-19 ==== 5-20 ==== 5-21 ==== 5-22 ==== 5-23 ==== 5-24 ==== 5-25 ==== 6-0 ==== 6-2 ==== 6-4 ==== 6-5 ==== 6-7 ==== 6-9 ==== 6-11 ==== 6-12 ==== 6-13 ==== 6-14 ==== 6-15 ==== 6-16 ==== 6-17 ==== 6-18 ==== 6-19 ==== 6-20 ==== 6-21 ==== 6-22 ==== 6-23 ==== 6-24 ==== 6-25 ==== 7-2 ==== 7-4 ==== 7-5 ==== 7-6 ==== 7-9 ==== 7-11 ==== 7-12 ==== 7-13 ==== 7-28 ==== 7-29 ==== 7-14 ==== 7-15 ==== 7-16 ==== 7-17 ==== 7-18 ==== 7-19 ==== 7-20 ==== 7-21 ==== 7-22 ==== 7-23 ==== 7-24 ==== 7-25 ==== 8-0 ==== 8-2 ==== 8-3 ==== 8-4 ==== 8-5 ==== 8-6 ==== 8-7 ==== 8-9 ==== 8-10 ==== 8-11 ==== 8-12 ==== 8-13 ==== 8-28 ==== 8-29 ==== 8-14 ==== 8-15 ==== 8-16 ==== 8-17 ==== 8-18 ==== 8-19 ==== 8-20 ==== 8-21 ==== 8-22 ==== 8-23 ==== 8-24 ==== 8-25 ==== 9-4 ==== 9-11 ==== 9-28 ==== 9-29 ==== 9-14 ==== 9-15 ==== 9-16 ==== 9-17 ==== 9-18 ==== 9-19 ==== 9-20 ==== 9-21 ==== 9-22 ==== 9-23 ==== 9-24 ==== 9-25 ==== 10-0 ==== 10-2 ==== 10-4 ==== 10-5 ==== 10-6 ==== 10-7 ==== 10-9 ==== 10-11 ==== 10-12 ==== 10-13 ==== 10-28 ==== 10-29 ==== 10-14 ==== 10-15 ==== 10-16 ==== 10-17 ==== 10-18 ==== 10-19 ==== 10-20 ==== 10-21 ==== 10-22 ==== 10-23 ==== 10-24 ==== 10-25 ==== 11-28 ==== 11-29 ==== 11-14 ==== 11-15 ==== 11-16 ==== 11-17 ==== 11-18 ==== 11-19 ==== 11-20 ==== 11-21 ==== 11-22 ==== 11-23 ==== 11-24 ==== 11-25 ==== 12-2 ==== 12-4 ==== 12-9 ==== 12-11 ==== 12-28 ==== 12-29 ==== 12-14 ==== 12-15 ==== 12-16 ==== 12-17 ==== 12-18 ==== 12-19 ==== 12-20 ==== 12-21 ==== 12-22 ==== 12-23 ==== 12-24 ==== 12-25 ==== 13-2 ==== 13-4 ==== 13-5 ==== 13-9 ==== 13-11 ==== 13-12 ==== 13-28 ==== 13-29 ==== 13-14 ==== 13-15 ==== 13-16 ==== 13-17 ==== 13-18 ==== 13-19 ==== 13-20 ==== 13-21 ==== 13-22 ==== 13-23 ==== 13-24 ==== 13-25 ==== 14-0 ==== 14-1 ==== 14-2 ==== 14-3 ==== 14-4 ==== 14-5 ==== 14-6 ==== 14-7 ==== 14-8 ==== 14-9 ==== 14-10 ==== 14-11 ==== 14-12 ==== 14-13 ==== 15-0 ==== 15-1 ==== 15-2 ==== 15-3 ==== 15-4 ==== 15-5 ==== 15-6 ==== 15-7 ==== 15-8 ==== 15-9 ==== 15-10 ==== 15-11 ==== 15-12 ==== 15-13 ==== 16-0 ==== 16-1 ==== 16-2 ==== 16-3 ==== 16-4 ==== 16-5 ==== 16-6 ==== 16-7 ==== 16-8 ==== 16-9 ==== 16-10 ==== 16-11 ==== 16-12 ==== 16-13 ==== 17-0 ==== 17-1 ==== 17-2 ==== 17-3 ==== 17-4 ==== 17-5 ==== 17-6 ==== 17-7 ==== 17-8 ==== 17-9 ==== 17-10 ==== 17-11 ==== 17-12 ==== 17-13 ==== 18-0 ==== 18-1 ==== 18-2 ==== 18-3 ==== 18-4 ==== 18-5 ==== 18-6 ==== 18-7 ==== 18-8 ==== 18-9 ==== 18-10 ==== 18-11 ==== 18-12 ==== 18-13 ==== 19-0 ==== 19-1 ==== 19-2 ==== 19-3 ==== 19-4 ==== 19-5 ==== 19-6 ==== 19-7 ==== 19-8 ==== 19-9 ==== 19-10 ==== 19-11 ==== 19-12 ==== 19-13 ==== 20-0 ==== 20-1 ==== 20-2 ==== 20-3 ==== 20-4 ==== 20-5 ==== 20-6 ==== 20-7 ==== 20-8 ==== 20-9 ==== 20-10 ==== 20-11 ==== 20-12 ==== 20-13 ==== 21-0 ==== 21-1 ==== 21-2 ==== 21-3 ==== 21-4 ==== 21-5 ==== 21-6 ==== 21-7 ==== 21-8 ==== 21-9 ==== 21-10 ==== 21-11 ==== 21-12 ==== 21-13 ==== 22-0 ==== 22-1 ==== 22-2 ==== 22-3 ==== 22-4 ==== 22-5 ==== 22-6 ==== 22-7 ==== 22-8 ==== 22-9 ==== 22-10 ==== 22-11 ==== 22-12 ==== 22-13 ==== 23-0 ==== 23-1 ==== 23-2 ==== 23-3 ==== 23-4 ==== 23-5 ==== 23-6 ==== 23-7 ==== 23-8 ==== 23-9 ==== 23-10 ==== 23-11 ==== 23-12 ==== 23-13 ==== 24-0 ==== 24-1 ==== 24-2 ==== 24-3 ==== 24-4 ==== 24-5 ==== 24-6 ==== 24-7 ==== 24-8 ==== 24-9 ==== 24-10 ==== 24-11 ==== 24-12 ==== 24-13 ==== 25-0 ==== 25-1 ==== 25-2 ==== 25-3 ==== 25-4 ==== 25-5 ==== 25-6 ==== 25-7 ==== 25-8 ==== 25-9 ==== 25-10 ==== 25-11 ==== 25-12 ==== 25-13 ==== 26-28 ==== 26-0 ==== 26-1 ==== 26-2 ==== 26-3 ==== 26-4 ==== 26-5 ==== 26-6 ==== 27-29 ==== 27-0 ==== 27-1 ==== 27-2 ==== 27-3 ==== 27-4 ==== 27-5 ==== 27-6 ==== 

Arcs Minus: 
26-0 ==== 27-0 ==== 1-0 ==== 3-0 ==== 6-0 ==== 8-0 ==== 10-0 ==== 14-0 ==== 15-0 ==== 16-0 ==== 17-0 ==== 18-0 ==== 19-0 ==== 20-0 ==== 21-0 ==== 22-0 ==== 23-0 ==== 24-0 ==== 25-0 ==== 26-1 ==== 27-1 ==== 14-1 ==== 15-1 ==== 16-1 ==== 17-1 ==== 18-1 ==== 19-1 ==== 20-1 ==== 21-1 ==== 22-1 ==== 23-1 ==== 24-1 ==== 25-1 ==== 26-2 ==== 27-2 ==== 0-2 ==== 1-2 ==== 3-2 ==== 5-2 ==== 6-2 ==== 7-2 ==== 8-2 ==== 10-2 ==== 12-2 ==== 13-2 ==== 14-2 ==== 15-2 ==== 16-2 ==== 17-2 ==== 18-2 ==== 19-2 ==== 20-2 ==== 21-2 ==== 22-2 ==== 23-2 ==== 24-2 ==== 25-2 ==== 26-3 ==== 27-3 ==== 1-3 ==== 8-3 ==== 14-3 ==== 15-3 ==== 16-3 ==== 17-3 ==== 18-3 ==== 19-3 ==== 20-3 ==== 21-3 ==== 22-3 ==== 23-3 ==== 24-3 ==== 25-3 ==== 26-4 ==== 27-4 ==== 0-4 ==== 1-4 ==== 2-4 ==== 3-4 ==== 5-4 ==== 6-4 ==== 7-4 ==== 8-4 ==== 9-4 ==== 10-4 ==== 12-4 ==== 13-4 ==== 14-4 ==== 15-4 ==== 16-4 ==== 17-4 ==== 18-4 ==== 19-4 ==== 20-4 ==== 21-4 ==== 22-4 ==== 23-4 ==== 24-4 ==== 25-4 ==== 26-5 ==== 27-5 ==== 0-5 ==== 1-5 ==== 3-5 ==== 6-5 ==== 7-5 ==== 8-5 ==== 10-5 ==== 13-5 ==== 14-5 ==== 15-5 ==== 16-5 ==== 17-5 ==== 18-5 ==== 19-5 ==== 20-5 ==== 21-5 ==== 22-5 ==== 23-5 ==== 24-5 ==== 25-5 ==== 26-6 ==== 27-6 ==== 0-6 ==== 1-6 ==== 3-6 ==== 7-6 ==== 8-6 ==== 10-6 ==== 14-6 ==== 15-6 ==== 16-6 ==== 17-6 ==== 18-6 ==== 19-6 ==== 20-6 ==== 21-6 ==== 22-6 ==== 23-6 ==== 24-6 ==== 25-6 ==== 0-7 ==== 1-7 ==== 3-7 ==== 6-7 ==== 8-7 ==== 10-7 ==== 14-7 ==== 15-7 ==== 16-7 ==== 17-7 ==== 18-7 ==== 19-7 ==== 20-7 ==== 21-7 ==== 22-7 ==== 23-7 ==== 24-7 ==== 25-7 ==== 1-8 ==== 14-8 ==== 15-8 ==== 16-8 ==== 17-8 ==== 18-8 ==== 19-8 ==== 20-8 ==== 21-8 ==== 22-8 ==== 23-8 ==== 24-8 ==== 25-8 ==== 0-9 ==== 1-9 ==== 2-9 ==== 3-9 ==== 5-9 ==== 6-9 ==== 7-9 ==== 8-9 ==== 10-9 ==== 12-9 ==== 13-9 ==== 14-9 ==== 15-9 ==== 16-9 ==== 17-9 ==== 18-9 ==== 19-9 ==== 20-9 ==== 21-9 ==== 22-9 ==== 23-9 ==== 24-9 ==== 25-9 ==== 1-10 ==== 3-10 ==== 8-10 ==== 14-10 ==== 15-10 ==== 16-10 ==== 17-10 ==== 18-10 ==== 19-10 ==== 20-10 ==== 21-10 ==== 22-10 ==== 23-10 ==== 24-10 ==== 25-10 ==== 0-11 ==== 1-11 ==== 2-11 ==== 3-11 ==== 4-11 ==== 5-11 ==== 6-11 ==== 7-11 ==== 8-11 ==== 9-11 ==== 10-11 ==== 12-11 ==== 13-11 ==== 14-11 ==== 15-11 ==== 16-11 ==== 17-11 ==== 18-11 ==== 19-11 ==== 20-11 ==== 21-11 ==== 22-11 ==== 23-11 ==== 24-11 ==== 25-11 ==== 0-12 ==== 1-12 ==== 3-12 ==== 5-12 ==== 6-12 ==== 7-12 ==== 8-12 ==== 10-12 ==== 13-12 ==== 14-12 ==== 15-12 ==== 16-12 ==== 17-12 ==== 18-12 ==== 19-12 ==== 20-12 ==== 21-12 ==== 22-12 ==== 23-12 ==== 24-12 ==== 25-12 ==== 0-13 ==== 1-13 ==== 3-13 ==== 6-13 ==== 7-13 ==== 8-13 ==== 10-13 ==== 14-13 ==== 15-13 ==== 16-13 ==== 17-13 ==== 18-13 ==== 19-13 ==== 20-13 ==== 21-13 ==== 22-13 ==== 23-13 ==== 24-13 ==== 25-13 ==== 0-14 ==== 1-14 ==== 2-14 ==== 3-14 ==== 4-14 ==== 5-14 ==== 6-14 ==== 7-14 ==== 8-14 ==== 9-14 ==== 10-14 ==== 11-14 ==== 12-14 ==== 13-14 ==== 0-15 ==== 1-15 ==== 2-15 ==== 3-15 ==== 4-15 ==== 5-15 ==== 6-15 ==== 7-15 ==== 8-15 ==== 9-15 ==== 10-15 ==== 11-15 ==== 12-15 ==== 13-15 ==== 0-16 ==== 1-16 ==== 2-16 ==== 3-16 ==== 4-16 ==== 5-16 ==== 6-16 ==== 7-16 ==== 8-16 ==== 9-16 ==== 10-16 ==== 11-16 ==== 12-16 ==== 13-16 ==== 0-17 ==== 1-17 ==== 2-17 ==== 3-17 ==== 4-17 ==== 5-17 ==== 6-17 ==== 7-17 ==== 8-17 ==== 9-17 ==== 10-17 ==== 11-17 ==== 12-17 ==== 13-17 ==== 0-18 ==== 1-18 ==== 2-18 ==== 3-18 ==== 4-18 ==== 5-18 ==== 6-18 ==== 7-18 ==== 8-18 ==== 9-18 ==== 10-18 ==== 11-18 ==== 12-18 ==== 13-18 ==== 0-19 ==== 1-19 ==== 2-19 ==== 3-19 ==== 4-19 ==== 5-19 ==== 6-19 ==== 7-19 ==== 8-19 ==== 9-19 ==== 10-19 ==== 11-19 ==== 12-19 ==== 13-19 ==== 0-20 ==== 1-20 ==== 2-20 ==== 3-20 ==== 4-20 ==== 5-20 ==== 6-20 ==== 7-20 ==== 8-20 ==== 9-20 ==== 10-20 ==== 11-20 ==== 12-20 ==== 13-20 ==== 0-21 ==== 1-21 ==== 2-21 ==== 3-21 ==== 4-21 ==== 5-21 ==== 6-21 ==== 7-21 ==== 8-21 ==== 9-21 ==== 10-21 ==== 11-21 ==== 12-21 ==== 13-21 ==== 0-22 ==== 1-22 ==== 2-22 ==== 3-22 ==== 4-22 ==== 5-22 ==== 6-22 ==== 7-22 ==== 8-22 ==== 9-22 ==== 10-22 ==== 11-22 ==== 12-22 ==== 13-22 ==== 0-23 ==== 1-23 ==== 2-23 ==== 3-23 ==== 4-23 ==== 5-23 ==== 6-23 ==== 7-23 ==== 8-23 ==== 9-23 ==== 10-23 ==== 11-23 ==== 12-23 ==== 13-23 ==== 0-24 ==== 1-24 ==== 2-24 ==== 3-24 ==== 4-24 ==== 5-24 ==== 6-24 ==== 7-24 ==== 8-24 ==== 9-24 ==== 10-24 ==== 11-24 ==== 12-24 ==== 13-24 ==== 0-25 ==== 1-25 ==== 2-25 ==== 3-25 ==== 4-25 ==== 5-25 ==== 6-25 ==== 7-25 ==== 8-25 ==== 9-25 ==== 10-25 ==== 11-25 ==== 12-25 ==== 13-25 ==== 26-28 ==== 7-28 ==== 8-28 ==== 9-28 ==== 10-28 ==== 11-28 ==== 12-28 ==== 13-28 ==== 27-29 ==== 7-29 ==== 8-29 ==== 9-29 ==== 10-29 ==== 11-29 ==== 12-29 ==== 13-29 ==== 

Arc NN: 
0-2 ==== 0-4 ==== 0-5 ==== 0-6 ==== 0-7 ==== 0-9 ==== 0-11 ==== 0-12 ==== 0-13 ==== 1-0 ==== 1-2 ==== 1-3 ==== 1-4 ==== 1-5 ==== 1-6 ==== 1-7 ==== 1-8 ==== 1-9 ==== 1-10 ==== 1-11 ==== 1-12 ==== 1-13 ==== 2-4 ==== 2-9 ==== 2-11 ==== 3-0 ==== 3-2 ==== 3-4 ==== 3-5 ==== 3-6 ==== 3-7 ==== 3-9 ==== 3-10 ==== 3-11 ==== 3-12 ==== 3-13 ==== 4-11 ==== 5-2 ==== 5-4 ==== 5-9 ==== 5-11 ==== 5-12 ==== 6-0 ==== 6-2 ==== 6-4 ==== 6-5 ==== 6-7 ==== 6-9 ==== 6-11 ==== 6-12 ==== 6-13 ==== 7-2 ==== 7-4 ==== 7-5 ==== 7-6 ==== 7-9 ==== 7-11 ==== 7-12 ==== 7-13 ==== 8-0 ==== 8-2 ==== 8-3 ==== 8-4 ==== 8-5 ==== 8-6 ==== 8-7 ==== 8-9 ==== 8-10 ==== 8-11 ==== 8-12 ==== 8-13 ==== 9-4 ==== 9-11 ==== 10-0 ==== 10-2 ==== 10-4 ==== 10-5 ==== 10-6 ==== 10-7 ==== 10-9 ==== 10-11 ==== 10-12 ==== 10-13 ==== 12-2 ==== 12-4 ==== 12-9 ==== 12-11 ==== 13-2 ==== 13-4 ==== 13-5 ==== 13-9 ==== 13-11 ==== 13-12 ==== 

Arc Nplus: 
0-2 ==== 0-4 ==== 0-5 ==== 0-6 ==== 0-7 ==== 0-9 ==== 0-11 ==== 0-12 ==== 0-13 ==== 0-14 ==== 0-15 ==== 0-16 ==== 0-17 ==== 0-18 ==== 0-19 ==== 0-20 ==== 0-21 ==== 0-22 ==== 0-23 ==== 0-24 ==== 0-25 ==== 1-0 ==== 1-2 ==== 1-3 ==== 1-4 ==== 1-5 ==== 1-6 ==== 1-7 ==== 1-8 ==== 1-9 ==== 1-10 ==== 1-11 ==== 1-12 ==== 1-13 ==== 1-14 ==== 1-15 ==== 1-16 ==== 1-17 ==== 1-18 ==== 1-19 ==== 1-20 ==== 1-21 ==== 1-22 ==== 1-23 ==== 1-24 ==== 1-25 ==== 2-4 ==== 2-9 ==== 2-11 ==== 2-14 ==== 2-15 ==== 2-16 ==== 2-17 ==== 2-18 ==== 2-19 ==== 2-20 ==== 2-21 ==== 2-22 ==== 2-23 ==== 2-24 ==== 2-25 ==== 3-0 ==== 3-2 ==== 3-4 ==== 3-5 ==== 3-6 ==== 3-7 ==== 3-9 ==== 3-10 ==== 3-11 ==== 3-12 ==== 3-13 ==== 3-14 ==== 3-15 ==== 3-16 ==== 3-17 ==== 3-18 ==== 3-19 ==== 3-20 ==== 3-21 ==== 3-22 ==== 3-23 ==== 3-24 ==== 3-25 ==== 4-11 ==== 4-14 ==== 4-15 ==== 4-16 ==== 4-17 ==== 4-18 ==== 4-19 ==== 4-20 ==== 4-21 ==== 4-22 ==== 4-23 ==== 4-24 ==== 4-25 ==== 5-2 ==== 5-4 ==== 5-9 ==== 5-11 ==== 5-12 ==== 5-14 ==== 5-15 ==== 5-16 ==== 5-17 ==== 5-18 ==== 5-19 ==== 5-20 ==== 5-21 ==== 5-22 ==== 5-23 ==== 5-24 ==== 5-25 ==== 6-0 ==== 6-2 ==== 6-4 ==== 6-5 ==== 6-7 ==== 6-9 ==== 6-11 ==== 6-12 ==== 6-13 ==== 6-14 ==== 6-15 ==== 6-16 ==== 6-17 ==== 6-18 ==== 6-19 ==== 6-20 ==== 6-21 ==== 6-22 ==== 6-23 ==== 6-24 ==== 6-25 ==== 7-2 ==== 7-4 ==== 7-5 ==== 7-6 ==== 7-9 ==== 7-11 ==== 7-12 ==== 7-13 ==== 7-28 ==== 7-29 ==== 7-14 ==== 7-15 ==== 7-16 ==== 7-17 ==== 7-18 ==== 7-19 ==== 7-20 ==== 7-21 ==== 7-22 ==== 7-23 ==== 7-24 ==== 7-25 ==== 8-0 ==== 8-2 ==== 8-3 ==== 8-4 ==== 8-5 ==== 8-6 ==== 8-7 ==== 8-9 ==== 8-10 ==== 8-11 ==== 8-12 ==== 8-13 ==== 8-28 ==== 8-29 ==== 8-14 ==== 8-15 ==== 8-16 ==== 8-17 ==== 8-18 ==== 8-19 ==== 8-20 ==== 8-21 ==== 8-22 ==== 8-23 ==== 8-24 ==== 8-25 ==== 9-4 ==== 9-11 ==== 9-28 ==== 9-29 ==== 9-14 ==== 9-15 ==== 9-16 ==== 9-17 ==== 9-18 ==== 9-19 ==== 9-20 ==== 9-21 ==== 9-22 ==== 9-23 ==== 9-24 ==== 9-25 ==== 10-0 ==== 10-2 ==== 10-4 ==== 10-5 ==== 10-6 ==== 10-7 ==== 10-9 ==== 10-11 ==== 10-12 ==== 10-13 ==== 10-28 ==== 10-29 ==== 10-14 ==== 10-15 ==== 10-16 ==== 10-17 ==== 10-18 ==== 10-19 ==== 10-20 ==== 10-21 ==== 10-22 ==== 10-23 ==== 10-24 ==== 10-25 ==== 11-28 ==== 11-29 ==== 11-14 ==== 11-15 ==== 11-16 ==== 11-17 ==== 11-18 ==== 11-19 ==== 11-20 ==== 11-21 ==== 11-22 ==== 11-23 ==== 11-24 ==== 11-25 ==== 12-2 ==== 12-4 ==== 12-9 ==== 12-11 ==== 12-28 ==== 12-29 ==== 12-14 ==== 12-15 ==== 12-16 ==== 12-17 ==== 12-18 ==== 12-19 ==== 12-20 ==== 12-21 ==== 12-22 ==== 12-23 ==== 12-24 ==== 12-25 ==== 13-2 ==== 13-4 ==== 13-5 ==== 13-9 ==== 13-11 ==== 13-12 ==== 13-28 ==== 13-29 ==== 13-14 ==== 13-15 ==== 13-16 ==== 13-17 ==== 13-18 ==== 13-19 ==== 13-20 ==== 13-21 ==== 13-22 ==== 13-23 ==== 13-24 ==== 13-25 ==== 

Arc PN: 
14-0 ==== 14-1 ==== 14-2 ==== 14-3 ==== 14-4 ==== 14-5 ==== 14-6 ==== 14-7 ==== 14-8 ==== 14-9 ==== 14-10 ==== 14-11 ==== 14-12 ==== 14-13 ==== 15-0 ==== 15-1 ==== 15-2 ==== 15-3 ==== 15-4 ==== 15-5 ==== 15-6 ==== 15-7 ==== 15-8 ==== 15-9 ==== 15-10 ==== 15-11 ==== 15-12 ==== 15-13 ==== 16-0 ==== 16-1 ==== 16-2 ==== 16-3 ==== 16-4 ==== 16-5 ==== 16-6 ==== 16-7 ==== 16-8 ==== 16-9 ==== 16-10 ==== 16-11 ==== 16-12 ==== 16-13 ==== 17-0 ==== 17-1 ==== 17-2 ==== 17-3 ==== 17-4 ==== 17-5 ==== 17-6 ==== 17-7 ==== 17-8 ==== 17-9 ==== 17-10 ==== 17-11 ==== 17-12 ==== 17-13 ==== 18-0 ==== 18-1 ==== 18-2 ==== 18-3 ==== 18-4 ==== 18-5 ==== 18-6 ==== 18-7 ==== 18-8 ==== 18-9 ==== 18-10 ==== 18-11 ==== 18-12 ==== 18-13 ==== 19-0 ==== 19-1 ==== 19-2 ==== 19-3 ==== 19-4 ==== 19-5 ==== 19-6 ==== 19-7 ==== 19-8 ==== 19-9 ==== 19-10 ==== 19-11 ==== 19-12 ==== 19-13 ==== 

Arc nf: 
26-0 ==== 26-1 ==== 26-2 ==== 26-3 ==== 26-4 ==== 26-5 ==== 26-6 ==== 27-0 ==== 27-1 ==== 27-2 ==== 27-3 ==== 27-4 ==== 27-5 ==== 27-6 ==== 0-2 ==== 0-4 ==== 0-5 ==== 0-6 ==== 0-7 ==== 0-9 ==== 0-11 ==== 0-12 ==== 0-13 ==== 0-14 ==== 0-15 ==== 0-16 ==== 0-17 ==== 0-18 ==== 0-19 ==== 0-20 ==== 0-21 ==== 0-22 ==== 0-23 ==== 0-24 ==== 0-25 ==== 1-0 ==== 1-2 ==== 1-3 ==== 1-4 ==== 1-5 ==== 1-6 ==== 1-7 ==== 1-8 ==== 1-9 ==== 1-10 ==== 1-11 ==== 1-12 ==== 1-13 ==== 1-14 ==== 1-15 ==== 1-16 ==== 1-17 ==== 1-18 ==== 1-19 ==== 1-20 ==== 1-21 ==== 1-22 ==== 1-23 ==== 1-24 ==== 1-25 ==== 2-4 ==== 2-9 ==== 2-11 ==== 2-14 ==== 2-15 ==== 2-16 ==== 2-17 ==== 2-18 ==== 2-19 ==== 2-20 ==== 2-21 ==== 2-22 ==== 2-23 ==== 2-24 ==== 2-25 ==== 3-0 ==== 3-2 ==== 3-4 ==== 3-5 ==== 3-6 ==== 3-7 ==== 3-9 ==== 3-10 ==== 3-11 ==== 3-12 ==== 3-13 ==== 3-14 ==== 3-15 ==== 3-16 ==== 3-17 ==== 3-18 ==== 3-19 ==== 3-20 ==== 3-21 ==== 3-22 ==== 3-23 ==== 3-24 ==== 3-25 ==== 4-11 ==== 4-14 ==== 4-15 ==== 4-16 ==== 4-17 ==== 4-18 ==== 4-19 ==== 4-20 ==== 4-21 ==== 4-22 ==== 4-23 ==== 4-24 ==== 4-25 ==== 5-2 ==== 5-4 ==== 5-9 ==== 5-11 ==== 5-12 ==== 5-14 ==== 5-15 ==== 5-16 ==== 5-17 ==== 5-18 ==== 5-19 ==== 5-20 ==== 5-21 ==== 5-22 ==== 5-23 ==== 5-24 ==== 5-25 ==== 6-0 ==== 6-2 ==== 6-4 ==== 6-5 ==== 6-7 ==== 6-9 ==== 6-11 ==== 6-12 ==== 6-13 ==== 6-14 ==== 6-15 ==== 6-16 ==== 6-17 ==== 6-18 ==== 6-19 ==== 6-20 ==== 6-21 ==== 6-22 ==== 6-23 ==== 6-24 ==== 6-25 ==== 7-2 ==== 7-4 ==== 7-5 ==== 7-6 ==== 7-9 ==== 7-11 ==== 7-12 ==== 7-13 ==== 7-14 ==== 7-15 ==== 7-16 ==== 7-17 ==== 7-18 ==== 7-19 ==== 7-20 ==== 7-21 ==== 7-22 ==== 7-23 ==== 7-24 ==== 7-25 ==== 8-0 ==== 8-2 ==== 8-3 ==== 8-4 ==== 8-5 ==== 8-6 ==== 8-7 ==== 8-9 ==== 8-10 ==== 8-11 ==== 8-12 ==== 8-13 ==== 8-14 ==== 8-15 ==== 8-16 ==== 8-17 ==== 8-18 ==== 8-19 ==== 8-20 ==== 8-21 ==== 8-22 ==== 8-23 ==== 8-24 ==== 8-25 ==== 9-4 ==== 9-11 ==== 9-14 ==== 9-15 ==== 9-16 ==== 9-17 ==== 9-18 ==== 9-19 ==== 9-20 ==== 9-21 ==== 9-22 ==== 9-23 ==== 9-24 ==== 9-25 ==== 10-0 ==== 10-2 ==== 10-4 ==== 10-5 ==== 10-6 ==== 10-7 ==== 10-9 ==== 10-11 ==== 10-12 ==== 10-13 ==== 10-14 ==== 10-15 ==== 10-16 ==== 10-17 ==== 10-18 ==== 10-19 ==== 10-20 ==== 10-21 ==== 10-22 ==== 10-23 ==== 10-24 ==== 10-25 ==== 11-14 ==== 11-15 ==== 11-16 ==== 11-17 ==== 11-18 ==== 11-19 ==== 11-20 ==== 11-21 ==== 11-22 ==== 11-23 ==== 11-24 ==== 11-25 ==== 12-2 ==== 12-4 ==== 12-9 ==== 12-11 ==== 12-14 ==== 12-15 ==== 12-16 ==== 12-17 ==== 12-18 ==== 12-19 ==== 12-20 ==== 12-21 ==== 12-22 ==== 12-23 ==== 12-24 ==== 12-25 ==== 13-2 ==== 13-4 ==== 13-5 ==== 13-9 ==== 13-11 ==== 13-12 ==== 13-14 ==== 13-15 ==== 13-16 ==== 13-17 ==== 13-18 ==== 13-19 ==== 13-20 ==== 13-21 ==== 13-22 ==== 13-23 ==== 13-24 ==== 13-25 ==== 14-0 ==== 14-1 ==== 14-2 ==== 14-3 ==== 14-4 ==== 14-5 ==== 14-6 ==== 14-7 ==== 14-8 ==== 14-9 ==== 14-10 ==== 14-11 ==== 14-12 ==== 14-13 ==== 15-0 ==== 15-1 ==== 15-2 ==== 15-3 ==== 15-4 ==== 15-5 ==== 15-6 ==== 15-7 ==== 15-8 ==== 15-9 ==== 15-10 ==== 15-11 ==== 15-12 ==== 15-13 ==== 16-0 ==== 16-1 ==== 16-2 ==== 16-3 ==== 16-4 ==== 16-5 ==== 16-6 ==== 16-7 ==== 16-8 ==== 16-9 ==== 16-10 ==== 16-11 ==== 16-12 ==== 16-13 ==== 17-0 ==== 17-1 ==== 17-2 ==== 17-3 ==== 17-4 ==== 17-5 ==== 17-6 ==== 17-7 ==== 17-8 ==== 17-9 ==== 17-10 ==== 17-11 ==== 17-12 ==== 17-13 ==== 18-0 ==== 18-1 ==== 18-2 ==== 18-3 ==== 18-4 ==== 18-5 ==== 18-6 ==== 18-7 ==== 18-8 ==== 18-9 ==== 18-10 ==== 18-11 ==== 18-12 ==== 18-13 ==== 19-0 ==== 19-1 ==== 19-2 ==== 19-3 ==== 19-4 ==== 19-5 ==== 19-6 ==== 19-7 ==== 19-8 ==== 19-9 ==== 19-10 ==== 19-11 ==== 19-12 ==== 19-13 ==== 20-0 ==== 20-1 ==== 20-2 ==== 20-3 ==== 20-4 ==== 20-5 ==== 20-6 ==== 20-7 ==== 20-8 ==== 20-9 ==== 20-10 ==== 20-11 ==== 20-12 ==== 20-13 ==== 21-0 ==== 21-1 ==== 21-2 ==== 21-3 ==== 21-4 ==== 21-5 ==== 21-6 ==== 21-7 ==== 21-8 ==== 21-9 ==== 21-10 ==== 21-11 ==== 21-12 ==== 21-13 ==== 22-0 ==== 22-1 ==== 22-2 ==== 22-3 ==== 22-4 ==== 22-5 ==== 22-6 ==== 22-7 ==== 22-8 ==== 22-9 ==== 22-10 ==== 22-11 ==== 22-12 ==== 22-13 ==== 23-0 ==== 23-1 ==== 23-2 ==== 23-3 ==== 23-4 ==== 23-5 ==== 23-6 ==== 23-7 ==== 23-8 ==== 23-9 ==== 23-10 ==== 23-11 ==== 23-12 ==== 23-13 ==== 24-0 ==== 24-1 ==== 24-2 ==== 24-3 ==== 24-4 ==== 24-5 ==== 24-6 ==== 24-7 ==== 24-8 ==== 24-9 ==== 24-10 ==== 24-11 ==== 24-12 ==== 24-13 ==== 25-0 ==== 25-1 ==== 25-2 ==== 25-3 ==== 25-4 ==== 25-5 ==== 25-6 ==== 25-7 ==== 25-8 ==== 25-9 ==== 25-10 ==== 25-11 ==== 25-12 ==== 25-13 ==== 

Arc V Plus: 
0-2 ==== 0-4 ==== 0-5 ==== 0-6 ==== 0-7 ==== 0-9 ==== 0-11 ==== 0-12 ==== 0-13 ==== 0-14 ==== 0-15 ==== 0-16 ==== 0-17 ==== 0-18 ==== 0-19 ==== 0-20 ==== 0-21 ==== 0-22 ==== 0-23 ==== 0-24 ==== 0-25 ==== 0-2 ==== 0-4 ==== 0-5 ==== 0-6 ==== 0-7 ==== 0-9 ==== 0-11 ==== 0-12 ==== 0-13 ==== 0-14 ==== 0-15 ==== 0-16 ==== 0-17 ==== 0-18 ==== 0-19 ==== 0-20 ==== 0-21 ==== 0-22 ==== 0-23 ==== 0-24 ==== 0-25 ==== 
1-0 ==== 1-2 ==== 1-3 ==== 1-4 ==== 1-5 ==== 1-6 ==== 1-7 ==== 1-8 ==== 1-9 ==== 1-10 ==== 1-11 ==== 1-12 ==== 1-13 ==== 1-14 ==== 1-15 ==== 1-16 ==== 1-17 ==== 1-18 ==== 1-19 ==== 1-20 ==== 1-21 ==== 1-22 ==== 1-23 ==== 1-24 ==== 1-25 ==== 1-0 ==== 1-2 ==== 1-3 ==== 1-4 ==== 1-5 ==== 1-6 ==== 1-7 ==== 1-8 ==== 1-9 ==== 1-10 ==== 1-11 ==== 1-12 ==== 1-13 ==== 1-14 ==== 1-15 ==== 1-16 ==== 1-17 ==== 1-18 ==== 1-19 ==== 1-20 ==== 1-21 ==== 1-22 ==== 1-23 ==== 1-24 ==== 1-25 ==== 
