
NameOfInst: Instances_M/csarp/sarp-20-30-C-2.txt
RunningScen: 1A
Instance Name: sarp-20-30-C-2
Instance type: csarp

n: 20
m: 30
K: 7

Time windows: 
0: 9.56667 - 9.73333
1: 16.9833 - 17.15
2: 9.86667 - 10.0333
3: 8.85 - 9.01667
4: 10.7667 - 10.9333
5: 7.78333 - 7.95
6: 11.6167 - 11.7833
7: 21.5 - 21.6667
8: 5.78333 - 5.95
9: 17.1667 - 17.3333
10: 21.3333 - 21.5
11: 1.08333 - 1.25
12: 14.85 - 15.0167
13: 4.1 - 4.26667
14: 16.9667 - 17.1333
15: 14.3667 - 14.5333
16: 14.3 - 14.4667
17: 9.03333 - 9.2
18: 14.7667 - 14.9333
19: 7.3 - 7.46667
20: 10.0016 - 10.1682
21: 17.7085 - 17.8752
22: 10.2619 - 10.4286
23: 9.28915 - 9.45581
24: 11.3235 - 11.4902
25: 7.95502 - 8.12169
26: 11.9861 - 12.1528
27: 21.9751 - 22.1417
28: 6.18924 - 6.35591
29: 17.7874 - 17.954
30: 21.9695 - 22.1362
31: 1.24296 - 1.40963
32: 15.4135 - 15.5802
33: 4.56382 - 4.73049
34: 17.3234 - 17.4901
35: 14.9803 - 15.147
36: 14.5321 - 14.6988
37: 9.68344 - 9.85011
38: 15.3475 - 15.5142
39: 7.45223 - 7.6189
40: 0 - 24
41: 0 - 24
42: 0 - 24
43: 0 - 24
44: 0 - 24
45: 0 - 24
46: 0 - 24
47: 0 - 24
48: 0 - 24
49: 0 - 24
50: 0 - 24
51: 0 - 24
52: 0 - 24
53: 0 - 24
54: 0 - 24
55: 0 - 24
56: 0 - 24
57: 0 - 24
58: 0 - 24
59: 0 - 24
60: 0 - 24
61: 0 - 24
62: 0 - 24
63: 0 - 24
64: 0 - 24
65: 0 - 24
66: 0 - 24
67: 0 - 24
68: 0 - 24
69: 0 - 24
70: 0 - 24
71: 0 - 24
72: 0 - 24
73: 0 - 24
74: 0 - 24
75: 0 - 24
76: 0 - 24
77: 0 - 24
78: 0 - 24
79: 0 - 24
80: 0 - 24
81: 0 - 24
82: 0 - 24
83: 0 - 24
84: 0 - 24
85: 0 - 24
86: 0 - 24
87: 0 - 24
88: 0 - 24
89: 0 - 24
90: 0 - 24
91: 0 - 24
92: 0 - 24
93: 0 - 24
94: 0 - 24
95: 0 - 24
96: 0 - 24
97: 0 - 24
98: 0 - 24
99: 0 - 24
100: 0 - 24
101: 0 - 24
102: 0 - 24
103: 0 - 24
104: 0 - 24
105: 0 - 24
106: 0 - 24
107: 0 - 24
108: 0 - 24
109: 0 - 24
110: 0 - 24
111: 0 - 24
112: 0 - 24
113: 0 - 24
Profits: 
0: 15.4836
1: 23.6573
2: 14.3673
3: 15.6035
4: 18.9178
5: 6.97137
6: 13.6417
7: 16.6147
8: 14.6677
9: 20.7144
10: 21.15
11: 6.46198
12: 19.1048
13: 16.2982
14: 13.2831
15: 20.5167
16: 9.52197
17: 21.5427
18: 19.5921
19: 6.14944
20: 0
21: 0
22: 0
23: 0
24: 0
25: 0
26: 0
27: 0
28: 0
29: 0
30: 0
31: 0
32: 0
33: 0
34: 0
35: 0
36: 0
37: 0
38: 0
39: 0
40: 17.9617
41: 13.8593
42: 16.7162
43: 5.55701
44: 7.97228
45: 7.38776
46: 12.0678
47: 11.6102
48: 21.3158
49: 21.5778
50: 6.54567
51: 15.7317
52: 4.34111
53: 6.03315
54: 3.70715
55: 14.9538
56: 14.3628
57: 16.4808
58: 14.0127
59: 5.81472
60: 21.1327
61: 19.9148
62: 20.0315
63: 5.913
64: 7.91838
65: 19.1385
66: 12.7311
67: 19.7615
68: 9.03376
69: 19.3236
70: 0
71: 0
72: 0
73: 0
74: 0
75: 0
76: 0
77: 0
78: 0
79: 0
80: 0
81: 0
82: 0
83: 0
84: 0
85: 0
86: 0
87: 0
88: 0
89: 0
90: 0
91: 0
92: 0
93: 0
94: 0
95: 0
96: 0
97: 0
98: 0
99: 0
100: 0
101: 0
102: 0
103: 0
104: 0
105: 0
106: 0
107: 0
108: 0
109: 0
110: 0
111: 0
112: 0
113: 0
Dist Matrix: 
         0    4.47416    13.7787    3.49842    12.5671    4.33066    12.7862     9.7775    8.98704    9.83294     16.192    16.1638    8.00072    14.6949    6.58406    6.63551    17.4672    9.72888     7.7759    1.69315     11.887    16.2368    16.6096    9.16539    3.50721     0.8786    15.5846    9.35982    5.32669    8.08216    2.66906    14.1528    9.31007    5.34298    3.17832    11.1457    12.8982    8.07169    11.6135    3.24183     11.663    6.42878    13.6237     13.268     6.1004    5.79426     8.6477    12.8712    13.2517    8.20242    5.98699    9.42451    3.38578    13.3089    15.3294    19.4818    8.15694    6.57302    12.7622    11.1906    16.3143    12.8316    6.45756    9.05266    5.86046    11.8282    6.35296    10.2925    11.0293    14.1975    6.70514    14.2185     4.4618    14.9755   0.842596    10.8007    16.6052    15.8134    11.0826    14.5074    4.14131    16.5945    3.77245    9.35139    14.6661    5.16664    5.88213    12.2983    2.29392    8.67656    7.88554    10.6748     14.396    6.01939    9.15912    8.94424    8.12485    10.4942    4.70346    8.76433    8.07039    11.1371    9.48693    5.48614    5.05847    11.8775    13.1947          0          0          0          0          0          0          0 
   4.47416          0    15.4918    4.83127    9.43406    8.80335    15.5768    13.1431    13.3882    13.8428    15.4318    20.1993    11.8228    19.1392    10.5916    10.6721     15.376    13.6795    12.1951     5.7403    16.2203    19.8226     15.177    8.31196    7.96182    5.24938    15.5203    6.98179    7.20858    3.66315    7.13741    17.8954    10.5615    8.89803    2.88964    10.7312    9.89496    5.49651    11.9245    7.67351    9.10868    8.11824    18.0226    17.0874    6.56193    10.2486    13.1052    17.3182    14.2776    11.6877     6.1208    8.27358    2.67605    16.5239    18.9815    22.3216    10.5079     6.6077    17.1536    15.5574    17.5412    11.2272    9.98054    4.69948    5.34634    8.07265    10.8266    14.5483    9.10924    15.0222    10.0862    18.5611    2.90568    18.2719    5.31419     15.216    20.0309    19.0237    8.15011    11.6867     7.4544    19.7185    4.60509    12.7442    18.4664    7.65605    6.68964     9.9481    3.91489    13.1503    11.3878    9.58033    11.5713    2.92471    11.0564     11.688    7.58733    7.64883     6.3348    12.8116    3.62485    15.6067    10.8143     9.5385    1.41788    16.1919    12.2689          0          0          0          0          0          0          0 
   13.7787    15.4918          0    10.9173    14.4652    13.5538    4.04241    20.9852    16.2572    19.1825    8.54299    12.1477    18.6026    18.9596    17.1753    17.1093    13.3178    19.3415    15.4794    12.3017    12.7379    9.23777    10.8032    22.8415    12.8685    13.1749    6.16991    22.3527    8.57893    18.2209    13.6019    9.08995    4.95147    9.25689    12.7154    7.14659    14.1927     12.506    5.12515    14.0469    24.5637    7.51671    19.0317    9.20778    19.8786    14.2862     13.498    15.0223     2.4514    19.5551    19.7433    9.37954      16.54    5.98343    9.11318    8.12424    5.69555    9.06242    13.9023    17.8605    2.93676    10.1864    18.2571    19.2883    10.3547    16.1317    13.5679    11.4262    10.8946     3.0263    8.09537    13.9835     17.515    7.00621    13.6684    13.4085    8.58524    7.02156    23.6417    14.2582    17.0065    7.08895    17.5179    6.89146    9.68391    8.61285    19.6539    25.3626    12.2064    14.2362     19.292    24.3203    14.2234    18.3495    4.62573    21.3282    8.80333     23.134     9.3779    18.3371    17.1132    15.9666    4.68773     10.391    16.8704    12.5228    8.31091          0          0          0          0          0          0          0 
   3.49842    4.83127    10.9173          0    9.93943    6.37815     10.746    13.0473    11.1224    12.6568    12.6945    15.7947    11.0604    16.4376    9.54915    9.56828    14.1819    12.6173    9.90451     2.9766    12.3707    15.1144    13.1734    12.0034    5.30584    3.39358    12.1243    11.4621    2.40458    8.20027    5.11413    13.2845    6.13669    4.48043    1.94295    7.64743    10.1658    5.47945    8.18391    5.80112    13.7055    3.40598    15.6067    12.5379    9.26335    7.88233    9.89928    13.8682    10.0504    11.4565    9.03874    6.04777    5.64167     11.725    14.3099    17.4943     5.6908    3.08402    13.4506    13.3522    13.2273    9.47796     9.7507    9.29905    2.57174    9.78256    8.02577    10.5817    7.83202    10.9335    5.46232    14.6777    6.59844    13.4815    3.88622    11.6672    15.2652    14.2144    12.8616     11.602    7.58929    14.8966    6.84858    8.03871    13.8857    2.84587    9.13202    14.4766    1.35235    10.1878    11.1408    13.4548    11.4964    7.52376    6.35123    12.3992    4.66577    12.3255    1.55025    11.5852    7.56582    12.7449    6.35347    5.57222    6.10298    12.2969    9.71521          0          0          0          0          0          0          0 
   12.5671    9.43406    14.4652    9.93943          0    16.2839     16.866    22.2336    21.0558    22.3689    9.22055    24.1026    20.5669    26.3297    19.1423    19.1874    6.69326    22.2823     19.834    12.7947    21.7307    22.3566     7.6767    17.0835    15.2212    12.9173    10.7348    14.7341    10.6093    8.74849     14.878    21.1314    10.6045    13.8336    9.39234    7.32034    0.59666    4.52105    9.34547    15.5552    16.1138     10.528    25.5408    20.6602    15.9453     17.803    19.7368    23.4975    12.1867    20.6929    15.4716    5.45836    12.1001    18.5997    21.8113    22.5787     12.607    7.89628    22.9054    23.2884    14.9586    4.76201    18.9418    9.24652    7.51804    2.50473    17.9621     19.907    3.58151    12.2616    14.2496     23.912    12.2512    20.2468    13.2829    21.2949    22.0949     20.663    14.8189    2.39283    16.4695    21.0359    14.0248    16.0936    21.7964    11.5887    16.1079    17.0625     10.499    20.0836    20.3792    18.0399    2.28333    11.4544    12.0533    21.0133    6.76283    14.6023    10.1656    21.2947    7.32768    22.6325    10.8593    15.2342    10.3726     21.614    6.82703          0          0          0          0          0          0          0 
   4.33066    8.80335    13.5538    6.37815    16.2839          0    11.3364    7.53343    4.79639     6.4296    18.1229    12.6457    5.22014    10.3922     3.7039    3.66419    20.3522    6.45045    3.56824    3.50509    7.91863    13.4192    19.0464    11.5724    1.07529    3.62269     16.965    12.6966    6.73477    12.3844    1.66919    11.1873    10.1827    4.35838    7.11071    13.2097    16.5324    11.7783    13.0218     1.2727    14.9274    7.59646    9.38937    10.2221     8.2348    1.52974    4.40475    8.62832    13.8057    6.03456     8.4031    12.2174    7.28715    11.2126    12.4507    17.5476    8.04075    9.10194    8.64968    7.03254    16.4077    15.6077    4.71765    13.3229     8.9249    15.8742    2.04382    6.55675    14.1414    14.8619    5.46275    10.1898    8.26106    12.6454     3.4893    6.65701    14.0058     13.558    14.6033    17.9785    4.11923    14.4172    6.67074    7.43566    11.5829    5.95971    7.81446    15.3947    5.85498    4.35853    5.75831    13.0567    17.8733    10.0119    9.36685    7.79993    10.7084     14.001    6.65671    5.38884    12.3989    6.80749    10.2495    3.20721    9.27796    7.95078    15.4566          0          0          0          0          0          0          0 
   12.7862    15.5768    4.04241     10.746     16.866    11.3364          0    18.3535    13.0979    16.1992     12.371    8.18617    15.9703    15.1427    14.6782    14.5887    16.8739    16.4067    12.5084    11.1257    8.87867    5.60982    14.4858    21.9232    10.9133    12.0195    10.0987    21.9951     8.3844    18.8053    11.8459    5.08464    6.28708    7.54779    12.6872    9.86279    16.7085    13.9696     8.0482    12.1284    24.2844    7.60157    15.3513    5.16549    18.7245    11.7028    10.2232    11.1566    6.12653    17.0577    18.6976    11.4382     15.971    1.99611    5.27809    6.75939    5.10064    9.99366    9.99512    14.4442    6.67847    13.1589    15.9984    19.9072    11.1436    18.1101    10.8235    7.76585    13.3295    6.95514    6.17535    9.97065    17.0283    3.40783    12.4366     9.7313    5.23406    3.81096    23.5332    17.1274    15.2368    4.30091    16.5274    3.92137    5.70312    7.95633     18.416    24.9899    11.8123    10.9905    16.8297    23.4396    17.0731    18.2041    4.98613    19.0681    10.3858    22.9772    9.25885    15.4721    17.9336    12.3929     6.0213    8.16563    16.8302    8.65652    11.5549          0          0          0          0          0          0          0 
    9.7775    13.1431    20.9852    13.0473    22.2336    7.53343    18.3535          0    5.93365    3.00241    25.4778    17.0723    2.39126    9.84275    3.83346    3.88648    27.2082    2.64391    6.01491    10.1414    11.9525    19.0211    26.1879    10.3257    8.41848    9.66157    24.4508    12.9851    14.0554    15.8413    8.09148    16.7962    17.6925    11.8857     12.925    20.4754    22.6027    17.7973    20.4774    7.45089    14.5792    15.0116    8.29336    15.8302    8.11034    6.71105    8.61428    11.0732    21.3374    1.59115    8.62597    19.0943    10.5762    17.7866    18.0531    23.9203    15.5651    16.0789    11.8971    6.34085    23.8759    22.5235    3.32008    16.4098    15.5666     21.184    7.53181    11.6236    20.7924    22.3949    12.9081     13.458    10.9445    18.8954    9.19397    10.3731    19.8507    19.8212    14.9275    24.2573    5.76646     20.706    8.76936    14.4608    16.9681    13.3888    7.66123    14.5833    12.0324    7.89759    1.90649    11.3086    24.1447    12.5882    16.8983    2.35925    17.6908    14.4032    13.7906    3.12175    16.5079    8.29599    17.7698    10.6025    12.7762    12.1159    22.6611          0          0          0          0          0          0          0 
   8.98704    13.3882    16.2572    11.1224    21.0558    4.79639    13.0979    5.93365          0    3.20867     22.139    11.1548    3.96559    5.79897    3.73006    3.59036    24.8279    3.48543    1.22825    8.30055     6.0206    13.1322    23.3219    14.1604    5.84137    8.36929    20.6762    16.0467    11.0948    16.8427    6.35391    10.9336    13.9501    8.09453    11.8995    17.4371     21.288    16.5615    16.9115     5.7454    18.0873    11.7662     4.6379    9.98393    11.0688    3.26674      2.896    5.39026    17.0999    5.23966    11.4229    16.7742    11.4859    12.2322    12.1735    18.1726    11.4434     13.666    6.04937    2.23665    19.1939    20.0951    5.38301    17.7014    13.6296    20.6678    3.20007    5.79945    18.7723    18.1747    8.63744     7.6565    12.3104    13.1693    8.15304    4.43958     13.997    14.0841    18.0411    22.6885    6.90502     14.965    10.3359    9.39986    11.0685    10.1897    10.5787     18.361    10.6513    2.12629    5.18526    15.4794    22.5856    14.1223    12.8039    7.59472    15.2333    17.4506    11.1966    2.81727    17.0124    2.72638     13.946    6.53987    13.6536    6.18239    19.7146          0          0          0          0          0          0          0 
   9.83294    13.8428    19.1825    12.6568    22.3689     6.4296    16.1992    3.00241    3.20867          0    24.5029    14.1835    2.14657    6.98147    3.26664    3.20255    26.7599   0.362367    3.71176    9.68336    9.11969     16.315    25.4748    12.6704    7.47856    9.45583    23.2268    15.0273    13.1589    16.9654    7.54854    14.1304    16.4361    10.5017    12.9853    19.6289    22.6722    17.8521    19.3443    6.86136    16.8399     13.985    5.45478    13.1861    9.98336    5.14998    6.07947    8.09553    19.8303    3.00637    10.4388    18.6121    11.5255    15.4135    15.3623    21.3812    14.0739    15.5057    8.96627    3.34557    22.1131    22.0185    4.14724    17.6814    15.2285    21.6393    5.65565    9.00784    20.4842    20.9038    11.2927    10.4999    12.1329    16.3768    9.08843    7.56359    17.1942    17.2923    17.0195    24.2111    6.50637    18.1734    9.97192    12.4117    14.2465     12.353    9.49526     16.959    11.8855    5.31709    3.13972    13.8134    24.1026    13.9044    15.4379    5.11621    17.1192    16.4591    13.0777    1.07538    17.4029     5.3252    16.4693    9.03667    13.7775    9.29765    21.8821          0          0          0          0          0          0          0 
    16.192    15.4318    8.54299    12.6945    9.22055    18.1229     12.371    25.4778     22.139    24.5029          0    20.5556    23.2895    26.1017    21.7482    21.7324    5.09662    24.5548    21.0867    15.3976    20.2211    17.7756    2.45754    23.7396    17.1307    16.0185    2.46303     22.144    11.4287    16.5704    17.3883    17.4416     8.2134    14.0637    13.6099     5.0493    8.69727    10.2605    5.24223    18.0279    23.9724     10.527    25.8299    17.3941    21.5765    19.3579    19.8317    22.4248    6.24499    23.8991    21.2426    7.16356    17.5833    14.3668    17.6037    15.9657    10.8238    9.62396     21.453    24.1351    7.36281    4.68344    22.2707    17.3941     10.522    11.6291    19.0054    18.6039     6.7584     5.5193    13.5677    21.8721    18.2235    15.5372    16.5339    20.4771    17.1232     15.559    22.7778    7.76409    20.2603    15.5701    19.2199    13.8749    18.0707    12.1636    21.5447    24.8978    13.9498      20.45    23.5917    25.0035    7.79053    18.2264    9.53131     25.057    8.13776    22.4227    11.7112    23.4916    15.1409    22.6739    8.25264    15.6036    16.7863    20.0323    3.16331          0          0          0          0          0          0          0 
   16.1638    20.1993    12.1477    15.7947    24.1026    12.6457    8.18617    17.0723    11.1548    14.1835    20.5556          0    15.0678     9.7363    14.4068    14.2725    24.9601    14.5121    11.3771    14.5792    5.15546     3.5014    22.6351    24.1882    12.9435    15.2857    18.2767    25.2779    13.9844    23.8219    14.0186    3.12814    13.7027    11.3565    17.5615    17.6474    24.0538    20.4638    16.0226    13.8813    27.5383    13.7224    10.6847    3.44272    20.8602    11.9714    8.84224    6.30503    14.3123    16.3452    21.0468    18.6816    19.5237    6.19248    3.14336    8.84086    11.4957    16.4254    5.24876    11.1757    14.4174    20.9647    16.0934    24.8893    17.2536    24.8795    10.9436    6.09844    20.7483    15.1262    10.3587    3.91408    20.5812    5.33239    15.4699    6.73835    4.56841     5.7621    27.1302    24.7563    16.6192    6.31951    19.2615    8.05533    2.48554    13.1335    20.4238     28.033    16.3333    9.40576    16.2496    25.6515    24.6878    22.1823     12.166    18.6924    17.3458    26.5308    14.7155    13.9697    23.3415    8.92142    13.4907    10.7071    21.1201    5.02035    19.5516          0          0          0          0          0          0          0 
   8.00072    11.8228    18.6026    11.0604    20.5669    5.22014    15.9703    2.39126    3.96559    2.14657    23.2895    15.0678          0    8.88853    1.54192    1.56043    25.2391    1.90426      3.767    8.09724    9.91349    16.8195    24.1003    10.6494    6.16405    7.73657    22.1822    12.9142    11.8633    14.8643    5.98011    14.5759    15.4028    9.54684    11.1785    18.3241     20.898    16.0709    18.2287    5.30724    14.7716    12.7801    7.41158    13.6008    7.86256    4.32152    6.39325     9.3331    18.9969    1.27854    8.30808    17.0919     9.4377    15.4411    15.8444     21.618    13.2179    14.0245    10.0129    5.06398    21.4988    20.5195    2.00071    15.5602    13.6194    19.7173    5.14685     9.4056    18.8786    20.0589    10.5355    11.6221    10.0105    16.5941    7.31717     8.3295    17.6144    17.5219    14.9108      22.49    4.41044    18.4064    7.84044    12.0728    14.7857    11.1469    7.37181    14.9283    10.1624    5.72039    1.23085    11.8557    22.3795    11.7722    14.5598    3.63303    15.6434    14.3452    11.6662    1.39237    15.3473    6.59495     15.469    8.22924    11.6894    10.0581    20.5406          0          0          0          0          0          0          0 
   14.6949    19.1392    18.9596    16.4376    26.3297    10.3922    15.1427    9.84275    5.79897    6.98147    26.1017     9.7363    8.88853          0    9.27825    9.14984    29.4198    7.33473    6.95347    13.8179    6.26592    12.8538     27.622    19.5337    11.3573    14.0149    24.2922    21.6671     15.914    22.6302    12.0297    11.1615    17.9674    12.6778    17.4597     21.821    26.5032     21.916    20.8998    11.4666    23.6143    16.3477    1.55155    10.4866    16.6279    8.90087    6.61576    4.00684    20.3953      9.958    17.0267    21.6401    17.2848    13.6272    12.0914    18.3396    15.3181    18.6236    5.21934    3.86567    21.7836    24.7823     10.742     23.498    18.8145     26.168    8.46993    7.58046    23.7276    21.4286    12.7185    5.91301    18.1031    13.8456    13.8533    5.63885    13.9115    14.6172    23.6687    27.7656      12.62    15.3984    16.0985     12.321    10.9459    14.9405    16.1334    23.8049    16.1672    6.25069    10.0469    20.7401    27.6691    19.9157    16.5742    12.0831    20.0893    23.0876    16.2113    7.49686     22.757    3.69722    17.8886    11.1695    19.4473    6.48983    24.0719          0          0          0          0          0          0          0 
   6.58406    10.5916    17.1753    9.54915    19.1423     3.7039    14.6782    3.83346    3.73006    3.26664    21.7482    14.4068    1.54192    9.27825          0   0.141046    23.7201    3.14529    3.06644    6.57828    9.27549    15.8946    22.5625    10.4309    4.62619    6.25874     20.653     12.396    10.3215    13.7874    4.45146    13.6354    13.8797    8.05235    9.75062    16.7824    19.4591    14.6331    16.6942    3.77376    14.3902    11.2416     7.9083    12.6527    7.37621    2.97616    5.57597    9.04725    17.5044    2.39007    7.75667    15.5697    8.34137    14.2677    14.9139    20.5173    11.7317    12.4944    9.55701    5.42243    20.0561    18.9953    1.70358    14.5473    12.1143    18.3751    3.91644    8.52039    17.3762    18.5627    9.08696    11.1885    9.02278    15.5089    5.86273    7.72188    16.6343    16.4372    14.3967    21.0277    3.40015    17.3185    6.91576    10.7613    13.8998    9.60952    6.88305     14.642    8.69139    5.01032    2.15153    11.7525     20.918    10.8221    13.0654    4.48137    14.1136    13.8131    10.1274     2.2203    14.1696    6.45432    13.9507    6.78482    10.5857    9.39314    19.0004          0          0          0          0          0          0          0 
   6.63551    10.6721    17.1093    9.56828    19.1874    3.66419    14.5887    3.88648    3.59036    3.20255    21.7324    14.2725    1.56043    9.14984   0.141046          0    23.7334    3.09516    2.92755    6.59462    9.13947    15.7722    22.5614    10.5703    4.60441    6.29324    20.6227    12.5276    10.3082     13.884    4.46297    13.5136    13.8453    8.00407    9.79715    16.7735    19.5006    14.6757    16.6683    3.78172    14.5256    11.2204    7.78539    12.5311    7.51067      2.886    5.44413    8.90623    17.4564    2.47133    7.88879    15.5819     8.4388    14.1643    14.7917    20.4081     11.681    12.5016    9.41731    5.29655    19.9938    19.0058    1.84298    14.6495    12.1356    18.4368    3.81219    8.39379    17.3979    18.5161     9.0247    11.0487     9.1295    15.3976    5.90506    7.58456    16.5155    16.3261     14.528    21.0628    3.51429    17.2078    7.02915    10.6735    13.7749    9.58675    7.01774    14.7796    8.72648    4.87414    2.24313     11.893    20.9533    10.9307    13.0178    4.59461    14.1207    13.9438    10.1259    2.14586    14.2554    6.31421    13.9136    6.72063    10.6809    9.25793    18.9955          0          0          0          0          0          0          0 
   17.4672     15.376    13.3178    14.1819    6.69326    20.3522    16.8739    27.2082    24.8279    26.7599    5.09662    24.9601    25.2391    29.4198    23.7201    23.7334          0     26.747    23.6746    17.1427    23.9271    22.4291    2.63918    23.4572    19.2888    17.5497    7.51923    21.3012    13.7332    15.3471    19.2704    21.8332    11.6266    16.8345    14.4272     7.6305      6.099    9.89163    8.96037    19.9528     22.776    13.1222    28.9316    21.6504    21.9174      21.76    22.8895    26.0114    10.8935    25.6201    21.4925    8.15258    17.9099    18.8506    22.1519    21.0089    14.2395    11.2545    25.1639    26.9694    12.4414    4.74498    23.8953    15.9146     11.642    9.13751    21.6279    22.1912    6.45446    10.3699    16.7046    25.8044    18.2809    20.1852    18.0144    23.9231    21.8664    20.3097    21.4897     4.4039    21.5967    20.4065    19.7617     17.647     22.486    14.6479    22.0009    23.7248    15.1857    23.4094    25.3034    24.5169    4.49427    17.7794    13.1467    26.3625    9.64382    21.2524    13.6978     25.699    13.8978    25.8214    11.7677     18.393    16.5304    23.7609    5.46828          0          0          0          0          0          0          0 
   9.72888    13.6795    19.3415    12.6173    22.2823    6.45045    16.4067    2.64391    3.48543   0.362367    24.5548    14.5121    1.90426    7.33473    3.14529    3.09516     26.747          0    3.90068    9.64095    9.43489    16.6105     25.494    12.3467    7.48565    9.38105    23.3101    14.7317    13.1852    16.7622    7.50346     14.418    16.5166    10.5863    12.8923    19.6598    22.5936    17.7696    19.4121    6.81625    16.5265    14.0303    5.80435    13.4693    9.69427    5.22536    6.33127    8.44367    19.9488    2.67616    10.1561    18.5957    11.3293    15.6539    15.6548    21.6511    14.1826    15.4957     9.3025    3.70765    22.2688    22.0088    3.89735    17.4637    15.1887    21.5149    5.78807    9.28175    20.4488    21.0211    11.4128    10.8431     11.914    16.6412    8.99953    7.87259    17.4816    17.5588    16.7211    24.1476    6.30316     18.441     9.7447    12.5985    14.5439    12.3956    9.20812    16.6358    11.8138    5.57462    2.82565    13.4781    24.0385    13.6764    15.5447    4.75719    17.1118    16.1636    13.0799    1.06331    17.2246    5.67047    16.5558    9.14177    13.5817    9.61007    21.9067          0          0          0          0          0          0          0 
    7.7759    12.1951    15.4794    9.90451     19.834    3.56824    12.5084    6.01491    1.22825    3.71176    21.0867    11.3771      3.767    6.95347    3.06644    2.92755    23.6746    3.90068          0    7.07271    6.22943    13.0531    22.2128    13.3712    4.61583    7.14603    19.6896    15.1055    9.94513    15.6774    5.13289    10.8118    12.9285    7.02318     10.672    16.3307    20.0701    15.3368    15.8758    4.53477    17.1964    10.6544    5.84973    9.83867    10.1941    2.03871    2.62625    6.03574    16.1945    5.02274     10.515    15.5976    10.3556    11.8082    12.0786    17.9061    10.4775    12.4845    6.49314    3.46436    18.4125    18.9361    4.76994     16.553    12.4206    19.4397    2.08183    5.63938    17.5814    17.2696     7.6745    8.12513     11.211    12.8815    6.93919    4.66376    13.8556    13.8068    17.0896    21.4813     5.9432    14.6916     9.2921    8.70118     11.019    9.05848    9.71118    17.5141    9.42304    1.97455    4.89651    14.7374    21.3778    13.0187    11.8428      7.342    14.0617    16.4943    10.0152    2.98008    15.8172    3.61576    12.9389    5.49126    12.4987    6.35688    18.6053          0          0          0          0          0          0          0 
   1.69315     5.7403    12.3017     2.9766    12.7947    3.50509    11.1257    10.1414    8.30055    9.68336    15.3976    14.5792    8.09724    13.8179    6.57828    6.59462    17.1427    9.64095    7.07271          0    10.4802    14.5583    16.0468       10.8    2.47124   0.897248    14.5717     11.051    4.11087     9.4033    2.13756    12.4915    8.05001     3.6511    3.64223    10.3646    13.0579    8.28143    10.5718     2.8247    13.3544    5.17985    12.8741     11.619    7.65212    5.03402    7.48189    11.6471    11.9561    8.55145     7.5873    8.99466     5.0552     11.617    13.6572     17.803    6.62521    5.94148     11.427    10.5371    14.9257    12.4229    6.88316    10.4261    5.54776    12.3799     5.3496    8.81553    10.8086    12.9421    5.01713    12.8213     6.1347    13.2824    1.36722    9.50947    14.9158    14.1207    12.7586    14.5461    4.94862    14.9034    5.40217    7.65836    13.0158     3.7327    7.38713    13.9914    2.35674    7.63198    8.23848    12.3152     14.439    7.62692    7.71708    9.68497    7.55746    12.1728    3.68847     8.6107     9.1956     10.168    8.19736    3.87249    6.54679    10.4518    12.5257          0          0          0          0          0          0          0 
    11.887    16.2203    12.7379    12.3707    21.7307    7.91863    8.87867    11.9525     6.0206    9.11969    20.2211    5.15546    9.91349    6.26592    9.27549    9.13947    23.9271    9.43489    6.22943    10.4802          0    7.29337    21.9276     19.272    8.43838    11.0355    18.2707    20.6054    11.1307    19.8828     9.4582    5.24379    12.3056    7.97966    13.8785    16.3035    21.8021    17.6061    15.1265    9.19007    22.8174    11.2588    6.60811    4.41276    15.9767    7.00818    3.75954    2.28503    14.3057    11.1904    16.2102    16.6019    15.1176    7.39103    6.38324    12.6086    9.69082    13.8347    1.23846    6.35104    15.5323    19.4607    10.9709    20.8974    14.3498    22.0381    6.02541    1.82422    18.7313    15.3117    7.49694     2.3413    16.1308    7.80312     11.109    1.58518    8.25026    8.64917    22.5211    22.8312    11.6841    9.48986    14.5853    6.35069    5.22824    10.1607    15.5212    23.2468      12.57    4.26536    11.0942    20.7045    22.7456    17.8357    10.8117     13.537    15.1001    21.9187     11.665    8.83776    19.6284    4.05859    12.1801     6.8195    16.9446   0.227785    18.4793          0          0          0          0          0          0          0 
   16.2368    19.8226    9.23777    15.1144    22.3566    13.4192    5.60982    19.0211    13.1322     16.315    17.7756     3.5014    16.8195    12.8538    15.8946    15.7722    22.4291    16.6105    13.0531    14.5583    7.29337          0     19.986    24.9088    13.4376    15.3741    15.4043    25.5814    12.9842    23.3122    14.5104    2.26144    11.7549    10.9908    17.0115    15.4631    22.2311    19.1499    13.6567    14.5393    27.8804    12.4651    13.6052    3.24498     21.578    13.1267    10.4275    9.07393    11.5712    18.0654    21.6801     16.901    19.6135    3.75752   0.981293    5.48786    10.0036    15.0857    7.87159    13.6431    11.2134     18.766    17.4995    24.4084    16.0977    23.4396    12.0898    7.41389    18.8601    12.2638     9.7393    6.94645    20.6929    2.24515    15.6644    8.77789    1.08151     2.3629    27.3168    22.7168    17.5354    2.82416    19.6959    7.08309    2.07189    12.2882    21.1852    28.4718    15.9102    11.1254    17.9175    26.4139    22.6601    22.1339    10.3169    20.3467    15.7274    26.7301    13.8097    15.9064    22.6333    11.3483    11.5057    10.8228    20.9128    7.09017    17.1554          0          0          0          0          0          0          0 
   16.6096     15.177    10.8032    13.1734     7.6767    19.0464    14.4858    26.1879    23.3219    25.4748    2.45754    22.6351    24.1003     27.622    22.5625    22.5614    2.63918     25.494    22.2128    16.0468    21.9276     19.986          0    23.4501    18.0098    16.5646    4.88883    21.5763    12.3182    15.7728    18.1273    19.5083    9.66433    15.2373    13.7608    5.88487    7.10136    9.74154    6.80541    18.7941    23.2487    11.5589     27.238    19.3872    21.5759    20.3788    21.1957     24.075    8.41559    24.5975    21.1952    7.20481    17.5418    16.4768    19.7562    18.3915    12.3149    10.1116    23.1657    25.4005    9.80798       3.95    22.9122    16.4865    10.7639    10.1745    20.1383    20.2417    6.08771    7.81446    14.9335    23.7028    18.0567    17.7411    17.0595    22.0473     19.382    17.8201    22.0038    5.82653    20.7443    17.8791       19.3    15.5893    20.1516    13.1612    21.6005    24.1902    14.3189    21.7655    24.2839    24.6229    5.87756    17.8155    11.1196    25.5528    8.50829     21.702    12.4355     24.434    14.3148     24.096    9.76365    16.8007    16.4517    21.7502    3.60767          0          0          0          0          0          0          0 
   9.16539    8.31196    22.8415    12.0034    17.0835    11.5724    21.9232    10.3257    14.1604    12.6704    23.7396    24.1882    10.6494    19.5337    10.4309    10.5703    23.4572    12.3467    13.3712       10.8     19.272    24.9088    23.4501          0    11.4715    9.90461    23.7254    3.13625    14.2684    8.51322    10.4023    22.7089    18.1399     14.399    10.4418    18.9648    17.6224    13.7136     19.974    10.3878    4.26267    15.3491    18.0604    21.7581    3.33887    12.2653    15.5293    19.4061    22.0462    9.67133    3.24669    16.5771    6.38444    22.3036    23.9547    28.5656    17.2976    14.5927    19.7739    15.6863      25.23    19.5063    8.82686    8.44663    13.4348    15.1205    13.2681      18.09    17.3641    22.9014    15.7775    21.3946    5.56181    23.8988    9.49107    17.8263    25.4113    24.7737    4.79611    19.4592    7.58885    25.5895    5.39895    18.3403    23.1338    14.2788    3.76436    4.28919    10.6702    15.1506    9.53297    1.51926    19.3462    5.67785    18.2193    8.00018    15.7852    4.37051    13.5014    12.0387    9.81948    16.8817    18.3539    14.1483     6.9987    19.3425    20.5776          0          0          0          0          0          0          0 
   3.50721    7.96182    12.8685    5.30584    15.2212    1.07529    10.9133    8.41848    5.84137    7.47856    17.1307    12.9435    6.16405    11.3573    4.62619    4.60441    19.2888    7.48565    4.61583    2.47124    8.43838    13.4376    18.0098    11.4715          0    2.71664    16.0341    12.3356    5.71523    11.5878    1.08264    11.2461    9.27625    3.61173     6.1058    12.1897    15.4647    10.7211    12.0691    1.21595    14.6032    6.61605    10.4029    10.3047    8.14403    2.58178    5.14403    9.36442    12.9803    6.87797    8.24428    11.1493    6.68057    10.9732    12.4856    17.3033    7.26055    8.03575    9.27154    8.07763    15.6794    14.5451    5.42216     12.559    7.84986     14.851    2.90268    6.92876    13.0671    14.0253    4.84848    10.7551    7.70375    12.4925    2.69272    7.30046    13.9511     13.388    14.1915    16.9046    4.32623    14.2286    6.33131     7.0816    11.6904    4.98333    7.76241    15.1263    4.82797    5.21404    6.58661    12.9784    16.7996    9.39728    8.55312    8.47035    9.64528    13.5911    5.59918    6.42775    11.5203    7.72593    9.35952    2.77197    8.54782    8.44422     14.427          0          0          0          0          0          0          0 
    0.8786    5.24938    13.1749    3.39358    12.9173    3.62269    12.0195    9.66157    8.36929    9.45583    16.0185    15.2857    7.73657    14.0149    6.25874    6.29324    17.5497    9.38105    7.14603   0.897248    11.0355    15.3741    16.5646    9.90461    2.71664          0     15.284     10.212    4.87731    8.88866    2.01807    13.2817    8.84941    4.52474    3.56683    10.9715    13.2164     8.3979    11.2906    2.66495     12.514    5.96619     12.992    12.3937    6.75681    5.12845     7.8568    12.0692    12.7733    8.07199    6.69009    9.43473    4.26057    12.4857    14.4629    18.6885    7.50841    6.46023    11.9287    10.5932     15.775    12.8628    6.35857    9.87758    5.90816    12.3279    5.60485    9.42608    11.1535     13.746    5.89715    13.3704     5.3344    14.1398   0.525821    9.97711    15.7548     14.985    11.9512    14.7696    4.24619    15.7739    4.50793    8.52189    13.7919    4.58111     6.4969    13.1353    2.43326    7.92464    7.75562    11.4204    14.6601    6.89698     8.5775    9.03919    8.05633    11.3613    4.36231    8.38079    8.80491    10.4174    9.00782      4.609    5.91147    11.0218    13.0868          0          0          0          0          0          0          0 
   15.5846    15.5203    6.16991    12.1243    10.7348     16.965    10.0987    24.4508    20.6762    23.2268    2.46303    18.2767    22.1822    24.2922     20.653    20.6227    7.51923    23.3101    19.6896    14.5717    18.2707    15.4043    4.88883    23.7254    16.0341     15.284          0    22.4273    10.4754    17.1699    16.4298    15.1833    6.79432    12.7254    13.3439    4.79344    10.2781    10.7985    4.00057    17.0308    24.3926    9.45896     24.126    15.1994    21.2983    18.0848    18.2129    20.5136    4.01611    22.8974    21.0159    7.40579    17.4101     12.086    15.2757     13.507    9.23454    9.19435    19.4895     22.577    4.92266    5.97473    21.3418    18.0864    10.2943    12.9798    17.6247    16.7304    7.70198    3.15338    12.0389    19.7999    18.1639    13.1759    15.8091    18.6534    14.7202    13.1572    23.2611    9.66406    19.5139    13.1391    18.8953    11.9782    15.7983    11.0662    21.2105    25.2928    13.4507    18.8729    22.5988    25.0679    9.66968    18.4107    7.88025    24.2454    7.94552    22.8565    10.9223    22.2527    15.7996    20.9758    6.75839     14.209    16.9227    18.0726    3.94822          0          0          0          0          0          0          0 
   9.35982    6.98179    22.3527    11.4621    14.7341    12.6966    21.9951    12.9851    16.0467    15.0273     22.144    25.2779    12.9142    21.6671     12.396    12.5276    21.3012    14.7317    15.1055     11.051    20.6054    25.5814    21.5763    3.13625    12.3356     10.212    22.4273          0    13.8546    5.98687    11.2593    23.4653    17.4686    14.6906    9.63957     17.635    15.3016    11.9022    18.9014    11.4326    2.30358    14.8647    20.2589    22.5567     5.0542    13.6813     16.964     21.051     21.244    12.1038    4.64047    15.0725     6.0351    22.6471    24.6628    28.7418     17.084    13.5857    21.2589    17.8028    24.4997    17.6903    10.9603     5.6642    12.3281    12.5825    14.6023    19.2294    15.5243    22.0021    16.0367     22.841    4.96817    24.3289    9.92018      19.27    25.9648    25.1573    2.00187    17.1269     9.1628    25.9249    6.02766    18.7019    23.9535    14.0809    5.54734    3.01463     10.244    16.7055    11.9147    3.46546    17.0173     4.0573    17.8132    10.7477     14.536    1.43196    13.0122    14.2655    7.41351      18.71     17.711    14.7741    5.56434    20.6443    18.9961          0          0          0          0          0          0          0 
   5.32669    7.20858    8.57893    2.40458    10.6093    6.73477     8.3844    14.0554    11.0948    13.1589    11.4287    13.9844    11.8633     15.914    10.3215    10.3082    13.7332    13.1852    9.94513    4.11087    11.1307    12.9842    12.3182    14.2684    5.71523    4.87731    10.4754    13.8546          0     10.447    5.97796    11.2868    3.98514    3.25378    4.32321    6.47591    10.7066    6.54138    6.47534    6.60481    16.1052    1.10238    15.2882    10.6204    11.3771    8.06599    9.30231    12.8995    7.92511    12.4821    11.2068    5.73633    7.96595    9.47474    12.2305    15.1165    3.29954    2.73315    12.2976    13.2467    11.0086    9.00212    10.8851    11.5501    3.28674    10.9886    7.89475    9.30648    7.81354    8.87864     3.7083    13.3457    8.95769    11.2394    5.40138    10.7033    13.0559    11.9341    15.2661     11.866    9.05933    12.5852    8.98514    5.99961     11.916   0.984217    11.1908    16.8692    3.63474    9.75283    12.1773    15.7427     11.772    9.92832    3.97396    13.7701    4.18358    14.7298   0.875094    12.1234    9.66682    12.2417    4.16051    4.74686    8.50347    11.0204    8.72313          0          0          0          0          0          0          0 
