
NameOfInst: Instances_M2/csarp/sarp-15-30-A-2.txt
RunningScen: 1A
Instance Name: sarp-15-30-A-2
Instance type: csarp

n: 15
m: 30
K: 5

Time windows: 
0: 2.8 - 2.96667
1: 4 - 4.16667
2: 18.7833 - 18.95
3: 17.6333 - 17.8
4: 11.4833 - 11.65
5: 13.3333 - 13.5
6: 1.1 - 1.26667
7: 21.9333 - 22.1
8: 2.28333 - 2.45
9: 6.66667 - 6.83333
10: 20.1167 - 20.2833
11: 8.41667 - 8.58333
12: 9.88333 - 10.05
13: 21.7333 - 21.9
14: 16.1167 - 16.2833
15: 2.92333 - 3.09
16: 4.1326 - 4.29926
17: 18.8909 - 19.0575
18: 17.7405 - 17.9072
19: 11.5891 - 11.7558
20: 13.4308 - 13.5975
21: 1.21094 - 1.37761
22: 22.0924 - 22.2591
23: 2.41478 - 2.58144
24: 6.80715 - 6.97382
25: 20.2309 - 20.3975
26: 8.57621 - 8.74287
27: 10.002 - 10.1687
28: 21.8749 - 22.0416
29: 16.2151 - 16.3818
30: 0 - 24
31: 0 - 24
32: 0 - 24
33: 0 - 24
34: 0 - 24
35: 0 - 24
36: 0 - 24
37: 0 - 24
38: 0 - 24
39: 0 - 24
40: 0 - 24
41: 0 - 24
42: 0 - 24
43: 0 - 24
44: 0 - 24
45: 0 - 24
46: 0 - 24
47: 0 - 24
48: 0 - 24
49: 0 - 24
50: 0 - 24
51: 0 - 24
52: 0 - 24
53: 0 - 24
54: 0 - 24
55: 0 - 24
56: 0 - 24
57: 0 - 24
58: 0 - 24
59: 0 - 24
60: 0 - 24
61: 0 - 24
62: 0 - 24
63: 0 - 24
64: 0 - 24
65: 0 - 24
66: 0 - 24
67: 0 - 24
68: 0 - 24
69: 0 - 24
70: 0 - 24
71: 0 - 24
72: 0 - 24
73: 0 - 24
74: 0 - 24
75: 0 - 24
76: 0 - 24
77: 0 - 24
78: 0 - 24
79: 0 - 24
80: 0 - 24
81: 0 - 24
82: 0 - 24
83: 0 - 24
84: 0 - 24
85: 0 - 24
86: 0 - 24
87: 0 - 24
88: 0 - 24
89: 0 - 24
90: 0 - 24
91: 0 - 24
92: 0 - 24
93: 0 - 24
94: 0 - 24
95: 0 - 24
96: 0 - 24
97: 0 - 24
98: 0 - 24
99: 0 - 24
Profits: 
0: 4.92926
1: 5.32042
2: 4.26178
3: 4.24615
4: 4.18877
5: 3.83776
6: 4.40579
7: 6.43937
8: 5.27175
9: 5.65352
10: 4.54287
11: 6.45824
12: 4.73256
13: 5.6994
14: 3.87722
15: 0
16: 0
17: 0
18: 0
19: 0
20: 0
21: 0
22: 0
23: 0
24: 0
25: 0
26: 0
27: 0
28: 0
29: 0
30: 3.05618
31: 3.70257
32: 4.09669
33: 4.53255
34: 3.4917
35: 4.99026
36: 3.2351
37: 4.12801
38: 4.23927
39: 4.93815
40: 5.8354
41: 6.88268
42: 5.37711
43: 7.46411
44: 3.43987
45: 4.35491
46: 3.74694
47: 4.32491
48: 8.0574
49: 3.91463
50: 4.09327
51: 4.00129
52: 6.13386
53: 5.5126
54: 3.91275
55: 4.29658
56: 4.14021
57: 4.61573
58: 5.22305
59: 7.20831
60: 0
61: 0
62: 0
63: 0
64: 0
65: 0
66: 0
67: 0
68: 0
69: 0
70: 0
71: 0
72: 0
73: 0
74: 0
75: 0
76: 0
77: 0
78: 0
79: 0
80: 0
81: 0
82: 0
83: 0
84: 0
85: 0
86: 0
87: 0
88: 0
89: 0
90: 0
91: 0
92: 0
93: 0
94: 0
95: 0
96: 0
97: 0
98: 0
99: 0
Dist Matrix: 
         0     5.2697    7.67848     10.841    5.98521    5.29796    12.8774    6.40746    16.9088    15.0306    2.41425    17.2832    4.64679    2.77507    6.50673    1.64006    7.04646    6.69262    9.88076    5.23926    4.92476    11.8698    6.82445    18.8374    13.9741    1.94991    18.3087    3.55304   0.504755    7.12427    10.9565    7.80491    5.70174    8.92819    2.08933    13.2696    15.6486    13.1367    18.7072    5.38451    9.66251    2.96921    8.94937    4.85964    22.6014    5.72248    9.30604    14.5866    14.7583     13.457    14.1312    7.26528    9.76566    18.8773    12.5077    10.7176     17.446    17.3659    14.3983    19.2053    10.6032     8.3602    6.24059    7.13609    2.77853    13.3709     15.794    11.4932     17.267    7.98951    9.93627    7.83787     6.9883    7.11742    21.8312    7.10432    8.10292    16.3575     9.7979     13.394    14.0646    6.89277    9.66354    19.0579    13.5814    10.1559    16.1397    19.1869    14.0223    14.7719    5.60392    9.74239    10.6639    8.80655    2.23857          0          0          0          0          0 
    5.2697          0    2.92526    7.71483    2.43737    10.2181    16.3719    6.96188    15.1821    19.8362    3.07503    20.1694    8.39059    5.09539    11.5104    6.71006    2.01983    2.03793    6.78515    2.67365    9.73528    15.2597    4.89527    17.1478    18.4846    3.39885    20.4516    6.94151    5.44239    12.1101    14.4021    13.0472    3.97227    11.7499    3.54308    18.4846    16.5309    16.6627    17.4495     10.247    12.4498    3.50914    13.8976    8.60147    25.2614    10.0987     9.1069    11.5112    20.0078    17.6225    14.3521    2.42605    13.5189    16.7159    13.2357    7.33894    17.1001    18.2229    16.2421    16.1963    14.0218    13.6298     2.8809    10.6567    2.64219    18.6385     16.484    15.1658    16.3916    12.8924    11.0457    3.87194     11.404    6.69971    24.5711    11.8384    8.03788    13.4161    14.9717    17.8374    14.8752    1.62554    14.4596    17.7996    14.5774    6.05941    15.5251    19.5985    14.8867    12.8615    8.17561    8.69457    7.31762     6.1351    7.40267          0          0          0          0          0 
   7.67848    2.92526          0    5.22513    1.99667    12.8753    19.2961     6.8622     16.947     22.577    5.27049    23.0728    11.2621    6.54612    14.1363    9.25516   0.991279   0.992015    4.41265    2.91663     12.429    18.1847    3.90806    18.8713    21.3099    6.02773    23.2739    9.81607     7.7166     14.748    17.3257    15.1845    6.63755    14.6715    6.28968    20.9277    19.1542    19.5866    19.3605    12.0241    15.3685    5.11535    15.6171    9.85181     28.133    12.9066    11.6763    12.6849    22.1039    20.5048    16.8515    3.61158    16.4277    18.2131    15.8829    8.67181    19.3673    20.8174    19.0491     17.201    16.9456    15.8957    5.20373    13.5677    5.39225    20.8374    19.0626    18.0831    18.4843    14.5978    13.8132    1.50422     12.803    6.09222    27.4526    14.5753    10.6937    14.5765     17.475    20.6754    17.5088    2.15388    17.1894     19.702    17.2557    6.97735    17.7362    22.0584    17.5319    14.6286    11.1009     11.045    8.67654    8.07385    9.90736          0          0          0          0          0 
    10.841    7.71483    5.22513          0    5.43298    16.0637    23.5063    6.29582    22.1167    25.7026    8.66882    27.6129    15.2222    8.54142    17.1733    12.4644    6.16799    5.77017   0.976849    5.81447    15.7419    22.4385    4.06556    24.0219    24.7918    9.83458    28.0957     13.855    10.6465    17.7876    21.5415      17.02      11.67    19.1155    10.2634    23.2097    24.2384    23.7821    24.5587    13.4313    19.8422    7.87483    16.5703    10.6577    32.8053     16.548    16.7879    17.6661    23.5114    24.2906    22.0075    8.83441    20.4693    23.2827    20.9464    13.7912    24.5871    25.9234    23.9103    22.0176    21.1703    17.9668      10.36    17.6881    9.50333    22.5261    24.1781    22.1847    23.7075    15.6062    18.7484    3.87716    13.4178    5.01977    32.0877    17.9123    15.7456     19.521     20.037    24.2258    22.5841    7.37016    20.4098    24.8978     22.292    12.0113    22.9598    27.2355    22.5978    19.8081    15.5035    16.2393    13.8034    13.2986    12.9639          0          0          0          0          0 
   5.98521    2.43737    1.99667    5.43298          0    11.2697    18.1998    5.10546     17.551    21.0048    3.58978    22.2097    9.98203    4.57216    12.4918    7.61067    1.99085    1.29515    4.47123   0.921138    10.8638    17.1128    2.53723      19.51    19.8614     4.5808    22.6636    8.56841    5.94927    13.1091    16.2274    13.2814    6.38395    13.7221    4.95021    19.1285    18.9043     18.482    19.8528    10.0553    14.4433     3.2154    13.6332    7.85564    27.3812    11.4805     11.516    13.6701    20.1729    19.1845    16.7676    4.34971    15.2234    19.0126     15.605     9.5253    19.5375    20.6056    18.4835    18.3051    15.8517    14.0336    5.29756     12.396    4.12739    18.9375    18.8747    16.9188      18.82     12.614     13.346     1.8698    10.8063    4.55353    26.6689    13.0372    10.4221    15.5794    15.7222    19.2522    17.2471    2.90357     15.626    20.2017    16.9277    8.03863    17.9615    22.0172    17.2532    15.2255    10.1084    11.1318    9.51403    8.50843     8.2217          0          0          0          0          0 
   5.29796    10.2181    12.8753    16.0637    11.2697          0    8.51538    10.9023    17.5657    9.73544    7.68084    13.2457    3.05423    7.60273    1.31344    3.66119    12.1511    11.8833    15.1176    10.5372   0.580348    7.71798    12.0066    19.2939    8.73563    6.86118    14.9413    3.96409    5.42634    1.89457    6.85111    4.79995    8.91442      6.075    6.67554    8.47707    13.8062    8.72199    18.7429    5.44983    6.64726    8.24058    7.31867    7.39699     18.561    1.68264    9.80238    16.7651    10.8817    8.43778      13.17    11.7362    5.44861     19.801    11.2775    13.6358    16.6772    15.3783    11.6773    20.9582    6.58177     4.6001    10.1542    3.93041    7.57631    9.27466    14.1357    7.06017     17.047    6.78292    8.87908    13.1299    7.43632    11.8884    17.7439    1.87435    8.89155    18.2473    4.92619    8.19399    12.4967    11.7714    4.36659    19.0666    11.8865     13.725     15.774    17.5046    12.4033    15.8322     4.8707    10.9046    13.5641    11.5464    3.10175          0          0          0          0          0 
   12.8774    16.3719    19.2961    23.5063    18.1998    8.51538          0    19.1241    15.5305    7.21805     14.847    4.77732    8.29794    15.5816    8.14546    11.4007    18.3748    18.3697      22.53    17.6982     8.5228    1.13184    19.6167    16.6234    4.87486    13.6739    7.01348    9.65239    13.2028    7.79574    1.97371    11.8133    13.2465    4.76682    13.2611     10.428    8.53741   0.301317    15.4899    13.8289    4.19075    15.7333    14.6267     15.908    10.0521    7.31498     10.234    17.3179     14.443     2.9339    9.65264    16.8531    3.13964       17.8    8.10271    16.0306    12.5141    9.47695    5.49343    20.1304    2.35216    10.8934    14.8764    5.81829    14.0742    12.8633    9.09466    1.45526    13.7012    14.4707    7.53659    20.0217    15.7027    19.9634      9.231    6.87469    10.2886    18.0612    8.81955    4.27147    8.16513    17.5639    6.02784    15.7161    7.57874    17.0692    12.4791    11.7179    8.01652     14.826    8.20343    11.7226    15.9506    14.2947    11.1359          0          0          0          0          0 
   6.40746    6.96188     6.8622    6.29582    5.10546    10.9023    19.1241          0    21.8905    20.1151      5.359    23.6377    11.0287    3.63391    11.8018    7.73788    7.09184    6.39024    5.60578    4.40282    10.7285    18.1648    3.10619    23.8629    19.5191    6.54994    24.7156    9.94982    6.00094    12.3844    17.2514    10.9232    10.2016    15.3345    7.06545    17.1794    21.8488    19.3683    24.0081    7.28521    16.0679    4.25146    10.2806    4.43502    28.9699    11.8226    14.9614    18.4671    17.2399    19.3401    20.0931    9.28122    15.9857    23.5619    18.6187    14.2952    23.2163    23.5754    20.7761    23.1572    16.9116    11.9437    9.67635    13.4914    6.78868    16.3093    21.9401    17.7018    22.7707     9.3266     16.107    5.76354    7.12241    1.27701    28.1899     12.769    13.7604    20.3688    14.2102    19.0329    20.2254    7.94942    15.0419    24.3618    19.7878    12.9848    21.7644    25.2766    20.1982    19.6007    11.9651    14.9831    14.2716    12.9395    7.99765          0          0          0          0          0 
   16.9088    15.1821     16.947    22.1167     17.551    17.5657    15.5305    21.8905          0    22.5764    16.6848    15.5238    14.6121    18.9171    18.4619    16.8523    16.0884    16.6447    21.3546    17.8456     17.049    14.7734    20.0674    1.97257    20.2781     15.702    13.3903    14.3618    17.4055    18.6852     14.648     22.353    11.7121    12.6049    15.2435    24.5187     7.9815    15.7577    2.59203    21.7249    12.5479     17.732     24.659    21.7669    18.2129    16.0151    7.86057    5.14769    27.9358    18.4052     5.9344    13.3685    15.2478    2.31833    7.45844    8.34402    4.61868    8.50024    10.6491    4.88491    14.4594    22.1181    12.3123    14.1406    15.2295     26.249    7.41738    15.5817    2.85031    23.9216    9.00054    18.4165    23.6347    21.8342    17.9566    17.5946    8.95981    4.13979    21.5294    19.5977    7.53659    14.8851    19.1082    2.88807    8.03673    10.1844    3.45515     7.9689    7.68551    2.32675    12.7519    7.16738    8.32572    9.04825    17.3161          0          0          0          0          0 
   15.0306    19.8362     22.577    25.7026    21.0048    9.73544    7.21805    20.1151    22.5764          0    17.4154    10.1525    11.6281    17.1658    8.54552    13.3963    21.8135    21.5862    24.7744    20.2687    10.1525    7.81992    21.6374    23.7752    2.34322    16.5493    13.1871    13.0302    15.1317    7.92754    7.95168      9.804    17.7832    10.4526    16.3112    4.82641    15.7456    7.05667    22.6846    13.1762    10.2554    17.9536    12.0597    15.9478     13.993    9.77392    16.3394    23.7449    8.69087    4.28919    16.7899    21.0682    7.65799    24.8751    15.1198    21.6912    19.7318    16.5845    12.6879    27.0101    8.18007    8.64494    19.2699    9.98282    17.2166    7.51956    16.3083    6.99709    20.8882    12.4232    13.9843    22.8653    14.4306    21.2376    13.1887    8.00386    16.0074     24.736    6.06312    2.98454    15.3544    21.3261     5.3878    22.9183    14.7512    22.3143     19.647    18.7851    15.2073    21.6362    12.6271     17.802    21.6117    19.7132    12.8117          0          0          0          0          0 
   2.41425    3.07503    5.27049    8.66882    3.58978    7.68084     14.847      5.359    16.6848    17.4154          0    19.0554    6.55481    2.32268     8.9109    4.02449    4.68094    4.28898    7.69447    2.90708    7.27492    13.7899    4.80365    18.6517     16.288    1.26492    19.7944    5.20947    2.45814     9.5271    12.8877    10.0313     4.9837    10.5692    1.77178    15.6605    16.5783    15.1203    18.7199    7.17394    11.3053    1.11181    10.8241    5.71127    24.3153     7.9333    9.60248    13.6917    16.9884    15.6662    14.7481    5.34883    11.8005    18.4701    13.3182    9.60262    17.8578    18.3049    15.7221    18.3904    12.5194    10.6747    4.87384     9.0306    1.45764    15.6573    16.6421    13.5167    17.4383    9.82074    10.8509    5.45457     8.4003    5.67436    23.5722    9.45006    8.40175    15.5497    12.2052    15.6875    14.9401     4.6819    12.0362    19.0738    14.5297    8.68215    16.4144    19.9509    14.9205    14.4324    7.00273    9.66827    9.56276    7.94671    4.65158          0          0          0          0          0 
   17.2832    20.1694    23.0728    27.6129    22.2097    13.2457    4.77732    23.6377    15.5238    10.1525    19.0554          0    12.6369    20.0394    12.9219    15.9039    22.1086    22.2049    26.6382    21.8097    13.2095    5.53981     23.859    16.0818    8.09334    17.8269    3.12451    13.8653     17.652    12.5707     6.4355    16.5391    16.6344    8.49952    17.3708    14.3418    7.56382    4.62236    14.6889    18.5991     7.7708    20.0193    19.3408    20.6139    5.34217    11.9402    12.5419    18.5945    18.4215    6.45791    9.77948    20.2371    7.80302    17.5639     9.0046    18.3408    11.4914    7.59175    5.08511    20.3957    6.75156     15.578    18.2528     10.151    18.1096     16.961    8.14777    6.21696    13.0817     19.223    9.79578    23.9642    20.4798    24.4005    4.55223    11.6475    13.0157    18.8665    13.3501    7.80047    8.16102    21.1682    10.6595    14.8209    7.83669    19.7091    12.1029    9.47011    8.02522    15.5331    12.1095    13.8973    18.2648    16.9473    15.7139          0          0          0          0          0 
   4.64679    8.39059    11.2621    15.2222    9.98203    3.05423    8.29794    11.0287    14.6121    11.6281    6.55481    12.6369          0    7.41077    4.19728    3.36948    10.4078    10.2952     14.247    9.42807    2.49284    7.25722    11.3193    16.3862    10.1209    5.41129     13.735    1.44909    5.02835    4.62675    6.34859    7.76114    6.22927    4.34286    5.03543    11.2512    11.6151    8.56852    15.9229    7.49095    5.06485    7.43855    10.0729    8.55839    17.9551    1.93869    6.79158    13.7183    13.9067    9.24323    10.5861    9.44208    5.25072    16.8195    8.75978    10.6994    14.0729    13.2819    9.96858    17.9086     5.9863    7.64951    7.65494    2.49893    5.89769    12.2791    11.8596    6.96253    14.2783    9.39361    6.22199    11.8335    9.51505    11.7637    17.1844    3.88257     5.8442    15.1932    7.76384    9.46033    10.1516    9.78569    6.38281    16.2555    9.58971    10.9517    13.0328    15.2792    10.0803    12.8156    1.86026    7.85422    10.6254    8.61499    3.39331          0          0          0          0          0 
   2.77507    5.09539    6.54612    8.54142    4.57216    7.60273    15.5816    3.63391    18.9171    17.1658    2.32268    20.0394    7.41077          0    8.65466    4.18563    6.24386    5.67602    7.62663    3.65927    7.34374    14.5964    4.48162    20.8776    16.3324    3.22303    21.0818     6.3166    2.38777    9.26484    13.6823    8.78567    7.25977    11.7033    3.70543    14.8047    18.2981    15.8338    20.8874    5.48318    12.4375    1.58907     9.0733    3.50663    25.3641    8.32805    11.6271     16.014    15.6239    15.9824    16.6466    7.49349    12.4522    20.7456    15.1027    11.9228    19.8664     20.022    17.1504    20.7118    13.3352    9.61367     7.1902    9.88839    3.72481    14.4307    18.4137    14.1769     19.547    8.05408    12.5605    6.19342    6.35992    4.38202    24.5898    9.47342    10.4144    17.8698    11.5303    15.7967    16.6903    6.58136    11.9052    21.2409    16.2322     10.956    18.4794    21.7796    16.6564    16.6873    8.34157    11.8319    11.8836    10.2614    4.54994          0          0          0          0          0 
   6.50673    11.5104    14.1363    17.1733    12.4918    1.31344    8.14546    11.8018    18.4619    8.54552     8.9109    12.9219    4.19728    8.65466          0    4.88816    13.4296    13.1447    16.2384    11.7352    1.86459      7.487    13.1082     20.138    7.72028    8.13909    14.8538    5.23698    6.58814   0.618658    6.68664    4.14904    10.2038    6.48576    7.97063     7.1732    14.2103    8.31719    19.5111    5.69917    6.95764     9.4099    6.87805    8.00893    18.1759    2.45918    10.7982    17.8983    9.71967    7.64883    13.8045    13.0494    5.26407    20.7248    11.8942    14.8694    17.2985    15.7158    11.8728    22.0079    6.47519    3.67814    11.4626    4.46298    8.86824    8.08365    14.5821    6.70841    17.7814    6.51032    9.61528    14.3434    7.55881    12.8484    17.3463    1.29447    9.95664    19.3326     3.6283    7.23407         13    13.0721    3.25604    19.8263     12.372    15.0069    16.4945    17.8941    12.8958    16.8139    5.92413    11.9726    14.7966    12.7806     4.2745          0          0          0          0          0 
   1.64006    6.71006    9.25516    12.4644    7.61067    3.66119    11.4007    7.73788    16.8523    13.3963    4.02449    15.9039    3.36948    4.18563    4.88816          0    8.57512    8.26456    11.5079    6.87749    3.28615    10.4284    8.43077    18.7347     12.338    3.31122    17.1003    2.67068     1.8376     5.5035    9.51469    6.63587    6.33265    7.71167    3.24075    11.7751    14.8246    11.6508    18.4711    4.90322    8.43077    4.60235    8.19564    5.29922    21.2401    4.14999    9.05356    15.0153    13.5119    11.8551    13.5393    8.49781    8.26814    18.9248    11.8093    11.3637    16.9524    16.5191    13.3228    19.5288    9.17373    7.03999    7.20339    5.77072    4.09448    12.0551    15.0234    9.99198    16.9381    7.31409    9.22301    9.46915    6.78253    8.56669    20.4561    5.46515    7.90145    16.7044    8.26461    11.7628    13.2967    8.31075    8.02503    18.8164    12.7704    11.0461    15.7538    18.4416    13.2394    14.8223      4.719    9.72942    11.3024    9.34627   0.711579          0          0          0          0          0 
   7.04646    2.01983   0.991279    6.16799    1.99085    12.1511    18.3748    7.09184    16.0884    21.8135    4.68094    22.1086    10.4078    6.24386    13.4296    8.57512          0   0.702956    5.32097    2.81289    11.6854    17.2593    4.34855    18.0244    20.4922    5.29087    22.2872    8.95889    7.13774     14.036    16.4071    14.6962    5.64654    13.7275    5.50237    20.3157    18.1662    18.6667    18.4758    11.6647    14.4194    4.71866    15.2936    9.66715    27.1552     12.098    10.6895    11.9477     21.644     19.642     15.873    2.72013    15.5366    17.4154    14.8932    7.87162    18.4199    19.8316    18.0613    16.5221    16.0265    15.3555    4.22012    12.6739    4.59697     20.333    18.0777    17.1791    17.5648    14.2763    12.8232    2.33699    12.5864    6.47437     26.478    13.8103    9.70287    13.8501    16.8316    19.8485      16.52    1.21171    16.4301    18.8194    16.2651    6.25199    16.7962     21.086    16.5426    13.7649    10.1729    10.0776    7.87069    7.15344    9.24777          0          0          0          0          0 
   6.69262    2.03793   0.992015    5.77017    1.29515    11.8833    18.3697    6.39024    16.6447    21.5862    4.28898    22.2049    10.2952    5.67602    13.1447    8.26456   0.702956          0    4.87793    2.14914    11.4375    17.2627    3.66297    18.5894    20.3276    5.03712    22.4798    8.85168    6.74086    13.7562    16.3974    14.2406    5.91557    13.7739    5.30628    19.9493    18.4798    18.6586    19.0057     11.133    14.4777    4.19471    14.7461    9.05601    27.2989    11.9237      11.02    12.5844    21.1726    19.5384    16.2377     3.2955    15.4781    18.0158    15.1932    8.48163    18.8633    20.1592    18.2653    17.1791    16.0179    14.9349    4.59845    12.6214    4.41246    19.8894    18.4115    17.1421    18.0537    13.7272    13.0531    1.89305    11.9902    5.77586     26.609     13.585    9.99216      14.49    16.4903    19.6956    16.8278       1.78    16.1984    19.3512    16.5502    6.90314    17.2542    21.4684    16.8447    14.3187    10.1868    10.4862    8.47724    7.65789    8.91889          0          0          0          0          0 
   9.88076    6.78515    4.41265   0.976849    4.47123    15.1176      22.53    5.60578    21.3546    24.7744    7.69447    26.6382     14.247    7.62663    16.2384    11.5079    5.32097    4.87793          0    4.83769    14.7886    21.4618    3.14532    23.2731    23.8406    8.85784    27.1345    12.8784    9.69547    16.8539    20.5649    16.1842    10.7508    18.1404    9.28669    22.3479    23.3157    22.8059    23.7732    12.6198    18.8675    6.91251    15.8323    9.88626    31.8343     15.582    15.8777    16.9948    22.7443     23.325    21.1081    8.01983    19.4948     22.578    20.0208     13.055    23.7317    25.0057     22.954    21.4113    20.1936    17.1115    9.47632    16.7117    8.52874    21.7241    23.2638    21.2095    22.8849    14.8556    17.8034    2.99485    12.7008    4.34757    31.1153    16.9615    14.8224    18.8661    19.1435    23.2706    21.6603    6.53133    19.4693    24.1146    21.3602    11.3088    22.1139    26.3435    21.6718    19.0384    14.5288    15.3634    13.0635    12.4728    12.0163          0          0          0          0          0 
   5.23926    2.67365    2.91663    5.81447   0.921138    10.5372    17.6982    4.40282    17.8456    20.2687    2.90708    21.8097    9.42807    3.65927    11.7352    6.87749    2.81289    2.14914    4.83769          0    10.1541    16.6263    2.30311    19.8133     19.186    4.02436     22.382    8.04587    5.15776    12.3537    15.7312    12.3956    6.41869    13.3103    4.44907    18.2872     18.803    17.9757     20.089    9.14171    14.0396    2.36528    12.7138    6.93836    27.0241    10.8404    11.5019    14.1501    19.2726    18.5722    16.7526    4.88946    14.6788    19.3893    15.5054     9.9823    19.6282    20.5163    18.2352    18.8189     15.359    13.1664    5.53373    11.8809    3.71072    18.0507    18.8025     16.388    18.9888    11.6947     13.171    2.62659    9.88698     4.0313    26.2979    12.3332    10.3678    16.0582    14.9058    18.5901     17.147    3.55223    14.9024    20.4402    16.7979    8.59837    18.0833    22.0029    17.1451    15.5276    9.70255    11.2359    9.96452    8.80291    7.46088          0          0          0          0          0 
   4.92476    9.73528     12.429    15.7419    10.8638   0.580348     8.5228    10.7285     17.049    10.1525    7.27492    13.2095    2.49284    7.34374    1.86459    3.28615    11.6854    11.4375    14.7886    10.1541          0    7.66994    11.6966    18.7915    9.05304    6.40358    14.7965    3.38677    5.09604    2.41632    6.78271    5.30418    8.34373    5.76795    6.19308    9.03762    13.4631    8.74369    18.2644    5.65285    6.37608    7.88801    7.74925    7.40472     18.541    1.36813    9.26397    16.1932    11.4606     8.6414    12.7427    11.2037    5.40988    19.2755    10.8606    13.0555    16.2497    15.0581    11.4232    20.4014    6.49119    5.15685     9.5993    3.60849    7.09729    9.85487    13.7758    7.07261    16.5806    7.16487    8.42595    12.7295    7.66842    11.6742     17.731     2.1798    8.33628    17.6837    5.49041    8.48473    12.1188    11.2741    4.76613    18.5906    11.5169    13.1516    15.3135    17.1609    12.0297     15.293    4.32684     10.347    12.9838    10.9661     2.7972          0          0          0          0          0 
   11.8698    15.2597    18.1847    22.4385    17.1128    7.71798    1.13184    18.1648    14.7734    7.81992    13.7899    5.53981    7.25722    14.5964      7.487    10.4284    17.2593    17.2627    21.4618    16.6263    7.66994          0    18.5726    15.9565    5.50591     12.604    7.40193    8.58488    12.2112    7.20272   0.914128    11.3346    12.1148    3.63559    12.1827    10.5755    8.13686    1.43225    14.8871    13.1117    3.07232    14.6953     14.153    15.0746    10.8756    6.40636    9.17719    16.3425    14.5075    3.64799    8.97149    15.7221    2.26937    17.0645    7.31571     14.945    12.0037    9.24724    5.18964     19.292    1.27124    10.4847    13.7449    4.76243    12.9856    12.8839    8.66393   0.992619    13.0855    13.9262    6.52267    18.9276    15.0308    18.9746    10.0715    6.19515    9.18945    17.1489    8.60423    4.83544    7.56554      16.44    5.76841    15.1299    6.94972    15.9574    11.8344    11.5066    7.42093    13.9523    7.08644    10.6693    14.8647    13.1873    10.2014          0          0          0          0          0 
   6.82445    4.89527    3.90806    4.06556    2.53723    12.0066    19.6167    3.10619    20.0674    21.6374    4.80365     23.859    11.3193    4.48162    13.1082    8.43077    4.34855    3.66297    3.14532    2.30311    11.6966    18.5726          0    22.0298    20.7395    6.04207    24.5522    10.0059    6.60182    13.7223    17.6664    13.0941    8.72027    15.3713    6.51812    19.2245    21.0821    19.8855    22.3447    9.57568    16.1067    3.88786    12.9143    6.94311    29.1155    12.5464    13.8033    16.2002    19.7508    20.2802    19.0526    6.87813    16.5399    21.5481    17.7871    12.0609    21.9282    22.7986    20.4369    20.8226    17.3014     13.997    7.77614    13.8102    5.88388    18.6749    21.0905    18.2639    21.2715    11.9168     15.425    2.67418    9.85131     2.1884    28.3747     13.861    12.6646    18.1091    16.0005     20.181    19.4275    5.40304    16.3469    22.6949    19.0678    10.5478     20.378     24.302    19.4229    17.7438    11.7924    13.5318    12.0503    11.0196    8.91011          0          0          0          0          0 
   18.8374    17.1478    18.8713    24.0219      19.51    19.2939    16.6234    23.8629    1.97257    23.7752    18.6517    16.0818    16.3862    20.8776     20.138    18.7347    18.0244    18.5894    23.2731    19.8133    18.7915    15.9565    22.0298          0      21.45    17.6599    13.6664    16.2086    19.3361    20.3293    15.9227     24.092    13.6819    14.0933    17.1978    25.9792    8.54881    16.8292     1.5408    23.5882    13.9627    19.7016    26.4547     23.697    18.2229    17.7093     9.7001    6.73891    29.4974    19.5402     6.9853    15.3061    16.6402    1.73011    8.72633    10.2322    4.63846    8.67758    11.4571     5.0019    15.7676    23.8095    14.2806    15.7541    17.1957    27.8088    7.95487    16.8177    3.00971    25.7398    10.5684    20.3476    25.5156     23.805    18.0555     19.217    10.8333    5.34454    23.0964    20.7908    8.47095    16.8246    20.5916    1.61253    9.04489    12.0476    4.14945    7.63661    8.62093    4.28646    14.5301    9.09703    10.2187    11.0129    19.1797          0          0          0          0          0 
   13.9741    18.4846    21.3099    24.7918    19.8614    8.73563    4.87486    19.5191    20.2781    2.34322     16.288    8.09334    10.1209    16.3324    7.72028     12.338    20.4922    20.3276    23.8406     19.186    9.05304    5.50591    20.7395      21.45          0    15.3149    11.0401    11.5629    14.1456    7.13483    5.70854    9.95058    16.1053    8.35667    15.0213    6.30119    13.4039    4.71513     20.348    12.9692    8.08612    16.9404    12.5108    15.5834    12.3857    8.40403    14.2491    21.6085     10.366    1.94774    14.4656    19.5165    5.60838    22.5704    12.8197     19.749    17.3888    14.2633     10.348    24.7588    5.96784    8.81846    17.6494    8.18533    15.9177    8.97902    13.9657    4.72883    18.5534    12.6912     11.798    21.7311     14.477    20.5673     11.555    6.87954     14.006    22.5364    6.22815   0.724138    13.0179    19.9059    4.48058    20.5797     12.418    20.4876    17.3167    16.4745    12.8705    19.3965    10.8756    15.7287    19.6689    17.8217    11.8295          0          0          0          0          0 
   1.94991    3.39885    6.02773    9.83458     4.5808    6.86118    13.6739    6.54994     15.702    16.5493    1.26492    17.8269    5.41129    3.22303    8.13909    3.31122    5.29087    5.03712    8.85784    4.02436    6.40358     12.604    6.04207    17.6599    15.3149          0    18.5334    4.02155    2.24858    8.74512    11.7075    9.74765    4.11045    9.33263    0.51688    15.0859    15.3336    13.9513    17.6652    7.25822     10.067    2.34955    10.8629    6.27744    23.0742    6.91634    8.44436    12.9803    16.6945    14.6043    13.5437     5.3154    10.6606    17.5577    12.0829    8.99061    16.6986    17.0606    14.4573    17.6516    11.3359    10.2712    4.37771    7.85655    0.82864    15.2888    15.4067    12.3662    16.3365    9.88896    9.60036    6.44343    8.72579    6.92662    22.3355    8.54794    7.23544    14.8015    11.5741    14.6944    13.6995    5.00393    11.1617    18.0188    13.2812    8.29107    15.2843    18.7299    13.6775    13.4847    5.75105    8.60906    8.94273    7.18687    4.00522          0          0          0          0          0 
   18.3087    20.4516    23.2739    28.0957    22.6636    14.9413    7.01348    24.7156    13.3903    13.1871    19.7944    3.12451     13.735    21.0818    14.8538    17.1003    22.2872    22.4798    27.1345     22.382    14.7965    7.40193    24.5522    13.6664    11.0401    18.5334          0    14.7702    18.7289    14.5975    8.16734    18.7343    16.6611    9.39475    18.0427    17.1816    5.52126    6.96341    12.1965    20.3884    8.67017    20.8312    21.5531    22.1207    5.15622      13.45    11.9938    17.0714    21.2536    9.27278    8.10591    20.1456    9.58977    15.2526    7.92915    17.4919     9.0285    4.98968     4.2347    18.2653    8.38881    17.8633    18.2123    11.3845    18.6823    19.7356    6.02867     8.2912    10.7381    21.3236    9.49447    24.3167    22.3503    25.3496    4.70249    13.5594    12.7264    17.0618    15.8322    10.6683    6.64107    21.2469    13.0375     12.282    6.55146    19.0501    9.93787    6.56701    6.53865    13.7897    12.8081    13.1633    17.4215    16.3933    17.0321          0          0          0          0          0 
   3.55304    6.94151    9.81607     13.855    8.56841    3.96409    9.65239    9.94982    14.3618    13.0302    5.20947    13.8653    1.44909     6.3166    5.23698    2.67068    8.95889    8.85168    12.8784    8.04587    3.38677    8.58488    10.0059    16.2086    11.5629    4.02155    14.7702          0    4.00025    5.74524    7.68658    8.32098    4.97431     5.4184    3.61851    12.3993    12.1922    9.92992    15.8788    7.38675    6.15628    6.15399    10.3598    7.96125    19.1511    3.26689    6.50894    12.9775    14.8045    10.6888    10.8689    8.04321    6.65585    16.4952    9.14336    9.68939    14.2885     13.897    10.8461    17.3329    7.31574    8.39613    6.31104    3.83533     4.4642    13.2197    12.3745    8.35158    14.3136    9.57762    6.55626    10.4114    9.34798    10.5942    18.3964    5.16088    5.41367    14.5559    8.86387    10.9059    10.6455    8.34334    7.73158     16.221    10.1311    9.77012    13.1138    15.7887    10.5921    12.4208    2.08125    7.34634    9.61897    7.60201    2.99295          0          0          0          0          0 
  0.504755    5.44239     7.7166    10.6465    5.94927    5.42634    13.2028    6.00094    17.4055    15.1317    2.45814     17.652    5.02835    2.38777    6.58814     1.8376    7.13774    6.74086    9.69547    5.15776    5.09604    12.2112    6.60182    19.3361    14.1456    2.24858    18.7289    4.00025          0    7.20675    11.2972    7.60531    6.14271    9.33921    2.47039    13.2115    16.1303    13.4575    19.2105    5.01307    10.0709     2.8219     8.6148    4.36142    22.9781    5.98435    9.81068    15.0373     14.566    13.6916    14.6297    7.53219    10.0785    19.3668     12.999    11.1379    17.9489    17.8458    14.8444    19.6671    10.9489    8.22012    6.60602    7.50108    3.06682    13.2121    16.2808    11.8051    17.7717    7.64053    10.4247    7.77834    6.55174    6.76348    22.2028    7.26615     8.6073     16.818     9.7767    13.5807     14.551    7.06752    9.78827    19.5613    14.0634    10.5237    16.6444    19.6768    14.5073    15.2627    6.06546    10.2401    11.0858    9.24972     2.3255          0          0          0          0          0 
   7.12427    12.1101     14.748    17.7876    13.1091    1.89457    7.79574    12.3844    18.6852    7.92754     9.5271    12.5707    4.62675    9.26484   0.618658     5.5035     14.036    13.7562    16.8539    12.3537    2.41632    7.20272    13.7223    20.3293    7.13483    8.74512    14.5975    5.74524    7.20675          0    6.44047    4.21802    10.7194    6.51055    8.56839    6.65533    14.1827    7.95161    19.6606    6.12874    6.92821    10.0285    7.00934    8.53042    17.7901     2.7833    11.0961    18.2726    9.36759    7.13576    13.8939    13.6196    5.03077    20.9619    11.9807    15.3243    17.3729    15.6519    11.7538    22.3221    6.25795    3.58539    12.0075    4.58634    9.46801    7.71018    14.5742     6.3788     17.915    6.72621    9.77442    14.9613    7.92649     13.442    16.9567    1.16286    10.2996    19.6725    3.13851    6.66545    13.0252    13.6659    2.65912    19.9708    12.3905      15.51    16.6229    17.8509    12.9159    17.0904    6.28289    12.3118    15.2506    13.2382    4.89289          0          0          0          0          0 
   10.9565    14.4021    17.3257    21.5415    16.2274    6.85111    1.97371    17.2514     14.648    7.95168    12.8877     6.4355    6.34859    13.6823    6.68664    9.51469    16.4071    16.3974    20.5649    15.7312    6.78271   0.914128    17.6664    15.9227    5.70854    11.7075    8.16734    7.68658    11.2972    6.44047          0     10.617    11.3313    2.91033    11.2911     10.296    8.40019    2.26119     14.921    12.2679    2.45736    13.7871    13.4301    14.1865    11.7756    5.50476    8.65691    15.9366    14.1422    3.99333     8.9632    14.9248    1.42389    16.9556     7.2098    14.3462    12.1381    9.63315    5.58422     19.061   0.380937    9.81278    12.9559    3.85741    12.1013     12.493    8.89564   0.999461    13.1147    13.1647    6.10588    18.0482    14.2046    18.0606     10.975    5.39218    8.57177    16.8297    8.07348    5.00134    7.65696    15.6073    5.24758     15.179    7.02158     15.289    11.8415    11.8896    7.51837    13.6921    6.23984    10.1493    14.2658    12.5358    9.29167          0          0          0          0          0 
   7.80491    13.0472    15.1845      17.02    13.2814    4.79995    11.8133    10.9232     22.353      9.804    10.0313    16.5391    7.76114    8.78567    4.14904    6.63587    14.6962    14.2406    16.1842    12.3956    5.30418    11.3346    13.0941     24.092    9.95058    9.74765    18.7343    8.32098    7.60531    4.21802     10.617          0    12.9086    10.6336    9.79769    6.26492    18.3581     11.932    23.5389    3.64151    11.1029    10.0757     2.8188    6.51127    21.6276    6.42749    14.5526    21.2981    6.96075    10.5813    17.9124    15.0544    9.22456    24.5754    16.0075    17.8812    21.4144    19.8529    15.9714    25.6211    10.4554    1.15972     13.839    8.58058    10.5735    5.65609    18.7311    10.4535    21.8349    2.75625    13.6612    14.9745    4.62698    12.1551    20.7859     5.3576    13.5849    22.8649    3.77494    9.71249    17.1444    14.6726    5.93457    23.8612    16.5182     17.671    20.5571     22.039    17.0415    20.5758    9.61636    15.5803    17.8155    15.8185    5.93725          0          0          0          0          0 
   5.70174    3.97227    6.63755      11.67    6.38395    8.91442    13.2465    10.2016    11.7121    17.7832     4.9837    16.6344    6.22927    7.25977    10.2038    6.33265    5.64654    5.91557    10.7508    6.41869    8.34373    12.1148    8.72027    13.6819    16.1053    4.11045    16.6611    4.97431    6.14271    10.7194    11.3313    12.9086          0    8.48617    3.72313    17.3723    12.5685    13.5463    13.8087    11.0403    9.11997    6.02004    14.4993    10.3756    21.5809    8.16328    5.13522    8.89884    19.6422    14.9397    10.3842    3.62351    10.7074    13.4892    9.27855    5.04591    13.2102     14.255    12.4295    13.5511    10.9542    13.1671    1.63457    7.93222    3.53845    18.0989    12.5134    12.2062    12.6171    13.5833    7.18082    7.80168    12.6893    10.2509    20.9245    10.0974    4.07707    10.7002    13.8322     15.409    10.9148    4.58632    12.6084    14.1623    10.6352    4.81829    11.6763    15.6333    10.9301    9.44992    5.24167    4.83206     4.9878    3.10704    7.00009          0          0          0          0          0 
   8.92819    11.7499    14.6715    19.1155    13.7221      6.075    4.76682    15.3345    12.6049    10.4526    10.5692    8.49952    4.34286    11.7033    6.48576    7.71167    13.7275    13.7739    18.1404    13.3103    5.76795    3.63559    15.3713    14.0933    8.35667    9.33263    9.39475     5.4184    9.33921    6.51055    2.91033    10.6336    8.48617          0     8.8724    11.9139    7.74524    5.06765    13.2925    11.4037   0.738101     11.556    13.3197     12.827     13.747    4.41113    5.89571    13.2929    15.4179    6.81223     7.4218    12.1004    2.79794    14.9208    5.51363    11.4694    10.8758    9.30336    5.69705    16.7281    2.55192    10.0954    10.1186     2.1597    9.61266    13.7299    8.10044    3.86632    11.5142    12.8455    3.64321    15.4965    13.4285    16.0108    13.0034    5.34921    5.69446    14.3348    9.03524    7.63283    6.51815     12.864    6.50629    13.5879    5.88731    12.3799     10.216    11.4405    6.41174    11.3495      3.614    7.37217     11.389    9.63177    7.68261          0          0          0          0          0 
