
NameOfInst: Instances/sf_data/sfsarp-10-5-1.txt
RunningScen: 1A
Instance Name: sfsarp-10-5-1
Instance type: sf_data
K: 2
Service: 0.0833333
Dist Matrix: 
         0    2.18323    2.90607    3.95434    4.57595    3.90791    2.02042    2.07158    26.3272    1.51051   0.474458    2.04288    3.38311    3.98651     2.0554    3.70004    3.34409    1.62891    3.39667    2.03914    4.29967    17.4963    3.05946    2.08435    1.08588    4.21209    17.5182    3.09165    2.68676    1.02432    3.47976    3.47976          0          0 
   2.18323          0     3.0799    2.52466    6.71768    2.51591    2.27334     2.3364    24.9503    2.27623    2.38633    2.80378     3.5075    2.46289    1.26121    3.32702    3.40811    2.10426    4.10836    2.51212     3.0025    19.6037    5.16358     2.5095    3.26303    2.83629    19.6255    5.19359    3.83464    3.19727    5.54237    5.54237          0          0 
   2.90607     3.0799          0    2.40658    5.56799    2.33022   0.941834    4.67859    23.6994    1.39575    3.38006   0.964466   0.486339    2.56114    1.82124   0.982844   0.438144    4.25907    1.16179   0.866932    2.40772    19.2391    5.34604   0.822697    3.49875    2.46544    19.2613    5.38048    1.48522     3.4914    4.24187    4.24187          0          0 
   3.95434    2.52466    2.40658          0    7.75898  0.0767028    2.41602    4.83666    22.4987     2.9141    4.35363    2.97888    2.50762   0.184507    1.89988    1.81238    2.39145    4.54971    3.51743    2.63847    0.49962    21.2629    6.95129    2.58887     4.9378   0.312925     21.285      6.985    3.84814    4.89681     6.4423     6.4423          0          0 
   4.57595    6.71768    5.56799    7.75898          0    7.68997    5.34525    6.05391    28.7205    4.88973    4.54883    4.79062    5.77361    7.86694    6.14336    6.52728    5.83834    5.73285     4.8998    5.12165    7.89994    13.7072    2.65221    5.17237    3.58346    7.90908    13.7295    2.65551    4.12291    3.65884    1.32727    1.32727          0          0 
   3.90791    2.51591    2.33022  0.0767028    7.68997          0    2.34847    4.82006    22.5276    2.85063    4.31103     2.9079    2.43132   0.254342     1.8554    1.73889    2.31507    4.52775    3.44075    2.56881     0.4906    21.2011    6.89782    2.51889    4.88515   0.324628    21.2232    6.93159    3.77317     4.8449    6.37254    6.37254          0          0 
   2.02042    2.27334   0.941834    2.41602    5.34525    2.34847          0    3.73677    24.3947   0.568012    2.49352    0.62595    1.42726    2.52176    1.08593    1.68403    1.36542    3.31773    1.83762   0.269204    2.60391    18.8763    4.70803   0.246521    2.75527     2.5855    18.8985    4.74249    1.65908     2.7342    4.03319    4.03319          0          0 
   2.07158     2.3364    4.67859    4.83666    6.05391    4.82006    3.73677          0    27.2859    3.37268    1.75657    3.97061    5.16351    4.78902    3.18465    5.26308    5.09669   0.445034    5.38025    3.85644    5.29669    17.8814    3.79017    3.88696    2.59088    5.14412    17.9026    3.81036    4.74038    2.51771    5.20382    5.20382          0          0 
   26.3272    24.9503    23.6994    22.4987    28.7205    22.5276    24.3947    27.2859          0    24.9608    26.7703    24.6605    23.3227    22.5219    24.3435    22.7503    23.3039    27.0347    23.9637    24.4768     22.082    42.0956    29.0453    24.4215    27.1486    22.2051    42.1176    29.0798    24.8581    27.1288    27.5251    27.5251          0          0 
   1.51051    2.27623    1.39575     2.9141    4.88973    2.85063   0.568012    3.37268    24.9608          0    1.98434   0.606636     1.8731    3.00318    1.29915    2.23402    1.83387    2.93784    2.02415   0.528979    3.14012    18.3521    4.14256   0.575876    2.18812    3.10679    18.3742      4.177    1.56846    2.16825    3.59783    3.59783          0          0 
  0.474458    2.38633    3.38006    4.35363    4.54883    4.31103    2.49352    1.75657    26.7703    1.98434          0    2.50762     3.8563    4.37417    2.45632    4.17101    3.81814    1.33417    3.84054    2.51315    4.71845    17.2225    2.77797    2.55861   0.965578    4.62124    17.2443    2.80827    3.09454   0.890542    3.54875    3.54875          0          0 
   2.04288    2.80378   0.964466    2.97888    4.79062     2.9079    0.62595    3.97061    24.6605   0.606636    2.50762          0    1.39446    3.09842    1.68658    1.91885    1.38357    3.53295    1.41773   0.360259    3.11181    18.3909    4.38643   0.399899    2.54033    3.11868     18.413    4.42092    1.04862    2.53604    3.46839    3.46839          0          0 
   3.38311     3.5075   0.486339    2.50762    5.77361    2.43132    1.42726    5.16351    23.3227     1.8731     3.8563    1.39446          0    2.67822    2.24675   0.797088   0.119343    4.74493    1.03535     1.3463    2.40991    19.4741    5.73116     1.3046    3.93291     2.5058    19.4964    5.76542    1.65097    3.92995    4.45755    4.45755          0          0 
   3.98651    2.46289    2.56114   0.184507    7.86694   0.254342    2.52176    4.78902    22.5219    3.00318    4.37417    3.09842    2.67822          0     1.9324     1.9928    2.56134    4.51539    3.68196    2.75255   0.634388    21.3408    7.00272    2.70447    4.98781   0.429578    21.3629    7.03622    3.98919    4.94454    6.55403    6.55403          0          0 
    2.0554    1.26121    1.82124    1.89988    6.14336     1.8554    1.08593    3.18465    24.3435    1.29915    2.45632    1.68658    2.24675     1.9324          0    2.12773    2.14856    2.82704    2.88353    1.34918    2.26734    19.4575    5.07699    1.33233    3.06267    2.16502    19.4795    5.11025    2.73425    3.01699    4.87269    4.87269          0          0 
   3.70004    3.32702   0.982844    1.81238    6.52728    1.73889    1.68403    5.26308    22.7503    2.23402    4.17101    1.91885   0.797088     1.9928    2.12773          0   0.706018    4.87344    1.82648    1.73039    1.64317    20.2125    6.30272    1.67602    4.40862    1.76082    20.2348    6.33723    2.41166    4.39398    5.20431    5.20431          0          0 
   3.34409    3.40811   0.438144    2.39145    5.83834    2.31507    1.36542    5.09669    23.3039    1.83387    3.81814    1.38357   0.119343    2.56134    2.14856   0.706018          0    4.68127    1.14202    1.30498    2.30174    19.5341    5.74423    1.26021     3.9237    2.39407    19.5564    5.77857    1.71629    3.91845    4.51912    4.51912          0          0 
   1.62891    2.10426    4.25907    4.54971    5.73285    4.52775    3.31773   0.445034    27.0347    2.93784    1.33417    3.53295    4.74493    4.51539    2.82704    4.87344    4.68127          0    4.93991    3.42817    4.99544    17.8191     3.5809    3.46029    2.21216    4.85236    17.8405    3.60395    4.29536    2.13732    4.83186    4.83186          0          0 
   3.39667    4.10836    1.16179    3.51743     4.8998    3.44075    1.83762    5.38025    23.9637    2.02415    3.84054    1.41773    1.03535    3.68196    2.88353    1.82648    1.14202    4.93991          0    1.61888    3.44375     18.603    5.22685    1.61104    3.65856    3.53404    18.6253    5.25992   0.922214    3.67555    3.61562    3.61562          0          0 
   2.03914    2.51212   0.866932    2.63847    5.12165    2.56881   0.269204    3.85644    24.4768   0.528979    2.51315   0.360259     1.3463    2.75255    1.34918    1.73039    1.30498    3.42817    1.61888          0    2.79565    18.6888    4.59108  0.0563531    2.67827    2.79118     18.711    4.62561    1.39035    2.66427    3.80383    3.80383          0          0 
   4.29967     3.0025    2.40772    0.49962    7.89994     0.4906    2.60391    5.29669     22.082    3.14012    4.71845    3.11181    2.40991   0.634388    2.26734    1.64317    2.30174    4.99544    3.44375    2.79565          0    21.4798    7.24553    2.74212    5.24165   0.207135     21.502    7.27961    3.88828    5.20577    6.57499    6.57499          0          0 
   17.4963    19.6037    19.2391    21.2629    13.7072    21.2011    18.8763    17.8814    42.0956    18.3521    17.2225    18.3909    19.4741    21.3408    19.4575    20.2125    19.5341    17.8191     18.603    18.6888    21.4798          0    14.4467    18.7434    16.4236    21.4576  0.0222648    14.4158    17.8237    16.4784    15.0167    15.0167          0          0 
   3.05946    5.16358    5.34604    6.95129    2.65221    6.89782    4.70803    3.79017    29.0453    4.14256    2.77797    4.38643    5.73116    7.00272    5.07699    6.30272    5.74423     3.5809    5.22685    4.59108    7.24553    14.4467          0    4.64721    2.01498    7.18498    14.4685   0.034538    4.30469    2.06017    2.50999    2.50999          0          0 
   2.08435     2.5095   0.822697    2.58887    5.17237    2.51889   0.246521    3.88696    24.4215   0.575876    2.55861   0.399899     1.3046    2.70447    1.33233    1.67602    1.26021    3.46029    1.61104  0.0563531    2.74212    18.7434    4.64721          0    2.73262    2.73912    18.7655    4.68175    1.41566    2.71819    3.85367    3.85367          0          0 
   1.08588    3.26303    3.49875     4.9378    3.58346    4.88515    2.75527    2.59088    27.1486    2.18812   0.965578    2.54033    3.93291    4.98781    3.06267    4.40862     3.9237    2.21216    3.65856    2.67827    5.24165    16.4236    2.01498    2.73262          0    5.17534    16.4455    2.04843    2.79099  0.0760142    2.61971    2.61971          0          0 
   4.21209    2.83629    2.46544   0.312925    7.90908   0.324628     2.5855    5.14412    22.2051    3.10679    4.62124    3.11868     2.5058   0.429578    2.16502    1.76082    2.39407    4.85236    3.53404    2.79118   0.207135    21.4576    7.18498    2.73912    5.17534          0    21.4798    7.21889    3.93525    5.13696    6.58692    6.58692          0          0 
   17.5182    19.6255    19.2613     21.285    13.7295    21.2232    18.8985    17.9026    42.1176    18.3742    17.2443     18.413    19.4964    21.3629    19.4795    20.2348    19.5564    17.8405    18.6253     18.711     21.502  0.0222648    14.4685    18.7655    16.4455    21.4798          0    14.4376     17.846    16.5003     15.039     15.039          0          0 
   3.09165    5.19359    5.38048      6.985    2.65551    6.93159    4.74249    3.81036    29.0798      4.177    2.80827    4.42092    5.76542    7.03622    5.11025    6.33723    5.77857    3.60395    5.25992    4.62561    7.27961    14.4158   0.034538    4.68175    2.04843    7.21889    14.4376          0    4.33774    2.09335    2.52983    2.52983          0          0 
   2.68676    3.83464    1.48522    3.84814    4.12291    3.77317    1.65908    4.74038    24.8581    1.56846    3.09454    1.04862    1.65097    3.98919    2.73425    2.41166    1.71629    4.29536   0.922214    1.39035    3.88828    17.8237    4.30469    1.41566    2.79099    3.93525     17.846    4.33774          0    2.81535    2.80703    2.80703          0          0 
   1.02432    3.19727     3.4914    4.89681    3.65884     4.8449     2.7342    2.51771    27.1288    2.16825   0.890542    2.53604    3.92995    4.94454    3.01699    4.39398    3.91845    2.13732    3.67555    2.66427    5.20577    16.4784    2.06017    2.71819  0.0760142    5.13696    16.5003    2.09335    2.81535          0    2.69468    2.69468          0          0 
   3.47976    5.54237    4.24187     6.4423    1.32727    6.37254    4.03319    5.20382    27.5251    3.59783    3.54875    3.46839    4.45755    6.55403    4.87269    5.20431    4.51912    4.83186    3.61562    3.80383    6.57499    15.0167    2.50999    3.85367    2.61971    6.58692     15.039    2.52983    2.80703    2.69468          0          0          0          0 
   3.47976    5.54237    4.24187     6.4423    1.32727    6.37254    4.03319    5.20382    27.5251    3.59783    3.54875    3.46839    4.45755    6.55403    4.87269    5.20431    4.51912    4.83186    3.61562    3.80383    6.57499    15.0167    2.50999    3.85367    2.61971    6.58692     15.039    2.52983    2.80703    2.69468          0          0          0          0 
         0          0          0          0          0          0          0          0          0          0          0          0          0          0          0          0          0          0          0          0          0          0          0          0          0          0          0          0          0          0          0          0          0          0 
         0          0          0          0          0          0          0          0          0          0          0          0          0          0          0          0          0          0          0          0          0          0          0          0          0          0          0          0          0          0          0          0          0          0 

Threads: 1
Version identifier: 12.10.0.0 | 2019-11-26 | 843d4de
CPXPARAM_Threads                                 1
CPXPARAM_TimeLimit                               7200
Tried aggregator 2 times.
MIP Presolve eliminated 610 rows and 1010 columns.
MIP Presolve modified 1006 coefficients.
Aggregator did 14 substitutions.
Reduced MIP has 169 rows, 226 columns, and 742 nonzeros.
Reduced MIP has 222 binaries, 0 generals, 0 SOSs, and 0 indicators.
Presolve time = 0.01 sec. (2.22 ticks)
Found incumbent of value 29.331624 after 0.01 sec. (3.72 ticks)
Probing fixed 76 vars, tightened 0 bounds.
Probing time = 0.00 sec. (0.86 ticks)
Cover probing fixed 0 vars, tightened 39 bounds.
Tried aggregator 2 times.
MIP Presolve eliminated 62 rows and 77 columns.
MIP Presolve modified 26 coefficients.
Aggregator did 2 substitutions.
Reduced MIP has 105 rows, 147 columns, and 442 nonzeros.
Reduced MIP has 145 binaries, 0 generals, 0 SOSs, and 0 indicators.
Presolve time = 0.00 sec. (0.50 ticks)
Probing time = 0.00 sec. (0.25 ticks)
Tried aggregator 1 time.
Detecting symmetries...
MIP Presolve eliminated 4 rows and 2 columns.
Reduced MIP has 101 rows, 145 columns, and 434 nonzeros.
Reduced MIP has 145 binaries, 0 generals, 0 SOSs, and 0 indicators.
Presolve time = 0.00 sec. (0.32 ticks)
Probing time = 0.00 sec. (0.25 ticks)
Clique table members: 418.
MIP emphasis: balance optimality and feasibility.
MIP search method: dynamic search.
Parallel mode: none, using 1 thread.
Root relaxation solution time = 0.00 sec. (0.23 ticks)

        Nodes                                         Cuts/
   Node  Left     Objective  IInf  Best Integer    Best Bound    ItCnt     Gap

*     0+    0                           29.3316       41.4751            41.40%
*     0     0      integral     0       30.1135       30.1135       33    0.00%
Elapsed time = 0.02 sec. (6.74 ticks, tree = 0.00 MB, solutions = 2)

Root node processing (before b&c):
  Real time             =    0.02 sec. (6.78 ticks)
Sequential b&c:
  Real time             =    0.00 sec. (0.00 ticks)
                          ------------
Total (root+branch&cut) =    0.02 sec. (6.78 ticks)

Sol status: Optimal
 Total Time: 0.02
 LB: 30.1135
 UB: 30.1135

Obj Val: 30.1135404734759

Solve Time: 0.02
x(0, 10, 0)
x(1, 11, 0)
x(2, 12, 0)
x(4, 14, 0)
x(10, 4, 0)
x(11, 2, 0)
x(12, 32, 0)
x(14, 1, 0)
x(30, 0, 0)
x(3, 13, 1)
x(5, 15, 1)
x(6, 16, 1)
x(7, 17, 1)
x(8, 18, 1)
x(9, 19, 1)
x(13, 6, 1)
x(15, 9, 1)
x(16, 5, 1)
x(17, 33, 1)
x(18, 3, 1)
x(19, 7, 1)
x(31, 8, 1)
b(0): 12.45
b(1): 15.0833333333333
b(2): 16.7833333333333
b(3): 11.9333333333333
b(4): 13.55
b(5): 12.85
b(6): 12.2666666666667
b(7): 14.7666666666667
b(8): 9.1
b(9): 13.4666666666667
b(10): 12.5449054961924
b(11): 15.2350516207468
b(12): 16.8785285995597
b(13): 12.0211668477596
b(14): 13.7831713431123
b(15): 12.9757452939536
b(16): 12.3833028910807
b(17): 14.8608544926073
b(18): 9.76781319414166
b(19): 13.5629019434674
b(20): 0
b(21): 0
b(22): 0
b(23): 0
b(24): 0
b(25): 0
b(26): 0
b(27): 0
b(28): 0
b(29): 0
b(30): 8.96186193289306
b(31): 8.42865588722922
b(32): 16.9618619328931
b(33): 16.4286558872292


Customer profit: 71.6784581194029
Parcel profit: 0
Costs: 41.564917645927

Number of Vehicles: 2

Solution: 
Vehicle 0: 30 - 0 - 10 - 4 - 14 - 1 - 11 - 2 - 12 - 32 - Total time: 7.91666666666666
Vehicle 1: 31 - 8 - 18 - 3 - 13 - 6 - 16 - 5 - 15 - 9 - 19 - 7 - 17 - 33 - Total time: 6.43219860537808


Solution structure: 
Vehicle 0: d - P - d - P - d - P - d - P - f
Vehicle 1: d - D - d - P - d - D - d - D - d - D - d - D - f


size of n: 10

size of m: 5

*************


Served parcels: 5

Unserved parcels: 0

*************

Total time: 3.8705329257296

Total passenger time: 0.5

Total parcel time: 1.97410707286968

Total combined transportation time: 0.333333333333333

Total idle time: 1.06309251952659

*************

Total distance: 56.1918499549137

Total passenger distance: -20.5

Total parcel distance: 46.7717233209901

Total combined transportation distance: -13.6666666666667

Total idle distance: 43.5867933005903

*************

Waiting time passenger: 10.6449985592704

Waiting time goods: 4.53711407139012e-07

Total waiting time: 10.6449990129818


______PART II_____


Threads: 1
Version identifier: 12.10.0.0 | 2019-11-26 | 843d4de
CPXPARAM_Threads                                 1
CPXPARAM_TimeLimit                               7200
Tried aggregator 2 times.
MIP Presolve eliminated 418 rows and 1736 columns.
MIP Presolve modified 205 coefficients.
Aggregator did 2 substitutions.
Reduced MIP has 64 rows, 96 columns, and 456 nonzeros.
Reduced MIP has 96 binaries, 0 generals, 0 SOSs, and 0 indicators.
Presolve time = 0.00 sec. (2.31 ticks)
Found incumbent of value 0.000000 after 0.01 sec. (2.53 ticks)
Probing fixed 10 vars, tightened 0 bounds.
Probing time = 0.00 sec. (0.28 ticks)
Tried aggregator 1 time.
MIP Presolve eliminated 10 rows and 10 columns.
Reduced MIP has 54 rows, 86 columns, and 350 nonzeros.
Reduced MIP has 86 binaries, 0 generals, 0 SOSs, and 0 indicators.
Presolve time = 0.00 sec. (0.29 ticks)
Probing time = 0.00 sec. (0.19 ticks)
Tried aggregator 1 time.
Reduced MIP has 54 rows, 86 columns, and 350 nonzeros.
Reduced MIP has 86 binaries, 0 generals, 0 SOSs, and 0 indicators.
Presolve time = 0.00 sec. (0.21 ticks)
Probing time = 0.00 sec. (0.19 ticks)
Clique table members: 263.
MIP emphasis: balance optimality and feasibility.
MIP search method: dynamic search.
Parallel mode: none, using 1 thread.
Root relaxation solution time = 0.00 sec. (0.11 ticks)

        Nodes                                         Cuts/
   Node  Left     Objective  IInf  Best Integer    Best Bound    ItCnt     Gap

*     0+    0                            0.0000       63.4629              --- 
      0     0        8.4390    14        0.0000        8.4390       20     --- 
*     0+    0                            8.1237        8.4390             3.88%
*     0     0      integral     0        8.2661        8.2661       26    0.00%
Elapsed time = 0.02 sec. (5.56 ticks, tree = 0.01 MB, solutions = 3)

Root node processing (before b&c):
  Real time             =    0.02 sec. (5.64 ticks)
Sequential b&c:
  Real time             =    0.00 sec. (0.00 ticks)
                          ------------
Total (root+branch&cut) =    0.02 sec. (5.64 ticks)

Sol status: Optimal
 Total Time: 0.02
 LB: 8.26609040421583
 UB: 8.26609040421583
10 29 0: 1
11 23 0: 1
12 28 0: 1
16 25 1: 1
18 20 1: 1
30 24 0: 1

b(0, 10): 12.544905496192410 29 0: 1

b(0, 11): 15.235051620746811 23 0: 1

b(0, 12): 16.878528599559712 28 0: 1

b(1, 16): 12.383302891080716 25 1: 1

b(1, 18): 9.7678131941416618 20 1: 1

b(0, 30): 9.0854628822550530 24 0: 1

s(20): 24 - 18 20 1: 1

s(23): 24 - 11 23 0: 1

s(25): 24 - 16 25 1: 1

s(28): 24 - 12 28 0: 1

s(29): 24 - 10 29 0: 1



Full solution: 
Vehicle: 30: 30 - 24 - 0 - 10 - 29 - 4 - 14 - 1 - 11 - 23 - 2 - 12 - 28 - 32
Vehicle: 31: 31 - 8 - 18 - 20 - 3 - 13 - 6 - 16 - 25 - 5 - 15 - 9 - 19 - 7 - 17 - 33


Full solution with times: 
Vehicle: 30: 30(9.08546288225505) - 24(9.14935833652532) - 0(12.45) - 10(12.5449054961924) - 29(12.6499593704938) - 4(13.55) - 14(13.7831713431123) - 1(15.0833333333333) - 11(15.2350516207468) - 23(15.3281385842094) - 2(16.7833333333333) - 12(16.8785285995597) - 28(17.0021295489217) - 32(17.0854628822551)
 --> Total travel time: 8
Vehicle: 31: 31(8.42865588722922) - 8(9.1) - 18(9.76781319414166) - 20(9.93514033521324) - 3(11.9333333333333) - 13(12.0211668477596) - 6(12.2666666666667) - 16(12.3833028910807) - 25(12.5250282900135) - 5(12.85) - 15(12.9757452939536) - 9(13.4666666666667) - 19(13.5629019434674) - 7(14.7666666666667) - 17(14.8608544926073) - 33(14.9441878259406)
 --> Total travel time: 6.51553193871142


Full solution value: 38.3796308776918


Served parcels: 3


Profit of customers: 71.6784581194029


Profit of parcels: 9.63001449234846


Costs: 42.9288417340596

*************

Total time: 4.44285127610779

Total passenger time: 1.36887079752276

Total parcel time: 0.823956294747686

Total combined transportation time: 0.394570471387246

Total idle time: 1.8554537124501

*************

Total distance: 93.3235689870861

Total passenger distance: 35.6237026984332

Total parcel distance: 9.86554141798845

Total combined transportation distance: 2.51072266021042

Total idle distance: 45.3236022104541


Passenger detour (%): 0: 0 1: 0 2: 0 3: 0 4: 0 5: 0 6: 0 7: 0 8: 0 9: 0 


NameOfInst: Instances/sf_data/sfsarp-10-5-2.txt
RunningScen: 1A
Instance Name: sfsarp-10-5-2
Instance type: sf_data
K: 2
Service: 0.0833333
Dist Matrix: 
         0   0.737016   0.780507    1.27154   0.466574   0.966885    15.1522    1.44952    0.33582     2.9151    2.01416   0.276144   0.646217    2.41032   0.283493    1.54621    15.3525    1.44952   0.180063    2.91295   0.438217   0.888236    4.30727    4.68647    1.44892    2.19302     1.5092    2.29632    5.96211   0.323318    4.34942    4.34942          0          0 
  0.737016          0    1.38642     1.5478   0.427554   0.308735     14.632   0.966616    1.02077    2.34071    1.82389    1.01119    1.26848    2.64614   0.605186    1.51001    14.8325   0.966616   0.857089    2.34052    1.02916    0.53919    3.99279    3.98626    2.02086    2.44398   0.966728    2.18452    5.35532   0.983506    3.93329    3.93329          0          0 
  0.780507    1.38642          0   0.771724    1.23682    1.50067     15.931    1.70693   0.452279    3.12083    1.85944   0.666736   0.134742    1.79154   0.782776    2.27632    16.1313    1.70693   0.601406    3.11604   0.363121    1.22945    4.13027    5.06909   0.668464    1.57542    1.81529    2.02188    6.13909    0.45719    5.12868    5.12868          0          0 
   1.27154     1.5478   0.771724          0    1.61171    1.50352    16.1645    1.37702    1.05614    2.60274    1.16602    1.30491   0.836186    1.14325    1.09062    2.80827    16.3651    1.37702    1.11847    2.59604   0.884345    1.12853    3.37963    4.64902   0.840196   0.928256    1.51172    1.26712    5.53943    1.02316    5.47623    5.47623          0          0 
  0.466574   0.427554    1.23682    1.61171          0    0.73159     14.695    1.35951    0.80134    2.76482    2.12525   0.699252    1.10435     2.7515   0.523509    1.22953    14.8953    1.35951   0.638437    2.76439   0.879634   0.851252    4.35685    4.39794    1.90382    2.53874    1.37698    2.45752    5.78286   0.783279    3.91037    3.91037          0          0 
  0.966885   0.308735    1.50067    1.50352    0.73159          0    14.6647   0.672524    1.20018    2.03345     1.5869    1.24185    1.39845    2.54173   0.763584    1.78537    14.8653   0.672524     1.0498    2.03311    1.16686   0.382164    3.70432    3.72093    2.08991    2.35063   0.660889    1.96351    5.05448    1.15487    4.04592    4.04592          0          0 
   15.1522     14.632     15.931    16.1645     14.695    14.6647          0    14.9926    15.4866    14.8287     15.913    15.3233    15.7976    17.1745    15.1849    13.8234   0.200577    14.9926      15.33    14.8396    15.5743    15.0452    16.7464    13.5028    16.5987    16.9986    14.8625    16.2948    14.9446    15.4748    10.8536    10.8536          0          0 
   1.44952   0.966616    1.70693    1.37702    1.35951   0.672524    14.9926          0    1.56717     1.4691   0.995409    1.69669    1.64803    2.19394    1.17822    2.45713    15.1931          0    1.46053    1.46644    1.46424   0.561362    3.03181    3.36258    2.14721    2.03617   0.138146     1.3906    4.51803    1.51383    4.54495    4.54495          0          0 
   0.33582    1.02077   0.452279    1.05614    0.80134    1.20018    15.4866    1.56717          0    3.03162    1.96393   0.249025   0.317731    2.16687   0.436629    1.83267    15.6868    1.56717   0.167578    3.02833    0.17406    1.02246    4.26778    4.88462    1.11823     1.9485    1.65054    2.19963    6.07823   0.053944    4.67754    4.67754          0          0 
    2.9151    2.34071    3.12083    2.60274    2.76482    2.03345    14.8287     1.4691    3.03162          0    1.56412    3.16564    3.08172    2.95112    2.64691    3.68437    15.0274     1.4691     2.9294  0.0111325    2.91818    2.02898    2.12624    2.09084    3.44044    2.88513     1.4078    1.79579    3.04893    2.97792    5.04326    5.04326          0          0 
   2.01416    1.82389    1.85944    1.16602    2.12525     1.5869     15.913   0.995409    1.96393    1.56412          0    2.17847    1.87385    1.41567     1.7386    3.32735    16.1131   0.995409    1.93673    1.55534    1.80249    1.29077    2.30414    3.65487    1.98868    1.32728    1.10095   0.396639    4.38795    1.91392    5.53953    5.53953          0          0 
  0.276144    1.01119   0.666736    1.30491   0.699252    1.24185    15.3233    1.69669   0.249025    3.16564    2.17847          0   0.538348    2.41404   0.518939    1.61105    15.5234    1.69669   0.246576    3.16307   0.421082    1.13714    4.48183    4.95961    1.31272    2.19571    1.76505    2.43002    6.21445   0.284092    4.49574    4.49574          0          0 
  0.646217    1.26848   0.134742   0.836186    1.10435    1.39845    15.7976    1.64803   0.317731    3.08172    1.87385   0.538348          0    1.89625   0.663304    2.14504    15.9979    1.64803    0.46756    3.07736   0.239396    1.14813    4.16073    5.00514   0.802737    1.67885     1.7502    2.06039    6.11155   0.322959    4.99397    4.99397          0          0 
   2.41032    2.64614    1.79154    1.14325     2.7515    2.54173    17.1745    2.19394    2.16687    2.95112    1.41567    2.41404    1.89625          0    2.23273    3.95112     17.375    2.19394    2.25027    2.94151    2.00281    2.16092    2.92035    5.03345    1.40716   0.218377    2.32868    1.16366    5.53123    2.14158    6.57626    6.57626          0          0 
  0.283493   0.605186   0.782776    1.09062   0.523509   0.763584    15.1849    1.17822   0.436629    2.64691     1.7386   0.518939   0.663304    2.23273          0    1.72569    15.3854    1.17822   0.293312     2.6444   0.423972     0.6182     4.0269    4.45803    1.42949     2.0187    1.24654    2.03231    5.69562   0.391701    4.42423    4.42423          0          0 
   1.54621    1.51001    2.27632    2.80827    1.22953    1.78537    13.8234    2.45713    1.83267    3.68437    3.32735    1.61105    2.14504    3.95112    1.72569          0    14.0228    2.45713     1.7164    3.68677    1.97507    2.03659     5.4882    4.93624    2.91978    3.73489    2.42967     3.6751    6.55534    1.84343    2.97004    2.97004          0          0 
   15.3525    14.8325    16.1313    16.3651    14.8953    14.8653   0.200577    15.1931    15.6868    15.0274    16.1131    15.5234    15.9979     17.375    15.3854    14.0228          0    15.1931    15.5303    15.0383    15.7747    15.2458    16.9431    13.6972     16.799    17.1992    15.0629    16.4949    15.1337    15.6751     11.053     11.053          0          0 
   1.44952   0.966616    1.70693    1.37702    1.35951   0.672524    14.9926          0    1.56717     1.4691   0.995409    1.69669    1.64803    2.19394    1.17822    2.45713    15.1931          0    1.46053    1.46644    1.46424   0.561362    3.03181    3.36258    2.14721    2.03617   0.138146     1.3906    4.51803    1.51383    4.54495    4.54495          0          0 
  0.180063   0.857089   0.601406    1.11847   0.638437     1.0498      15.33    1.46053   0.167578     2.9294    1.93673   0.246576    0.46756    2.25027   0.293312     1.7164    15.5303    1.46053          0    2.92658   0.260233    0.90474    4.23892    4.75129    1.26985    2.03231    1.53474    2.19736    5.97825   0.144988     4.5294     4.5294          0          0 
   2.91295    2.34052    3.11604    2.59604    2.76439    2.03311    14.8396    1.46644    3.02833  0.0111325    1.55534    3.16307    3.07736    2.94151     2.6444    3.68677    15.0383    1.46644    2.92658          0    2.91442    2.02657    2.11745    2.09974    3.43393    2.87594    1.40608    1.78586    3.05167    2.97461    5.05154    5.05154          0          0 
  0.438217    1.02916   0.363121   0.884345   0.879634    1.16686    15.5743    1.46424    0.17406    2.91818    1.80249   0.421082   0.239396    2.00281   0.423972    1.97507    15.7747    1.46424   0.260233    2.91442          0   0.939863     4.1049     4.8068    1.02512    1.78448    1.55741    2.02982    5.95972   0.139292    4.78337    4.78337          0          0 
  0.888236    0.53919    1.22945    1.12853   0.851252   0.382164    15.0452   0.561362    1.02246    2.02898    1.29077    1.13714    1.14813    2.16092     0.6182    2.03659    15.2458   0.561362    0.90474    2.02657   0.939863          0    3.50623    3.86757    1.76602    1.96873   0.630096      1.646    5.07751   0.970349    4.42122    4.42122          0          0 
   4.30727    3.99279    4.13027    3.37963    4.35685    3.70432    16.7464    3.03181    4.26778    2.12624    2.30414    4.48183    4.16073    2.92035     4.0269     5.4882    16.9431    3.03181    4.23892    2.11745     4.1049    3.50623          0    3.35114     4.1038    3.01183    3.06155    2.11256    2.93687    4.21797    7.16549    7.16549          0          0 
   4.68647    3.98626    5.06909    4.64902    4.39794    3.72093    13.5028    3.36258    4.88462    2.09084    3.65487    4.95961    5.00514    5.03345    4.45803    4.93624    13.6972    3.36258    4.75129    2.09974     4.8068    3.86757    3.35114          0    5.47324    4.97465    3.25513    3.87128    1.93337    4.83391    5.07585    5.07585          0          0 
   1.44892    2.02086   0.668464   0.840196    1.90382    2.08991    16.5987    2.14721    1.11823    3.44044    1.98868    1.31272   0.802737    1.40716    1.42949    2.91978     16.799    2.14721    1.26985    3.43393    1.02512    1.76602     4.1038    5.47324          0    1.21777    2.27349    2.02154    6.37368    1.12561    5.79574    5.79574          0          0 
   2.19302    2.44398    1.57542   0.928256    2.53874    2.35063    16.9986    2.03617     1.9485    2.88513    1.32728    2.19571    1.67885   0.218377     2.0187    3.73489    17.1992    2.03617    2.03231    2.87594    1.78448    1.96873    3.01183    4.97465    1.21777          0     2.1727    1.12979    5.54912    1.92323    6.37655    6.37655          0          0 
    1.5092   0.966728    1.81529    1.51172    1.37698   0.660889    14.8625   0.138146    1.65054     1.4078    1.10095    1.76505     1.7502    2.32868    1.24654    2.42967    15.0629   0.138146    1.53474    1.40608    1.55741   0.630096    3.06155    3.25513    2.27349     2.1727          0    1.49755    4.45299    1.59789    4.44017    4.44017          0          0 
   2.29632    2.18452    2.02188    1.26712    2.45752    1.96351    16.2948     1.3906    2.19963    1.79579   0.396639    2.43002    2.06039    1.16366    2.03231     3.6751    16.4949     1.3906    2.19736    1.78586    2.02982      1.646    2.11256    3.87128    2.02154    1.12979    1.49755          0    4.43797    2.15333    5.93541    5.93541          0          0 
   5.96211    5.35532    6.13909    5.53943    5.78286    5.05448    14.9446    4.51803    6.07823    3.04893    4.38795    6.21445    6.11155    5.53123    5.69562    6.55534    15.1337    4.51803    5.97825    3.05167    5.95972    5.07751    2.93687    1.93337    6.37368    5.54912    4.45299    4.43797          0    6.02441    7.00517    7.00517          0          0 
  0.323318   0.983506    0.45719    1.02316   0.783279    1.15487    15.4748    1.51383   0.053944    2.97792    1.91392   0.284092   0.322959    2.14158   0.391701    1.84343    15.6751    1.51383   0.144988    2.97461   0.139292   0.970349    4.21797    4.83391    1.12561    1.92323    1.59789    2.15333    6.02441          0    4.67213    4.67213          0          0 
   4.34942    3.93329    5.12868    5.47623    3.91037    4.04592    10.8536    4.54495    4.67754    5.04326    5.53953    4.49574    4.99397    6.57626    4.42423    2.97004     11.053    4.54495     4.5294    5.05154    4.78337    4.42122    7.16549    5.07585    5.79574    6.37655    4.44017    5.93541    7.00517    4.67213          0          0          0          0 
   4.34942    3.93329    5.12868    5.47623    3.91037    4.04592    10.8536    4.54495    4.67754    5.04326    5.53953    4.49574    4.99397    6.57626    4.42423    2.97004     11.053    4.54495     4.5294    5.05154    4.78337    4.42122    7.16549    5.07585    5.79574    6.37655    4.44017    5.93541    7.00517    4.67213          0          0          0          0 
         0          0          0          0          0          0          0          0          0          0          0          0          0          0          0          0          0          0          0          0          0          0          0          0          0          0          0          0          0          0          0          0          0          0 
         0          0          0          0          0          0          0          0          0          0          0          0          0          0          0          0          0          0          0          0          0          0          0          0          0          0          0          0          0          0          0          0          0          0 

Threads: 1
Version identifier: 12.10.0.0 | 2019-11-26 | 843d4de
CPXPARAM_Threads                                 1
CPXPARAM_TimeLimit                               7200
Tried aggregator 2 times.
MIP Presolve eliminated 608 rows and 1010 columns.
MIP Presolve modified 970 coefficients.
Aggregator did 14 substitutions.
Reduced MIP has 169 rows, 222 columns, and 734 nonzeros.
Reduced MIP has 218 binaries, 0 generals, 0 SOSs, and 0 indicators.
Presolve time = 0.00 sec. (2.20 ticks)
Found incumbent of value 14.188433 after 0.01 sec. (3.54 ticks)
Probing fixed 96 vars, tightened 0 bounds.
Probing changed sense of 1 constraints.
Probing time = 0.00 sec. (0.79 ticks)
Cover probing fixed 0 vars, tightened 38 bounds.
Tried aggregator 2 times.
MIP Presolve eliminated 81 rows and 104 columns.
MIP Presolve modified 22 coefficients.
Aggregator did 3 substitutions.
Reduced MIP has 85 rows, 115 columns, and 356 nonzeros.
Reduced MIP has 113 binaries, 0 generals, 0 SOSs, and 0 indicators.
Presolve time = 0.00 sec. (0.61 ticks)
Probing fixed 24 vars, tightened 0 bounds.
Probing changed sense of 1 constraints.
Probing time = 0.00 sec. (0.32 ticks)
Cover probing fixed 0 vars, tightened 2 bounds.
Tried aggregator 3 times.
MIP Presolve eliminated 23 rows and 35 columns.
MIP Presolve modified 8 coefficients.
Aggregator did 3 substitutions.
Reduced MIP has 59 rows, 77 columns, and 230 nonzeros.
Reduced MIP has 77 binaries, 0 generals, 0 SOSs, and 0 indicators.
Presolve time = 0.00 sec. (0.50 ticks)
Probing fixed 2 vars, tightened 0 bounds.
Probing time = 0.00 sec. (0.16 ticks)
Tried aggregator 1 time.
Detecting symmetries...
MIP Presolve eliminated 1 rows and 2 columns.
Reduced MIP has 58 rows, 75 columns, and 224 nonzeros.
Reduced MIP has 75 binaries, 0 generals, 0 SOSs, and 0 indicators.
Presolve time = 0.00 sec. (0.15 ticks)
Probing time = 0.00 sec. (0.14 ticks)
Clique table members: 218.
MIP emphasis: balance optimality and feasibility.
MIP search method: dynamic search.
Parallel mode: none, using 1 thread.
Root relaxation solution time = 0.00 sec. (0.11 ticks)

        Nodes                                         Cuts/
   Node  Left     Objective  IInf  Best Integer    Best Bound    ItCnt     Gap

*     0+    0                           14.1884       31.1389           119.47%
*     0     0      integral     0       19.4062       19.4062       20    0.00%
Elapsed time = 0.02 sec. (6.92 ticks, tree = 0.00 MB, solutions = 2)

Root node processing (before b&c):
  Real time             =    0.02 sec. (6.96 ticks)
Sequential b&c:
  Real time             =    0.00 sec. (0.00 ticks)
                          ------------
Total (root+branch&cut) =    0.02 sec. (6.96 ticks)

Sol status: Optimal
 Total Time: 0.01
 LB: 19.4062
 UB: 19.4062

Obj Val: 19.4062155506403

Solve Time: 0.01
x(1, 11, 0)
x(3, 13, 0)
x(4, 14, 0)
x(5, 15, 0)
x(7, 17, 0)
x(9, 19, 0)
x(11, 7, 0)
x(13, 32, 0)
x(14, 3, 0)
x(15, 9, 0)
x(17, 5, 0)
x(19, 4, 0)
x(30, 1, 0)
x(0, 10, 1)
x(2, 12, 1)
x(6, 16, 1)
x(8, 18, 1)
x(10, 8, 1)
x(12, 0, 1)
x(16, 33, 1)
x(18, 6, 1)
x(31, 2, 1)
b(0): 10.3333333333333
b(1): 10.1666666666667
b(2): 9.11666666666667
b(3): 15.8333333333333
b(4): 15.2333333333333
b(5): 13.1333333333333
b(6): 13.2166666666667
b(7): 10.4
b(8): 12.5166666666667
b(9): 14.9666666666667
b(10): 10.4657924465502
b(11): 10.2746632882968
b(12): 9.20328639630192
b(13): 15.9445507857987
b(14): 15.3294351853894
b(15): 13.2602122402675
b(16): 13.3048921167596
b(17): 10.4833333333333
b(18): 12.6040872731767
b(19): 15.0502715242545
b(20): 0
b(21): 0
b(22): 0
b(23): 0
b(24): 0
b(25): 0
b(26): 0
b(27): 0
b(28): 0
b(29): 0
b(30): 8.99157689233384
b(31): 8.99157689233384
b(32): 16.9915768923338
b(33): 16.9915768923338


Customer profit: 39.6012499283278
Parcel profit: 0
Costs: 20.1950343776875

Number of Vehicles: 2

Solution: 
Vehicle 0: 30 - 1 - 11 - 7 - 17 - 5 - 15 - 9 - 19 - 4 - 14 - 3 - 13 - 32 - Total time: 6.95297389346485
Vehicle 1: 31 - 2 - 12 - 0 - 10 - 8 - 18 - 6 - 16 - 33 - Total time: 4.31331522442576


Solution structure: 
Vehicle 0: d - P - d - D - d - D - d - D - d - P - d - P - f
Vehicle 1: d - P - d - P - d - D - d - D - f


size of n: 10

size of m: 5

*************


Served parcels: 5

Unserved parcels: 0

*************

Total time: 2.7374532190361

Total passenger time: 0.416666666666667

Total parcel time: 1.44080389088885

Total combined transportation time: 0.416666666666667

Total idle time: 0.46331599481391

*************

Total distance: 9.73558198047998

Total passenger distance: -17.0833333333333

Total parcel distance: 24.9062928597764

Total combined transportation distance: -17.0833333333333

Total idle distance: 18.9959557873703

*************

Waiting time passenger: 8.69550248233846

Waiting time goods: 8.31827272618213e-08

Total waiting time: 8.69550256552118


______PART II_____


Threads: 1
Version identifier: 12.10.0.0 | 2019-11-26 | 843d4de
CPXPARAM_Threads                                 1
CPXPARAM_TimeLimit                               7200
Tried aggregator 2 times.
MIP Presolve eliminated 425 rows and 1746 columns.
MIP Presolve modified 174 coefficients.
Aggregator did 2 substitutions.
Reduced MIP has 57 rows, 86 columns, and 377 nonzeros.
Reduced MIP has 86 binaries, 0 generals, 0 SOSs, and 0 indicators.
Presolve time = 0.00 sec. (2.21 ticks)
Found incumbent of value 0.000000 after 0.00 sec. (2.42 ticks)
Probing fixed 10 vars, tightened 0 bounds.
Probing time = 0.00 sec. (0.21 ticks)
Tried aggregator 1 time.
MIP Presolve eliminated 8 rows and 10 columns.
Reduced MIP has 49 rows, 76 columns, and 293 nonzeros.
Reduced MIP has 76 binaries, 0 generals, 0 SOSs, and 0 indicators.
Presolve time = 0.00 sec. (0.24 ticks)
Probing time = 0.00 sec. (0.15 ticks)
