
NameOfInst: Instances/csarp/sarp-7-6-B-2.txt
RunningScen: 1A
Instance Name: sarp-7-6-B-2
vmed: 0.68333
Instance type: csarp

n: 7
m: 6
K: 3
Earlier // Later: 
0: {13.73300}-{13.73300}
1: {17.43300}-{17.43300}
2: {11.26600}-{11.26600}
3: {14.18300}-{14.18300}
4: {14.93300}-{14.93300}
5: {15.85000}-{15.85000}
6: {10.38300}-{10.38300}
7: {9.00000}-{19.00000}
8: {9.00000}-{19.00000}
9: {9.00000}-{19.00000}
10: {9.00000}-{19.00000}
11: {9.00000}-{19.00000}
12: {9.00000}-{19.00000}
13: {9.00000}-{19.00000}
14: {9.00000}-{19.00000}
15: {9.00000}-{19.00000}
16: {9.00000}-{19.00000}
17: {9.00000}-{19.00000}
18: {9.00000}-{19.00000}
19: {9.00000}-{19.00000}
20: {9.00000}-{19.00000}
21: {9.00000}-{19.00000}
22: {9.00000}-{19.00000}
23: {9.00000}-{19.00000}
24: {9.00000}-{19.00000}

Profits: 
0: 5.56800
1: 5.08200
2: 7.23400
3: 5.51400
4: 5.78400
5: 5.62200
6: 5.29800
7: 7.20000
8: 9.90000
9: 6.70000
10: 18.00000
11: 4.10000
12: 17.80000
13: 0.00000
14: 0.00000
15: 0.00000
16: 0.00000
17: 0.00000
18: 0.00000
19: 0.00000
20: 0.00000
21: 0.00000
22: 0.00000
23: 0.00000
24: 0.00000
Dist Matrix: 
   0.00000   22.10000    9.30000    4.00000    3.70000   18.80000   10.70000   18.70000   20.80000   16.90000   24.90000   11.20000   12.80000   22.20000   16.90000   20.60000   17.30000   11.00000   11.20000   17.40000   22.60000    3.60000    0.00000    0.00000    0.00000 
  21.20000    0.00000   15.90000   26.00000   26.20000   21.10000   20.90000    8.40000    6.50000    8.90000    1.10000   14.40000   18.60000    3.10000    9.30000    8.90000   17.90000   15.50000   20.50000    8.90000    6.30000   21.80000    0.00000    0.00000    0.00000 
   8.00000   15.30000    0.00000    9.70000   10.10000   23.60000    2.20000   10.30000   17.20000    9.90000   17.90000   10.80000   17.20000   15.50000    9.30000   11.10000   20.70000   12.20000    1.80000    9.70000   19.10000    8.40000    0.00000    0.00000    0.00000 
   2.40000   20.40000    7.60000    0.00000    3.90000   18.40000    9.40000   16.90000   19.30000   15.20000   23.20000    9.70000   12.10000   20.50000   15.10000   18.80000   16.60000    9.70000    9.80000   15.70000   21.10000    1.80000    0.00000    0.00000    0.00000 
   3.40000   18.60000    6.60000    4.30000    0.00000   21.40000    4.70000   14.30000   18.90000   13.10000   21.40000   10.10000   14.80000   18.80000   12.80000   15.80000   19.00000   10.90000    5.10000   13.30000   20.80000    3.60000    0.00000    0.00000    0.00000 
  14.80000   16.20000   12.50000   19.60000   19.50000    0.00000   20.80000   17.00000   11.00000   14.90000   18.00000    8.80000    3.50000   16.10000   15.50000   19.60000    1.10000    7.40000   20.80000   15.80000   11.60000   14.90000    0.00000    0.00000    0.00000 
  11.50000   18.20000   11.40000   11.50000   12.00000   27.90000    0.00000   13.10000   21.00000   13.20000   20.60000   15.10000   21.50000   18.50000   12.50000   13.10000   25.10000   16.50000    3.40000   12.80000   22.80000   11.90000    0.00000    0.00000    0.00000 
  14.40000    5.10000    9.50000   18.60000   18.90000   21.30000   12.60000    0.00000    9.20000    2.20000    7.50000   10.00000   16.50000    5.40000    1.90000    2.50000   17.90000   11.60000   12.10000    1.40000   10.70000   15.10000    0.00000    0.00000    0.00000 
  17.30000    5.90000   12.30000   22.50000   22.60000   14.70000   19.30000    9.20000    0.00000    8.00000    7.10000    9.60000   12.30000    5.60000    8.70000   11.10000   11.40000   10.10000   19.00000    8.60000    1.80000   17.80000    0.00000    0.00000    0.00000 
  12.80000    5.50000    7.60000   17.20000   17.50000   19.20000   12.00000    2.20000    8.00000    0.00000    8.30000    7.80000   14.20000    5.80000    0.70000    4.80000   15.80000    9.40000   11.70000    0.90000    9.70000   13.40000    0.00000    0.00000    0.00000 
  20.80000    2.80000   15.60000   25.50000   25.70000   21.80000   20.10000    7.50000    7.10000    8.30000    0.00000   14.30000   18.90000    2.60000    8.70000    7.80000   18.50000   15.50000   19.70000    8.20000    7.20000   21.50000    0.00000    0.00000    0.00000 
   7.90000   11.70000    3.80000   13.20000   13.20000   13.00000   12.20000   10.00000    9.60000    7.80000   14.30000    0.00000    6.90000   11.70000    8.10000   12.50000    9.90000    1.70000   12.10000    8.60000   11.30000    8.30000    0.00000    0.00000    0.00000 
  11.50000   16.70000   10.10000   16.20000   16.00000    6.60000   18.10000   16.50000   12.30000   14.20000   18.90000    6.90000    0.00000   16.60000   14.70000   19.00000    4.50000    5.20000   18.20000   15.10000   13.40000   11.70000    0.00000    0.00000    0.00000 
  18.20000    0.30000   12.90000   22.90000   23.10000   20.00000   17.80000    5.40000    5.60000    5.80000    2.60000   11.70000   16.60000    0.00000    6.20000    6.40000   16.60000   13.00000   17.30000    5.80000    6.40000   18.80000    0.00000    0.00000    0.00000 
  12.70000    5.90000    7.60000   17.00000   17.20000   19.80000   11.50000    1.90000    8.70000    0.70000    8.70000    8.10000   14.70000    6.20000    0.00000    4.30000   16.40000    9.80000   11.10000    0.50000   10.40000   13.30000    0.00000    0.00000    0.00000 
  16.30000    6.00000   11.60000   20.10000   20.40000   23.90000   13.30000    2.50000   11.10000    4.80000    7.80000   12.50000   19.00000    6.40000    4.30000    0.00000   20.40000   14.20000   12.80000    3.90000   12.40000   17.00000    0.00000    0.00000    0.00000 
  15.90000   16.80000   13.60000   20.70000   20.60000    3.40000   21.90000   17.90000   11.40000   15.80000   18.50000    9.90000    4.50000   16.60000   16.40000   20.40000    0.00000    8.50000   21.90000   16.70000   11.90000   16.10000    0.00000    0.00000    0.00000 
   8.10000   13.00000    5.10000   13.40000   13.40000   11.40000   13.40000   11.60000   10.10000    9.40000   15.50000    1.70000    5.20000   13.00000    9.80000   14.20000    8.50000    0.00000   13.40000   10.20000   11.70000    8.50000    0.00000    0.00000    0.00000 
   8.10000   17.10000    8.30000    8.70000    9.20000   24.70000    0.50000   12.10000   19.00000   11.70000   19.70000   12.10000   18.20000   17.30000   11.10000   12.80000   21.90000   13.40000    0.00000   11.50000   20.80000    8.50000    0.00000    0.00000    0.00000 
  13.20000    5.50000    8.20000   17.50000   17.80000   20.10000   11.90000    1.40000    8.60000    0.90000    8.20000    8.60000   15.10000    5.80000    0.50000    3.90000   16.70000   10.20000   11.50000    0.00000   10.30000   13.90000    0.00000    0.00000    0.00000 
  19.10000    6.70000   14.10000   24.30000   24.40000   15.00000   21.10000   10.70000    1.80000    9.70000    7.20000   11.30000   13.40000    6.40000   10.40000   12.40000   11.90000   11.70000   20.80000   10.30000    0.00000   19.60000    0.00000    0.00000    0.00000 
   0.60000   18.70000    5.90000    4.80000    4.80000   18.20000    8.10000   15.10000   17.80000   13.40000   21.50000    8.30000   11.70000   18.80000   13.30000   17.00000   16.10000    8.50000    8.50000   13.90000   19.60000    0.00000    0.00000    0.00000    0.00000 
   0.00000    0.00000    0.00000    0.00000    0.00000    0.00000    0.00000    0.00000    0.00000    0.00000    0.00000    0.00000    0.00000    0.00000    0.00000    0.00000    0.00000    0.00000    0.00000    0.00000    0.00000    0.00000    0.00000    0.00000    0.00000 
   0.00000    0.00000    0.00000    0.00000    0.00000    0.00000    0.00000    0.00000    0.00000    0.00000    0.00000    0.00000    0.00000    0.00000    0.00000    0.00000    0.00000    0.00000    0.00000    0.00000    0.00000    0.00000    0.00000    0.00000    0.00000 
   0.00000    0.00000    0.00000    0.00000    0.00000    0.00000    0.00000    0.00000    0.00000    0.00000    0.00000    0.00000    0.00000    0.00000    0.00000    0.00000    0.00000    0.00000    0.00000    0.00000    0.00000    0.00000    0.00000    0.00000    0.00000 

Threads: 1
Version identifier: 20.1.0.0 | 2020-11-10 | 9bedb6d68
CPXPARAM_Threads                                 1
CPXPARAM_TimeLimit                               7200
Tried aggregator 1 time.
MIP Presolve eliminated 258 rows and 44 columns.
MIP Presolve modified 885 coefficients.
Reduced MIP has 535 rows, 769 columns, and 4050 nonzeros.
Reduced MIP has 744 binaries, 0 generals, 0 SOSs, and 0 indicators.
Presolve time = 0.01 sec. (4.06 ticks)
Found incumbent of value -3.184000 after 0.01 sec. (7.38 ticks)
Probing fixed 45 vars, tightened 0 bounds.
Probing time = 0.01 sec. (7.21 ticks)
Cover probing fixed 0 vars, tightened 6 bounds.
Tried aggregator 1 time.
Detecting symmetries...
MIP Presolve eliminated 42 rows and 46 columns.
MIP Presolve modified 60 coefficients.
Reduced MIP has 493 rows, 723 columns, and 3729 nonzeros.
Reduced MIP has 699 binaries, 0 generals, 0 SOSs, and 0 indicators.
Presolve time = 0.00 sec. (3.04 ticks)
Probing time = 0.00 sec. (2.80 ticks)
Clique table members: 2413.
MIP emphasis: balance optimality and feasibility.
MIP search method: dynamic search.
Parallel mode: none, using 1 thread.
Root relaxation solution time = 0.00 sec. (3.33 ticks)

        Nodes                                         Cuts/
   Node  Left     Objective  IInf  Best Integer    Best Bound    ItCnt     Gap

*     0+    0                           -3.1840      596.0860              --- 
      0     0       60.0084    27       -3.1840       60.0084      156     --- 
      0     0       58.2888    50       -3.1840       Cuts: 7      211     --- 
      0     0       56.8081    53       -3.1840      Cuts: 37      272     --- 
      0     0       56.3347    47       -3.1840      Cuts: 33      306     --- 
      0     0       55.9964    61       -3.1840      Cuts: 11      340     --- 
      0     0       55.6556    63       -3.1840      Cuts: 15      361     --- 
Detecting symmetries...
      0     0       55.5487    75       -3.1840      Cuts: 12      375     --- 
      0     0       55.4269    80       -3.1840       Cuts: 8      386     --- 
      0     0       55.1773    76       -3.1840       Cuts: 7      409     --- 
      0     0       55.0129    72       -3.1840      Cuts: 19      431     --- 
      0     0       54.5064    51       -3.1840      Cuts: 13      466     --- 
      0     0       54.4956    51       -3.1840   ZeroHalf: 4      470     --- 
      0     0       54.1146    54       -3.1840  ZeroHalf: 11      510     --- 
      0     0       53.8660    82       -3.1840      Cuts: 30      552     --- 
      0     0       53.8105    80       -3.1840      Cuts: 20      577     --- 
      0     0       53.7882    86       -3.1840      Cuts: 26      591     --- 
      0     0       53.6073    83       -3.1840   ZeroHalf: 2      626     --- 
      0     0       53.5599    80       -3.1840      Cuts: 22      653     --- 
      0     0       53.5553    85       -3.1840       Cuts: 7      665     --- 
      0     0       53.5506    88       -3.1840       Cuts: 2      674     --- 
*     0+    0                           32.8360       53.5506            63.08%
*     0+    0                           36.5000       53.5506            46.71%
      0     0        cutoff             36.5000       53.5506      674   46.71%
Detecting symmetries...
      0     2       53.5506    88       36.5000       53.5346      674   46.67%
Elapsed time = 0.21 sec. (175.41 ticks, tree = 0.01 MB, solutions = 3)
    209   164       49.6436    42       36.5000       50.7620     6606   39.07%
    500   382       48.6748    62       36.5000       49.8704    12298   36.63%
    820   595       48.7641    39       36.5000       48.9526    18329   34.12%

Performing restart 1

Repeating presolve.
Tried aggregator 1 time.
MIP Presolve modified 333 coefficients.
Reduced MIP has 493 rows, 723 columns, and 3648 nonzeros.
Reduced MIP has 699 binaries, 0 generals, 0 SOSs, and 0 indicators.
Presolve time = 0.00 sec. (2.86 ticks)
Tried aggregator 1 time.
Reduced MIP has 493 rows, 723 columns, and 3648 nonzeros.
Reduced MIP has 699 binaries, 0 generals, 0 SOSs, and 0 indicators.
Presolve time = 0.00 sec. (2.31 ticks)
Represolve time = 0.01 sec. (14.89 ticks)
    940     0       51.5059    86       36.5000      Cuts: 48    20969   33.51%
    940     0       50.9825    70       36.5000      Cuts: 51    21033   33.51%
    940     0       50.7582    81       36.5000      Cuts: 37    21069   33.51%
    940     0       50.6550    87       36.5000      Cuts: 12    21117   33.51%
    940     0       50.5308    95       36.5000      Cuts: 52    21159   33.51%
    940     0       50.4519    93       36.5000      Cuts: 39    21193   33.51%
    940     2       50.4519    93       36.5000       48.7328    21193   33.51%
    944     6       47.2352    44       36.5000       48.7328    21448   33.51%
    957    13       48.3274    65       36.5000       48.7328    21976   33.51%
   1010    62       38.5496    33       36.5000       48.7328    23238   33.51%
   1111   131       43.6132    15       36.5000       48.7328    24992   33.51%
   1243   205       39.7308    37       36.5000       48.7029    27443   33.43%
   1653   435       44.9645    28       36.5000       47.1490    35197   29.18%
Elapsed time = 2.69 sec. (3864.17 ticks, tree = 0.51 MB, solutions = 3)
*  1750+  491                           37.5780       47.0890            25.31%
*  1820   442      integral     0       40.3780       47.0612    37621   16.55%
*  1903   464      integral     0       40.3840       46.8395    39787   15.99%
   2100   461        cutoff             40.3840       45.8157    44764   13.45%
*  2366   368      integral     0       40.6540       44.4160    51683    9.25%
*  2410+  309                           40.8580       43.9890             7.66%
   2526   226        cutoff             40.8580       43.1428    55422    5.59%

GUB cover cuts applied:  8
Clique cuts applied:  1
Cover cuts applied:  4
Implied bound cuts applied:  4
Flow cuts applied:  5
Mixed integer rounding cuts applied:  10
Zero-half cuts applied:  17
Lift and project cuts applied:  10
Gomory fractional cuts applied:  1

Root node processing (before b&c):
  Real time             =    0.21 sec. (175.46 ticks)
Sequential b&c:
  Real time             =    3.98 sec. (5783.93 ticks)
                          ------------
Total (root+branch&cut) =    4.19 sec. (5959.38 ticks)

Sol status: Optimal
 Tree_Size: 2773
 Total Time: 4.18000
 LB: 40.85800
 UB: 40.85800

Obj Val: 40.858000000000004

Solve Time: 4.180000000000001
x(1, 13, 0)
x(6, 15, 0)
x(7, 1, 0)
x(9, 6, 0)
x(13, 22, 0)
x(15, 7, 0)
x(19, 9, 0)
x(5, 16, 1)
x(10, 5, 1)
x(16, 23, 1)
x(20, 10, 1)
x(0, 3, 2)
x(2, 18, 2)
x(3, 4, 2)
x(4, 24, 2)
x(12, 2, 2)
x(18, 0, 2)
x(21, 12, 2)
b(0): 13.733000000000001
b(1): 17.433000000000000
b(2): 11.266000000000000
b(3): 14.183000000000000
b(4): 14.933000000000000
b(5): 15.850000000000000
b(6): 10.382999999999999
b(7): 11.101000000000003
b(8): 9.000000000000000
b(9): 9.021000000000006
b(10): 9.174999999999997
b(11): 9.000000000000000
b(12): 10.936999999999999
b(13): 18.917000000000002
b(14): 9.000000000000000
b(15): 10.958000000000002
b(16): 18.917000000000002
b(17): 19.000000000000000
b(18): 11.647999999999996
b(19): 9.000000000000000
b(20): 9.000000000000000
b(21): 9.000000000000000
b(22): 19.000000000000000
b(23): 19.000000000000000
b(24): 19.000000000000000


Customer profit: 40.102000000000004
Parcel profit: 49.700000000000003
Costs: 48.944000000000003
Without fixed: -0.756000000000000

Number of Vehicles: 3

Solution: 
Vehicle 0: 19 - 9 - 6 - 15 - 7 - 1 - 13 - 22 - Total time: 9.917000000000002
Vehicle 1: 20 - 10 - 5 - 16 - 23 - Total time: 9.917000000000002
Vehicle 2: 21 - 12 - 2 - 18 - 0 - 3 - 4 - 24 - Total time: 5.933000000000000


Solution structure: 
Vehicle 0: S - P - d - D - P - d - D - f
Vehicle 1: S - P - d - D - f
Vehicle 2: S - P - d - D - d - d - d - f


size of n: 7

size of m: 6

*************


Served parcels: 4

Unserved parcels: 2

*************

Total time: 5.182121951219512

Total passenger time: 0.812000000000000

Total parcel time: 2.324975609756097

Total combined transportation time: 1.111000000000000

Total idle time: 0.934146341463415

*************

Total distance: 137.600999999999999

Total passenger distance: 12.874000000000001

Total parcel distance: 68.100000000000009

Total combined transportation distance: 18.326999999999998

Total idle distance: 38.299999999999997

*************

Waiting time passenger: 15.448634146341460

Waiting time goods: 5.580243902439030

Total waiting time: 21.028878048780491
