
NameOfInst: Instances/csarp/sarp-7-5-A-1.txt
RunningScen: 2A

n: 7
m: 5
K: 2
Dist Matrix: 
         0     24.334    21.8162    18.3616    21.5937    26.1636    26.8948    29.5118    23.4565    2.69098    12.7944    26.4231    30.7567    21.9043     9.4442    4.58552    20.6924    25.8619    18.4346          0          0 
   17.7499          0    6.84399    4.99331    17.9318    8.38205      18.89     7.2599    12.6162    24.7891    10.5856    7.29812    7.53054    7.37273    15.6425    19.7742    4.55533    4.00931    12.2903          0          0 
   14.7022    7.69616          0    4.83876    21.3683    7.26004    13.2347    11.0769    7.09635    20.9838    8.18961    14.3127    14.2323    3.04788    9.89012     16.518    9.10094    11.3936    15.1859          0          0 
   12.8009    6.11453    7.82613          0    15.1513    11.2763    19.5975    11.9803    13.3426    19.8679    5.70815    9.16925    12.2586    8.31529    11.5481    14.8282    3.09518    7.51212    9.01456          0          0 
   16.5648    5.73975    11.0881    6.39677          0    13.1377    23.2791    11.3197    16.9416    23.6534    10.1578     4.0517    9.13558     11.629    16.5648    18.5581    2.11694    3.72889    8.19634          0          0 
   21.0459    5.32257    4.16315    8.61736    24.0303          0      13.67    4.53884    7.94038    27.6388    13.9953    12.9607    9.32518    4.32534    16.7461    22.9659    10.5339    9.26574    18.1848          0          0 
   22.9694    20.7204    14.0734     18.766    34.5753     14.949          0    20.8622    8.80105    26.2799    19.6825     28.123    26.0588    13.5649    15.5363    23.9233    23.1337    24.8437    28.4985          0          0 
   24.4105     6.0369    8.60931    11.4805    24.6799    5.91765    17.2251          0    12.1111    31.2608    17.1987    11.8268    5.84183    8.83193    20.8759    26.3982    11.7305    8.31382    19.3769          0          0 
   20.5061    12.2515    5.85429    11.8038     28.435    6.19733    6.34189    12.1111          0    25.8549    14.8932     19.911    17.2651    5.31323    14.0362    22.0619    15.6773    16.4315    22.2568          0          0 
    7.1131    25.8587    23.8639    19.9132     20.985    28.2398     29.488    31.2608    25.8549          0    14.2063    27.2434    32.0965    23.9918     11.821    5.09819    21.7842    27.0288    18.5708          0          0 
   7.22092    11.6542    10.8301    5.73838    15.0782    15.0839    20.4604    17.1987    14.8932    14.2063          0    14.1309    17.9661    11.1363    6.88837    9.22762    8.08395    13.1176    9.31179          0          0 
   20.2288    7.76051    14.1342    10.3286    13.8637    15.2294    26.1627    11.8268     19.911    27.2434    14.1309          0    7.65937    14.6661    20.6142    22.1789    6.16667    3.71272    10.1386          0          0 
   24.9984    6.73265    12.5559    12.5132    21.4807    11.2888    22.8255    5.84183    17.2651    32.0965    17.9661    7.65937          0    12.9542    23.1454    27.0267    10.5428    5.40709    17.1415          0          0 
   17.7497    7.15603   0.541067    6.86389    23.4634    4.25937    11.6506    8.83193    5.31323    23.9918    11.1363    14.6661    12.9542          0    12.6961    19.5637    10.4187    11.2882    17.3279          0          0 
   7.43679    16.4298    12.6808     10.778    21.2117    16.9323    17.9611    20.8759    14.0362     11.821    6.88837    20.6142    23.1454    12.6961          0    8.47746    14.4482    18.9675    15.9162          0          0 
   2.02894    20.8684    19.3765    14.9646    17.1204     23.756    26.4102    26.3982    22.0619    5.09819    9.22762    22.1789    27.0267    19.5637    8.47746          0    16.6867     21.934    13.8641          0          0 
   14.6746    5.74582    9.88715     4.4828    13.4979    12.5457    22.0109    11.7305    15.6773    21.7842    8.08395    6.16667    10.5428    10.4187    14.4482    16.6867          0    5.26466    7.73817          0          0 
   19.9159    4.18161    10.7726    8.21282    16.5765    11.5359    22.6125    8.31382    16.4315    27.0288    13.1176    3.71272    5.40709    11.2882    18.9675     21.934    5.26466          0    11.8207          0          0 
   12.2421    13.4668    16.8407    10.4875    6.18259    20.0838     28.407    19.3769    22.2568    18.5708    9.31179    10.1386    17.1415    17.3279    15.9162    13.8641    7.73817    11.8207          0          0          0 
         0          0          0          0          0          0          0          0          0          0          0          0          0          0          0          0          0          0          0          0          0 
         0          0          0          0          0          0          0          0          0          0          0          0          0          0          0          0          0          0          0          0          0 
pairings: 6

TW sorted passengers: 
3: 3.45
6: 5.01667
5: 5.03333
1: 7.68333
0: 9.35
4: 12.6833
2: 18.65
Complete prox Vec: 
i: 0 -> 9 15 14 10 16 13 8 11 7 12 
i: 1 -> 16 7 11 13 12 10 8 14 15 9 
i: 2 -> 13 8 10 16 14 7 12 11 15 9 
i: 3 -> 16 10 13 11 14 7 12 8 15 9 
i: 4 -> 16 11 12 10 7 13 14 8 15 9 
i: 5 -> 13 7 8 12 16 11 10 14 15 9 
i: 6 -> 8 13 14 10 7 16 15 12 9 11 
i: 7 -> 5 1 2 13 3 16 6 14 0 4 15 
i: 8 -> 2 5 6 3 1 14 16 12 0 15 4 
i: 9 -> 15 0 3 4 16 2 13 1 5 6 12 
i: 10 -> 3 14 0 16 2 13 1 4 5 12 6 
i: 11 -> 12 1 3 4 2 13 5 0 14 15 6 
i: 12 -> 1 11 5 3 2 8 10 4 6 0 9 
i: 13 -> 2 5 3 1 7 10 6 11 0 4 9 
i: 14 -> 10 0 3 2 8 1 5 6 11 7 4 
i: 15 -> 0 9 3 4 2 1 8 11 5 7 6 
i: 16 -> 3 1 10 2 7 5 4 0 8 9 6 
