
NameOfInst: Instances_M/sf_data/sfsarp-30-30-5.txt
RunningScen: 1A
Instance Name: sfsarp-30-30-5
Instance type: sf_data
K: 6
Service: 0.0833333

Time windows: 
0: 14.1833 - 14.35
1: 12.75 - 12.9167
2: 16.1 - 16.2667
3: 14.7667 - 14.9333
4: 9.7 - 9.86667
5: 11.6167 - 11.7833
6: 15.1 - 15.2667
7: 9.33333 - 9.5
8: 14.1833 - 14.35
9: 15.1 - 15.2667
10: 10.1667 - 10.3333
11: 15.1667 - 15.3333
12: 14.1833 - 14.35
13: 14.7833 - 14.95
14: 12.45 - 12.6167
15: 14.8667 - 15.0333
16: 15.95 - 16.1167
17: 12.4333 - 12.6
18: 9.33333 - 9.5
19: 11.85 - 12.0167
20: 16.7833 - 16.95
21: 15.6667 - 15.8333
22: 15.4333 - 15.6
23: 10.45 - 10.6167
24: 9.75 - 9.91667
25: 14.6 - 14.7667
26: 10.4167 - 10.5833
27: 16.7833 - 16.95
28: 15.2333 - 15.4
29: 16.0833 - 16.25
30: 14.28 - 14.4467
31: 12.881 - 13.0477
32: 16.2165 - 16.3831
33: 14.8769 - 15.0435
34: 9.81515 - 9.98181
35: 11.7105 - 11.8771
36: 15.2371 - 15.4038
37: 9.43388 - 9.60055
38: 14.8397 - 15.0063
39: 15.2371 - 15.4038
40: 10.2747 - 10.4413
41: 15.2881 - 15.4548
42: 14.28 - 14.4467
43: 14.8669 - 15.0335
44: 12.5449 - 12.7116
45: 14.9544 - 15.1211
46: 16.0435 - 16.2102
47: 12.543 - 12.7097
48: 9.43388 - 9.60055
49: 11.9495 - 12.1162
50: 16.8785 - 17.0452
51: 15.7553 - 15.922
52: 15.5279 - 15.6946
53: 10.5527 - 10.7193
54: 9.86556 - 10.0322
55: 15.2883 - 15.455
56: 10.6159 - 10.7826
57: 16.8785 - 17.0452
58: 15.3294 - 15.4961
59: 16.1997 - 16.3664
60: 0 - 24
61: 0 - 24
62: 0 - 24
63: 0 - 24
64: 0 - 24
65: 0 - 24
66: 0 - 24
67: 0 - 24
68: 0 - 24
69: 0 - 24
70: 0 - 24
71: 0 - 24
72: 0 - 24
73: 0 - 24
74: 0 - 24
75: 0 - 24
76: 0 - 24
77: 0 - 24
78: 0 - 24
79: 0 - 24
80: 0 - 24
81: 0 - 24
82: 0 - 24
83: 0 - 24
84: 0 - 24
85: 0 - 24
86: 0 - 24
87: 0 - 24
88: 0 - 24
89: 0 - 24
90: 0 - 24
91: 0 - 24
92: 0 - 24
93: 0 - 24
94: 0 - 24
95: 0 - 24
96: 0 - 24
97: 0 - 24
98: 0 - 24
99: 0 - 24
100: 0 - 24
101: 0 - 24
102: 0 - 24
103: 0 - 24
104: 0 - 24
105: 0 - 24
106: 0 - 24
107: 0 - 24
108: 0 - 24
109: 0 - 24
110: 0 - 24
111: 0 - 24
112: 0 - 24
113: 0 - 24
114: 0 - 24
115: 0 - 24
116: 0 - 24
117: 0 - 24
118: 0 - 24
119: 0 - 24
120: 0 - 24
121: 0 - 24
122: 0 - 24
123: 0 - 24
124: 0 - 24
125: 0 - 24
126: 0 - 24
127: 0 - 24
128: 0 - 24
129: 0 - 24
130: 0 - 24
131: 0 - 24
Dist Matrix: 
         0    4.28536    4.13141    3.80731    3.56016    4.59399     5.5889     3.9328    2.87263     5.5889    3.70729    5.31507          0    6.04785    1.77793    3.83444    2.55768    5.03814     3.9328    3.57418    4.24736     4.6503    3.98528    4.43838    3.32309     19.195     2.1548    4.24736    3.95697    4.83796   0.547855    5.04346    4.52279    4.83417    4.56844    4.19902    5.16989    4.53052    15.7782    5.16989    4.65571     4.2729   0.547855    6.04616    1.50777    3.80042    2.55781    5.40586    4.53052    4.05588    4.66999    4.49631    4.23151    4.08803    4.05498     3.6738    6.04785    4.66999     4.3124    3.52533    5.27839    2.24404    4.57852    9.37259    3.49481    3.67178    2.24404    4.95419    3.93137      4.643    5.35241    4.65277     5.7784    4.57852    5.79128    9.37259    3.96545    5.96897    3.25375    4.81167    19.4025    4.50982    4.91067    5.93007      4.643    3.81935    4.44203    15.7363    5.94329    5.70285    5.44442    2.24404    4.02088    9.29984    3.42258    4.83054    2.24404    4.58797    2.60895    4.55073    4.06203      4.643    5.85792    4.02088    5.79253    9.29984    3.57831    3.99854    4.44464    3.73121     4.6844    5.03009    4.96223    5.93652    4.55073    4.49634    4.44203    16.3034    4.93572    4.68572    2.57687    2.57687    2.57687    2.57687    2.57687    2.57687          0          0          0          0          0          0 
   4.28536          0    1.75326   0.523296   0.981971   0.441872    2.29688   0.598372    4.60758    2.29688   0.604295    1.88849    4.28536    1.98974    2.81828   0.545635    1.73063     1.1286   0.598372    1.91247   0.404953   0.372494   0.301989   0.161679    1.53427      19.14    3.51356   0.404953   0.644704   0.614819    4.78842    1.95564   0.563033   0.579151   0.324407   0.164957   0.887965   0.276232    19.5176   0.887965   0.683225    0.37748    4.78842    1.99155     3.2911   0.498915    1.78278    1.12243   0.276232    2.38412   0.767392   0.224167   0.374778     0.7742   0.241212   0.679588    1.98974   0.767392   0.181496   0.764843    1.02795    3.04414   0.776172    12.9387   0.791191    1.08077    3.04414    1.80391    2.24611   0.657067    1.85719   0.658668    2.15056   0.776172    1.90448    12.9387   0.324648    1.94041     2.4358   0.559245     19.333    5.14934   0.657341    1.71549   0.657067   0.470539   0.431648    19.4739    2.15137    1.42294    1.16234    3.04414   0.576337    12.8542    1.81464    1.25102    3.04414    1.57921    2.46134   0.581054    0.24507   0.657067    2.00787   0.576337      1.901    12.8542    0.80312    1.13492    1.48807   0.581286   0.564593    5.83034   0.736053    1.96357   0.581054    5.13215   0.431648    20.1004    1.51155    0.50345    4.50257    4.50257    4.50257    4.50257    4.50257    4.50257          0          0          0          0          0          0 
   4.13141    1.75326          0    1.47719    2.29432    1.57296    4.04507    1.22208    5.47532    4.04507    1.51547    3.63665    4.13141    3.52052    3.31162    1.96847    2.01114    1.40883    1.22208    3.30592    1.35452     1.9609    1.72298    1.75427    2.78618    17.4236    4.26857    1.35452     1.1548     1.7454    4.67922    3.70427    1.35845    2.15035    1.70764      1.595    2.11567    1.72025    18.3689    2.11567    1.36951    2.10938    4.67922    3.52497    3.74122    1.78803    2.36778    2.39242    1.72025    3.90885    1.29742    1.75441    1.38123   0.980878    1.76912    1.40775    3.52052    1.29742    1.58957    1.77298    2.47459    3.84171    1.19574    11.7671    1.67249   0.881235    3.84171     3.5523    3.74635    1.38309    3.60048     1.3926    3.85914    1.19574    3.54834    11.7671    1.74098    3.49966    3.67948    1.80193    17.6183    6.40535    2.20603    3.09647    1.38309    1.61664     1.4242    18.3244    3.81261    2.65022    2.43643    3.84171    1.20177    11.6783   0.708868    1.03156    3.84171    3.29974    3.40286    1.36612    1.60484    1.38309    3.65821    1.20177    3.54307    11.6783    2.03643    2.73006    3.18941    1.51452    1.54303     7.0918    2.31072    3.55693    1.36612    6.38776     1.4242    18.9831    3.26481     1.6292    3.33101    3.33101    3.33101    3.33101    3.33101    3.33101          0          0          0          0          0          0 
   3.80731   0.523296    1.47719          0   0.853691   0.790517    2.69372   0.281535    4.36954    2.69372   0.105007    2.29136    3.80731    2.50573    2.43499   0.491402    1.25155    1.35327   0.281535    1.87663   0.471118   0.892154   0.296527    0.65289     1.3976    18.8982    3.22252   0.471118   0.352094    1.03103    4.32102    2.28783   0.762206    1.10214   0.764384   0.399442    1.37198   0.729946    18.9953    1.37198   0.906609   0.734288    4.32102     2.5072    2.90903   0.310942     1.3771    1.62665   0.729946    2.44715   0.952652   0.704415    0.44614   0.571975   0.369614   0.156844    2.50573   0.952652   0.507038   0.392949    1.54943    2.75727   0.896911    12.4179   0.352078   0.656696    2.75727    2.13737    2.28958   0.887324    2.27302   0.895041     2.6046   0.896911    2.39649    12.4179   0.301567    2.45279    2.32321    1.00547    19.0933    5.07327    1.18016    2.23823   0.887324   0.140116   0.655199    18.9516    2.63335    1.92994    1.66852    2.75727    0.34956    12.3336    1.37318    1.32178    2.75727    1.85004    2.21094   0.790295    0.27831   0.887324    2.49612    0.34956     2.3937    12.3336   0.598676    1.25311    1.72941  0.0830125   0.890519    5.76031    1.25907    2.46923   0.790295    5.05578   0.655199    19.5775    1.88631   0.880829    3.99105    3.99105    3.99105    3.99105    3.99105    3.99105          0          0          0          0          0          0 
   3.56016   0.981971    2.29432   0.853691          0    1.41919    2.25116    1.13515    3.62563    2.25116   0.789405    1.89332    3.56016    2.48831     1.9351   0.442163    1.16989    2.09062    1.13515    1.02353    1.23367    1.25502   0.741635     1.1364   0.562058     19.679    2.54388    1.23367    1.20578    1.59102    4.02381    1.75211    1.49411    1.38179     1.3043     1.0105     1.7967    1.25525    19.1038     1.7967    1.63235   0.780395    4.02381    2.48677    2.39529   0.570064    1.00842    1.96831    1.25525    1.61563    1.70347    1.19768    1.19957    1.42531   0.761721    0.88903    2.48831    1.70347    1.11795   0.523898    1.78762     2.0754     1.6789    12.5672   0.630208     1.4214     2.0754    1.61809    1.45209    1.60777    1.90646    1.61189    2.31046     1.6789    2.25046    12.5672   0.713082    2.41081    1.48477    1.52599    19.8755    4.22932    1.44878    2.39347    1.60777   0.731583    1.36252    19.0607    2.42955    2.23932     1.9988     2.0754    1.19734    12.4861     2.0332    2.13839     2.0754    1.26248    1.48413    1.51823   0.890969    1.60777    2.32669    1.19734    2.25082    12.4861   0.258997     0.5694    1.11516   0.795643    1.54124    4.91537    1.47235    2.38396    1.51823     4.2119    1.36252    19.6647    1.47649     1.4853     4.2974     4.2974     4.2974     4.2974     4.2974     4.2974          0          0          0          0          0          0 
   4.59399   0.441872    1.57296   0.790517    1.41919          0    2.51621   0.690155    5.04295    2.51621   0.893726    2.11223    4.59399    1.97018    3.20458   0.978449    2.04111   0.690428   0.690155    2.35095    0.36152   0.410562   0.697235    0.30971    1.97476    18.8467    3.93676    0.36152   0.692223   0.250536    5.11028    2.24728   0.216002   0.579365   0.164492   0.429045   0.634607   0.203557    19.6456   0.634607   0.272239   0.775438    5.11028    1.97385    3.67897   0.897426    2.15294   0.915564   0.203557    2.80253   0.365877   0.264151   0.369146   0.688541   0.660382   0.920299    1.97018   0.365877   0.310762    1.13267   0.927323    3.46754   0.418135    13.0545    1.12783    1.11671    3.46754      2.099    2.67021   0.246739    2.06601   0.243961    2.29376   0.418135    1.97559    13.0545   0.725004     1.9408    2.87759   0.258452    19.0382     5.5868   0.633071    1.59776   0.246739   0.808404   0.178985    19.6017    2.23966    1.21372   0.960653    3.46754    0.61537    12.9685    1.80667   0.864897    3.46754    1.92594    2.89142   0.213973   0.569545   0.246739    2.08534    0.61537    1.97039    12.9685    1.22382    1.55731    1.85431   0.870201   0.122727    6.26665   0.737806    1.99058   0.213973    5.56965   0.178985    20.2383     1.7806  0.0928872    4.58677    4.58677    4.58677    4.58677    4.58677    4.58677          0          0          0          0          0          0 
    5.5889    2.29688    4.04507    2.69372    2.25116    2.51621          0    2.87515    4.59433          0      2.714   0.408524     5.5889    1.28729    3.81963    2.27189    3.41547    3.03472    2.87515    2.03799    2.69068    2.10691    2.40011    2.29269    2.28629     21.347      3.944    2.69068    2.93109    2.42947    5.97583   0.545487    2.72851    1.95264     2.3617    2.45959    2.20473    2.33995    21.2971    2.20473    2.77221    1.96842    5.97583    1.27881    4.18487    2.43294    3.18083    2.05845    2.33995    1.77528    2.86421    2.29836    2.66468    3.07036    2.33424    2.82874    1.28729    2.86421    2.45565    2.62305    1.82695    3.57283    2.93312    14.7874    2.72488    3.34115    3.57283   0.646385    1.81574    2.75014   0.450591    2.74403   0.474481    2.93312   0.900067    14.7874     2.3924    1.20246     2.5019    2.34777    21.5372    4.32769    1.92056    1.70998    2.75014      2.566    2.63655    21.2544   0.758214    2.04524     2.0388    3.57283    2.86862    14.7078    4.06676    3.34127    3.57283     1.0188    3.03942    2.72981    2.47992    2.75014   0.839263    2.86862   0.908749    14.7078    2.39387    1.69291    1.16922    2.70113    2.58616    4.90813    1.82123    1.08023    2.72981    4.31393    2.63655    21.8449   0.809541    2.48812    6.54473    6.54473    6.54473    6.54473    6.54473    6.54473          0          0          0          0          0          0 
    3.9328   0.598372    1.22208   0.281535    1.13515   0.690155    2.87515          0    4.62621    2.87515   0.360444    2.46825     3.9328    2.56724    2.64471   0.757216    1.40274    1.14076          0    2.15781   0.328661   0.919495   0.501398    0.67159    1.67788    18.6453    3.46695   0.328661  0.0712587   0.940591    4.45709    2.49891   0.590035    1.13535    0.72446   0.435059    1.31859   0.705796    18.9752    1.31859   0.724383    0.90911    4.45709    2.56963    3.11627   0.582598    1.58766    1.59281   0.705796    2.72308   0.748866   0.704415   0.323916   0.290546   0.552303   0.306521    2.56724   0.748866   0.492166   0.660896    1.56057    3.00491   0.672864    12.3885   0.597325   0.482788    3.00491    2.34721    2.56701    0.71063    2.44213   0.720244    2.74711   0.672864    2.50066    12.3885   0.518918    2.52345    2.60279   0.939249    18.8398    5.35314    1.20919    2.24927    0.71063   0.410179   0.520358    18.9313    2.74928    1.89498    1.63705    3.00491  0.0908529    12.3032    1.21629    1.06203    3.00491    2.08064    2.47124   0.617935   0.395873    0.71063    2.60486  0.0908529    2.49699    12.3032   0.880078    1.51443    1.96788   0.347607   0.761595    6.04034    1.30162    2.55304   0.617935    5.33564   0.520358    19.5642     2.0763   0.782559    3.93288    3.93288    3.93288    3.93288    3.93288    3.93288          0          0          0          0          0          0 
   2.87263    4.60758    5.47532    4.36954    3.62563    5.04295    4.59433    4.62621          0    4.59433      4.273    4.52127    2.87263    5.58812    2.21425    4.06461    3.46658    5.70054    4.62621    2.85377    4.81921    4.85764    4.35225    4.76137     3.0826    21.9197    1.21165    4.81921    4.68646     5.2146    2.80929    4.13158    5.09865    4.94454    4.92961    4.62477    5.38171    4.88047    17.9398    5.38171    5.24136    4.36461    2.80929    5.58254    1.89269    4.15949    3.11528    5.50153    4.88047    2.83245    5.30386    4.82219    4.78781    4.89799    4.38281    4.32216    5.58812    5.30386    4.73731    3.97676    5.27605    1.63786    5.26178    11.7944    4.02917    4.67146    1.63786     4.1292    2.83209    5.21807     4.5944    5.22333    4.97761    5.26178      5.212    11.7944    4.32377    5.49186    2.27277     5.1463     22.125    1.67641    4.99841    5.72593    5.21807    4.28762    4.97163    17.9001    5.23568    5.72748    5.52264    1.63786    4.70949    11.7315    4.88469    5.68776    1.63786    3.87745    2.15967    5.12459    4.49426    5.21807    5.22622    4.70949    5.21739    11.7315    3.82503    3.67388    3.79689    4.29026    5.16427    2.15756     4.9907    5.40602    5.12459    1.66511    4.97163    18.4014    4.30858     5.1108    5.32063    5.32063    5.32063    5.32063    5.32063    5.32063          0          0          0          0          0          0 
    5.5889    2.29688    4.04507    2.69372    2.25116    2.51621          0    2.87515    4.59433          0      2.714   0.408524     5.5889    1.28729    3.81963    2.27189    3.41547    3.03472    2.87515    2.03799    2.69068    2.10691    2.40011    2.29269    2.28629     21.347      3.944    2.69068    2.93109    2.42947    5.97583   0.545487    2.72851    1.95264     2.3617    2.45959    2.20473    2.33995    21.2971    2.20473    2.77221    1.96842    5.97583    1.27881    4.18487    2.43294    3.18083    2.05845    2.33995    1.77528    2.86421    2.29836    2.66468    3.07036    2.33424    2.82874    1.28729    2.86421    2.45565    2.62305    1.82695    3.57283    2.93312    14.7874    2.72488    3.34115    3.57283   0.646385    1.81574    2.75014   0.450591    2.74403   0.474481    2.93312   0.900067    14.7874     2.3924    1.20246     2.5019    2.34777    21.5372    4.32769    1.92056    1.70998    2.75014      2.566    2.63655    21.2544   0.758214    2.04524     2.0388    3.57283    2.86862    14.7078    4.06676    3.34127    3.57283     1.0188    3.03942    2.72981    2.47992    2.75014   0.839263    2.86862   0.908749    14.7078    2.39387    1.69291    1.16922    2.70113    2.58616    4.90813    1.82123    1.08023    2.72981    4.31393    2.63655    21.8449   0.809541    2.48812    6.54473    6.54473    6.54473    6.54473    6.54473    6.54473          0          0          0          0          0          0 
   3.70729   0.604295    1.51547   0.105007   0.789405   0.893726      2.714   0.360444      4.273      2.714          0    2.31488    3.70729     2.5723    2.33024   0.469653    1.15039    1.45649   0.360444    1.81235   0.575842   0.976317    0.34323   0.742661     1.3214    18.9278    3.12222   0.575842   0.427554    1.13246    4.21958    2.29321   0.866921    1.18269   0.861836    0.49365    1.46758   0.825613    18.9233    1.46758    1.01119   0.772716    4.21958    2.57348    2.80422    0.29016    1.27221    1.71819   0.825613    2.39637    1.05608   0.796625   0.551116   0.648399   0.421189   0.117529     2.5723    1.05608   0.605186   0.300613    1.63219    2.65769   0.998045    12.3489   0.248782   0.666311    2.65769    2.14393    2.23616   0.992069    2.30029   0.999846    2.64259   0.998045    2.44958    12.3489   0.339663    2.51671    2.24472    1.10442    19.1233    4.99511    1.26103    2.31881   0.992069   0.154048   0.760153    18.8797    2.68162    2.02086     1.7595    2.65769   0.438098    12.2649    1.36069    1.41559    2.65769    1.84448    2.11557   0.895046   0.363123   0.992069    2.54733   0.438098     2.4471    12.2649   0.530807     1.2248    1.71871  0.0239401   0.994933     5.6825      1.336    2.52897   0.895046     4.9776   0.760153    19.5037    1.90476   0.983506    3.93329    3.93329    3.93329    3.93329    3.93329    3.93329          0          0          0          0          0          0 
   5.31507    1.88849    3.63665    2.29136    1.89332    2.11223   0.408524    2.46825    4.52127   0.408524    2.31488          0    5.31507    1.12888    3.56217     1.8803    3.06298    2.64747    2.46825    1.82322    2.28221     1.7022    1.99666    1.88473    1.99301    20.9507    3.77868    2.28221    2.52365    2.03405    5.72285    0.40103    2.32353    1.55412    1.95636    2.05135     1.8302    1.93365    20.9791     1.8302    2.37074    1.56303    5.72285    1.12156    3.95162     2.0369      2.854    1.70815    1.93365    1.69176    2.46328    1.89122    2.25616    2.66187    1.92964    2.42871    1.12888    2.46328    2.04717    2.23685    1.46494     3.3806    2.52982    14.4546     2.3363    2.93617     3.3806   0.397308    1.69334    2.34825    0.08592    2.34241   0.477631    2.52982   0.725429    14.4546    1.98981    1.03347    2.33906    1.95086    21.1413    4.40712    1.52616    1.46026    2.34825     2.1655    2.22979    20.9362   0.714952    1.73337    1.69332     3.3806    2.46072    14.3741    3.66361    2.94459     3.3806   0.732585      2.819    2.32546    2.07342    2.34825   0.714991    2.46072   0.732592    14.3741    2.01746    1.35247   0.871173    2.30132    2.18514    5.01692    1.42931   0.925479    2.32546    4.39242    2.22979    21.5331   0.420575    2.08681    6.17228    6.17228    6.17228    6.17228    6.17228    6.17228          0          0          0          0          0          0 
         0    4.28536    4.13141    3.80731    3.56016    4.59399     5.5889     3.9328    2.87263     5.5889    3.70729    5.31507          0    6.04785    1.77793    3.83444    2.55768    5.03814     3.9328    3.57418    4.24736     4.6503    3.98528    4.43838    3.32309     19.195     2.1548    4.24736    3.95697    4.83796   0.547855    5.04346    4.52279    4.83417    4.56844    4.19902    5.16989    4.53052    15.7782    5.16989    4.65571     4.2729   0.547855    6.04616    1.50777    3.80042    2.55781    5.40586    4.53052    4.05588    4.66999    4.49631    4.23151    4.08803    4.05498     3.6738    6.04785    4.66999     4.3124    3.52533    5.27839    2.24404    4.57852    9.37259    3.49481    3.67178    2.24404    4.95419    3.93137      4.643    5.35241    4.65277     5.7784    4.57852    5.79128    9.37259    3.96545    5.96897    3.25375    4.81167    19.4025    4.50982    4.91067    5.93007      4.643    3.81935    4.44203    15.7363    5.94329    5.70285    5.44442    2.24404    4.02088    9.29984    3.42258    4.83054    2.24404    4.58797    2.60895    4.55073    4.06203      4.643    5.85792    4.02088    5.79253    9.29984    3.57831    3.99854    4.44464    3.73121     4.6844    5.03009    4.96223    5.93652    4.55073    4.49634    4.44203    16.3034    4.93572    4.68572    2.57687    2.57687    2.57687    2.57687    2.57687    2.57687          0          0          0          0          0          0 
   6.04785    1.98974    3.52052    2.50573    2.48831    1.97018    1.28729    2.56724    5.58812    1.28729     2.5723    1.12888    6.04785          0    4.37299    2.27128    3.58812    2.23326    2.56724    2.78475    2.27784    1.64811    2.23101    1.89566    2.79239    20.4505    4.75135    2.27784    2.59781    1.77561    6.50346    1.52685    2.17522     1.4329    1.86815    2.14129    1.41254    1.87409    21.4927    1.41254    2.15102    1.83737    6.50346 0.00879568    4.80546    2.36328    3.49526     1.1543    1.87409    2.78496    2.22492     1.8654     2.2664    2.65019    2.15259    2.66237          0    2.22492    2.07555    2.62777    1.04708    4.32074     2.3248     14.921    2.69771    3.04355    4.32074    1.48579    2.76069    2.13787    1.04456    2.12819   0.817615     2.3248   0.404881     14.921    2.23911  0.0970176    3.34653    1.72423    20.6364      5.536    1.36138   0.521494    2.13787    2.42205    2.14031    21.4491   0.554552   0.980687     1.1149    4.32074    2.52079    14.8371     3.7629     2.6067    4.32074    1.71131    3.72755    2.16326    2.23171    2.13787   0.448033    2.52079   0.397262    14.8371    2.50049    2.09091    1.80237    2.55143    1.98094    6.14336    1.26589     0.2086    2.16326     5.5213    2.14031    22.0695    1.28027    1.90109    6.49222    6.49222    6.49222    6.49222    6.49222    6.49222          0          0          0          0          0          0 
   1.77793    2.81828    3.31162    2.43499     1.9351    3.20458    3.81963    2.64471    2.21425    3.81963    2.33024    3.56217    1.77793    4.37299          0    2.29725    1.31356    3.78158    2.64471    1.79654    2.90607    3.15018    2.52185    2.97981     1.5889     19.868    1.01252    2.90607    2.69222     3.4236     2.1607    3.27435    3.19716    3.30213    3.13445    2.77765    3.69365    3.08932    17.5478    3.69365    3.34137    2.70584     2.1607     4.3703   0.474458    2.32073    1.05874    3.89009    3.08932    2.29589    3.38311    3.04203    2.88082    2.88044    2.57707    2.34265    4.37299    3.38311    2.89681    2.07192    3.72067   0.718933     3.3161    11.1097    2.08435    2.57234   0.718933    3.19145    2.16297     3.3223    3.60494    3.33003     4.0324     3.3161    4.08378    11.1097    2.49653    4.28812    1.50825    3.37617    20.0712    3.47766    3.37293    4.32383     3.3223    2.39655    3.08749    17.5056    4.21462    4.16924    3.92308   0.718933     2.7348    11.0346    2.68676    3.68314   0.718933    2.83053   0.846677    3.22527    2.63598     3.3223    4.14141     2.7348    4.08591    11.0346    2.02905    2.28629    2.69153    2.35203    3.31492    4.12122    3.40387    4.24264    3.22527    3.46102    3.08749    18.0775    3.19885    3.28847    3.47976    3.47976    3.47976    3.47976    3.47976    3.47976          0          0          0          0          0          0 
   3.83444   0.545635    1.96847   0.491402   0.442163   0.978449    2.27189   0.757216    4.06461    2.27189   0.469653     1.8803    3.83444    2.27128    2.29725          0    1.31938    1.64866   0.757216    1.42876   0.801204   0.853135   0.304257   0.704129    1.00264    19.3894    2.96836   0.801204   0.828074     1.1596    4.32142    1.83249     1.0536    1.01112   0.869934   0.569048    1.39733   0.821448    19.2353    1.39733    1.19079   0.441324    4.32142    2.27116    2.76706   0.181685    1.28916    1.59668   0.821448    1.96909     1.2633   0.766392   0.766446    1.03795   0.319583   0.586797    2.27128     1.2633   0.675799    0.36694    1.44674    2.49898    1.24312    12.6759   0.458167    1.13528    2.49898    1.68476    1.81587    1.16606    1.87336    1.17004    2.23888    1.24312     2.0947    12.6759   0.276341    2.20449    1.91991    1.09964    19.5845    4.65643    1.08494    2.09802    1.16606   0.351864   0.921367    19.1919    2.30786    1.88336    1.63144    2.49898   0.802993    12.5931    1.82462    1.70844    2.49898    1.37664    1.91586    1.07729   0.455399    1.16606    2.18471   0.802993    2.09339    12.5931   0.268219   0.761707    1.24933   0.464123    1.10011    5.34109    1.12924    2.19879    1.07729    4.63907   0.921367    19.8069    1.46342    1.04704    4.31087    4.31087    4.31087    4.31087    4.31087    4.31087          0          0          0          0          0          0 
   2.55768    1.73063    2.01114    1.25155    1.16989    2.04111    3.41547    1.40274    3.46658    3.41547    1.15039    3.06298    2.55768    3.58812    1.31356    1.31938          0    2.53869    1.40274    1.77991    1.70282    2.09894    1.43293    1.88173    1.26791    18.9686    2.25794    1.70282     1.4381    2.28252    3.06947    2.90324    1.98652    2.29018    2.01084    1.64136     2.6127    1.97285    17.9428     2.6127    2.12518    1.75946    3.06947    3.58775    1.76578    1.25651   0.417886    2.85291    1.97285    2.44103    2.15134    1.93915    1.68417    1.60391    1.50513    1.12432    3.58812    2.15134    1.75512   0.980397    2.73913    1.83936    2.07061    11.3996   0.939492    1.26279    1.83936    2.77588    2.26937    2.10988    3.07621    2.11899    3.47746    2.07061    3.38977    11.3996    1.41468    3.51893    1.91915    2.25433    19.1687    4.50298    2.36782    3.40857    2.10988    1.26247     1.8958    17.8995    3.58429    3.15234    2.89242    1.83936    1.49325    11.3183    1.43495    2.39767    1.83936    2.41085    1.46881    2.01484    1.50448    2.10988     3.4729    1.49325    3.38928    11.3183    1.09129    1.72301     2.2602    1.17426     2.1364    5.18042    2.42735    3.50688    2.01484    4.48551     1.8958    18.5079    2.64636    2.13203    3.15707    3.15707    3.15707    3.15707    3.15707    3.15707          0          0          0          0          0          0 
   5.03814     1.1286    1.40883    1.35327    2.09062   0.690428    3.03472    1.14076    5.70054    3.03472    1.45649    2.64747    5.03814    2.23326    3.78158    1.64866    2.53869          0    1.14076     3.0406   0.886575     1.0322    1.35157   0.999334    2.65103    18.3186    4.57067   0.886575    1.10083   0.634432    5.57054    2.84156   0.601985    1.11157   0.840459    1.08036   0.849566    0.88673    19.7532   0.849566   0.459466    1.46242    5.57054    2.23916    4.25432    1.54122    2.72299    1.07997    0.88673    3.48789   0.400751   0.949227   0.916113   0.950165    1.32959    1.43917    2.23326   0.400751   0.973965    1.73773    1.24318    4.10349   0.468398    13.1521    1.70513    1.37914    4.10349    2.69944    3.35818   0.483353    2.58839   0.478844    2.73791   0.468398    2.35351    13.1521    1.38021    2.23288     3.5619   0.723004    18.5078    6.27695    1.12604    1.75774   0.483353    1.41738   0.729718    19.7089    2.62269    1.28891    1.11846    4.10349    1.04996     13.064    1.89419   0.389845    4.10349    2.57008    3.54209   0.575958    1.20682   0.483353    2.46395    1.04996    2.34661     13.064    1.87633    2.24591     2.5127    1.43597   0.570017    6.95703    1.21903    2.31327   0.575958    6.25979   0.729718    20.3611    2.36808   0.652507    4.68835    4.68835    4.68835    4.68835    4.68835    4.68835          0          0          0          0          0          0 
    3.9328   0.598372    1.22208   0.281535    1.13515   0.690155    2.87515          0    4.62621    2.87515   0.360444    2.46825     3.9328    2.56724    2.64471   0.757216    1.40274    1.14076          0    2.15781   0.328661   0.919495   0.501398    0.67159    1.67788    18.6453    3.46695   0.328661  0.0712587   0.940591    4.45709    2.49891   0.590035    1.13535    0.72446   0.435059    1.31859   0.705796    18.9752    1.31859   0.724383    0.90911    4.45709    2.56963    3.11627   0.582598    1.58766    1.59281   0.705796    2.72308   0.748866   0.704415   0.323916   0.290546   0.552303   0.306521    2.56724   0.748866   0.492166   0.660896    1.56057    3.00491   0.672864    12.3885   0.597325   0.482788    3.00491    2.34721    2.56701    0.71063    2.44213   0.720244    2.74711   0.672864    2.50066    12.3885   0.518918    2.52345    2.60279   0.939249    18.8398    5.35314    1.20919    2.24927    0.71063   0.410179   0.520358    18.9313    2.74928    1.89498    1.63705    3.00491  0.0908529    12.3032    1.21629    1.06203    3.00491    2.08064    2.47124   0.617935   0.395873    0.71063    2.60486  0.0908529    2.49699    12.3032   0.880078    1.51443    1.96788   0.347607   0.761595    6.04034    1.30162    2.55304   0.617935    5.33564   0.520358    19.5642     2.0763   0.782559    3.93288    3.93288    3.93288    3.93288    3.93288    3.93288          0          0          0          0          0          0 
   3.57418    1.91247    3.30592    1.87663    1.02353    2.35095    2.03799    2.15781    2.85377    2.03799    1.81235    1.82322    3.57418    2.78475    1.79654    1.42876    1.77991     3.0406    2.15781          0    2.22818    2.08246    1.73139    2.04476   0.542338    20.6411    1.97067    2.22818    2.22865    2.47258    3.94228    1.49685    2.46472    2.13263    2.20995    1.98312    2.57368    2.16149     19.333    2.57368    2.59356    1.59647    3.94228    2.78015    2.14698    1.58365    1.40972    2.66473    2.16149   0.662634    2.67368    2.09926    2.19317    2.44744    1.73141    1.90882    2.78475    2.67368    2.07585    1.53476    2.43073    1.55847    2.66474     12.868    1.63346    2.42627    1.55847    1.43322   0.490176    2.56769    1.87895    2.56993    2.30083    2.66474    2.43741     12.868    1.70413     2.6911    0.58109    2.39367    20.8389    3.23702    2.17796    2.87748    2.56769    1.75109    2.33089    19.2907    2.51762    2.87818    2.68269    1.55847    2.21731    12.7911    2.97553    3.13468    1.55847    1.10123    1.00201    2.48594    1.88237    2.56769    2.47308    2.21731    2.44142    12.7911    1.28156   0.838365   0.987293    1.81906     2.4728    3.91893    2.15791    2.61986    2.48594     3.2198    2.33089    19.8677     1.5177    2.39977    4.88098    4.88098    4.88098    4.88098    4.88098    4.88098          0          0          0          0          0          0 
   4.24736   0.404953    1.35452   0.471118    1.23367    0.36152    2.69068   0.328661    4.81921    2.69068   0.575842    2.28221    4.24736    2.27784    2.90607   0.801204    1.70282   0.886575   0.328661    2.22818          0    0.63767   0.497175   0.406082    1.79514    18.7354    3.68421          0   0.334087   0.611931     4.7678     2.3601    0.29109   0.847944   0.412284   0.263728   0.992187   0.403827    19.2936   0.992187   0.435581   0.777785     4.7678    2.28078    3.38006   0.667817    1.84799    1.26912   0.403827    2.74256   0.486339   0.419406  0.0351904   0.386632   0.501587   0.578887    2.27784   0.486339   0.235051   0.851189    1.25268    3.21727   0.446392    12.7045   0.822697   0.771636    3.21727    2.20846    2.59681   0.416228    2.24698   0.424044    2.52008   0.446392    2.24139    12.7045   0.524878    2.23996    2.71804    0.61285    18.9285    5.45758   0.916912    1.93665   0.416228   0.531955   0.194923    19.2496    2.49779    1.57006    1.31374    3.21727   0.256045    12.6189    1.48522   0.907238    3.21727    1.98156    2.65967   0.319205   0.345985   0.416228    2.34846   0.256045    2.23705    12.6189    1.00263    1.49878    1.88629   0.554116   0.437688    6.14229    1.01546    2.27816   0.319205    5.44022   0.194923    19.8844    1.91294   0.453902    4.24187    4.24187    4.24187    4.24187    4.24187    4.24187          0          0          0          0          0          0 
    4.6503   0.372494     1.9609   0.892154    1.25502   0.410562    2.10691   0.919495    4.85764    2.10691   0.976317     1.7022     4.6503    1.64811    3.15018   0.853135    2.09894     1.0322   0.919495    2.08246    0.63767          0   0.666025   0.248831    1.77582    19.2568    3.79815    0.63767   0.950039   0.406037    5.14944    1.84084   0.621613    0.21604   0.255618   0.502192    0.54466   0.241208    19.8793    0.54466   0.675771   0.493827    5.14944    1.65062     3.6202   0.851454    2.13058   0.755722   0.241208    2.47474   0.769713   0.218843   0.622438    1.02121   0.595318    1.04704    1.64811   0.769713    0.42748    1.12517   0.657341    3.33009   0.828685    13.2973    1.15985    1.39588    3.33009    1.69368    2.35407   0.651812    1.65709   0.647137    1.89823   0.828685    1.60461    13.2973   0.684995    1.60627    2.63658   0.319806    19.4482    5.29856   0.291573    1.34702   0.651812   0.842377   0.536965    19.8356    1.86283    1.05345   0.794156    3.33009   0.873455    13.2125    2.11991     1.2645    3.33009    1.53971    2.73564   0.623292   0.614552   0.651812    1.71224   0.873455    1.60014    13.2125    1.12122    1.25486    1.48057   0.953139   0.495247    5.97234   0.382234    1.64129   0.623292    5.28165   0.536965    20.4641     1.3721   0.397601     4.8501     4.8501     4.8501     4.8501     4.8501     4.8501          0          0          0          0          0          0 
   3.98528   0.301989    1.72298   0.296527   0.741635   0.697235    2.40011   0.501398    4.35225    2.40011    0.34323    1.99666    3.98528    2.23101    2.52185   0.304257    1.43293    1.35157   0.501398    1.73139   0.497175   0.666025          0   0.460969    1.30363    19.1452    3.23964   0.497175   0.568209   0.902561    4.48702    2.00445    0.75281   0.860752   0.612647   0.272523    1.18994   0.567556    19.2628    1.18994   0.892357   0.437762    4.48702    2.23206    2.99537   0.201888    1.48205     1.4208   0.567556    2.25794   0.961936   0.522284   0.462328   0.761859  0.0784217   0.444525    2.23101   0.961936   0.387142   0.462865    1.31146    2.77048   0.939078    12.6901   0.494285   0.942805    2.77048    1.85323    2.10839   0.868223    1.97726   0.872849     2.3084   0.939078    2.10695    12.6901  0.0286448     2.1744    2.22345   0.854721    19.3395    4.96064   0.938984    1.99187   0.868223   0.191082    0.62208    19.2192    2.34069    1.71947    1.45986    2.77048   0.527774    12.6062    1.66696    1.40439    2.77048    1.57965    2.19699   0.777297   0.151209   0.868223    2.20525   0.527774    2.10439    12.6062   0.527995    1.02657    1.46655   0.323885   0.815871     5.6452    1.00658    2.18582   0.777297    4.94328    0.62208    19.8418    1.59418   0.774187    4.27636    4.27636    4.27636    4.27636    4.27636    4.27636          0          0          0          0          0          0 
   4.43838   0.161679    1.75427    0.65289     1.1364    0.30971    2.29269    0.67159    4.76137    2.29269   0.742661    1.88473    4.43838    1.89566    2.97981   0.704129    1.88173   0.999334    0.67159    2.04476   0.406082   0.248831   0.460969          0    1.68384    19.1029    3.67248   0.406082   0.704622   0.455574    4.94369    1.98467   0.473568   0.464828   0.168637   0.256196   0.731851   0.119342    19.6319   0.731851   0.572798   0.466388    4.94369    1.89804     3.4527    0.65983    1.94294   0.975606   0.119342    2.49323    0.66317  0.0625913   0.385752   0.792679   0.402803   0.805433    1.89566    0.66317   0.181211   0.922898   0.901895     3.2031   0.691918    13.0492   0.943676    1.15013     3.2031     1.8342    2.36051   0.546453    1.84664   0.545885    2.11405   0.691918    1.83979    13.0492   0.484758    1.85225    2.57741   0.397678    19.2952    5.27932   0.540188    1.59254   0.546453   0.619258   0.356224    19.5881     2.0941    1.27821    1.01684     3.2031   0.629115    12.9643     1.8775    1.15921     3.2031     1.6374    2.61839   0.485506   0.379901   0.546453    1.94601   0.629115    1.83568    12.9643   0.963945     1.2476    1.55811   0.718996   0.429397    5.95854    0.63028    1.88413   0.485506     5.2622   0.356224    20.2174    1.52729   0.356016    4.60128    4.60128    4.60128    4.60128    4.60128    4.60128          0          0          0          0          0          0 
   3.32309    1.53427    2.78618     1.3976   0.562058    1.97476    2.28629    1.67788     3.0826    2.28629     1.3214    1.99301    3.32309    2.79239     1.5889    1.00264    1.26791    2.65103    1.67788   0.542338    1.79514    1.77582    1.30363    1.68384          0    20.0995    2.04361    1.79514    1.74713    2.13432    3.74269    1.74559    2.05584    1.87382    1.85248    1.57166    2.30566    1.80319    19.0123    2.30566    2.19343    1.28403    3.74269    2.78933    2.01311    1.12916   0.935665    2.44724    1.80319    1.19887    2.26532    1.74368    1.76118    1.96814    1.32145    1.40774    2.79239    2.26532    1.67736    1.02944     2.2409    1.58293    2.24073    12.5133    1.12008    1.90495    1.58293     1.6425    1.02625    2.16868    2.02932    2.17259    2.45544    2.24073    2.49516    12.5133     1.2751    2.70554   0.926385    2.06444    20.2974    3.67573    1.93294    2.78511    2.16868    1.28445    1.92392    18.9696    2.62799    2.69756    2.47293    1.58293    1.74606    12.4346    2.43459    2.69835    1.58293    1.27156   0.978588    2.07976    1.45301    2.16868     2.5526    1.74606    2.49738    12.4346   0.801237   0.701486    1.12492    1.33149    2.09729    4.36272    1.93794    2.65619    2.07976    3.65825    1.92392    19.5588     1.6147    2.03709    4.40781    4.40781    4.40781    4.40781    4.40781    4.40781          0          0          0          0          0          0 
