Solving:  sfsarp-10-5-1.txt :
Scenario: 1A bundle 

NameOfInst: Instances/sf_data/sfsarp-10-5-1.txt
RunningScen: 1A
Instance Name: sfsarp-10-5-1
Instance type: sf_data
K: 2
Service: 0.0833333

Earlier times: 
0: 12.45
1: 15.0833
2: 16.7833
3: 11.9333
4: 13.55
5: 12.85
6: 12.2667
7: 14.7667
8: 9.1
9: 13.4667
10: 0
11: 0
12: 0
13: 0
14: 0
15: 0
16: 0
17: 0
18: 0
19: 0
20: 0
21: 0
22: 0
23: 0
Service times: 
0: 0.178239
1: 0.235052
2: 0.178529
3: 0.171167
4: 0.316505
5: 0.209079
6: 0.19997
7: 0.177521
8: 0.751146
9: 0.179569
10: 0.0833333
11: 0.0833333
12: 0.0833333
13: 0.0833333
14: 0.0833333
15: 0.0833333
16: 0.0833333
17: 0.0833333
18: 0.0833333
19: 0.0833333
20: 0
21: 0
22: 0
23: 0
Profits: 
0: 3.51044
1: 4.83816
2: 3.51721
3: 3.34517
4: 6.74171
5: 4.23117
6: 4.01829
7: 3.49367
8: 16.8993
9: 3.54152
10: 2.91192
11: 2.75848
12: 2.76867
13: 3.915
14: 2.80309
15: 0
16: 0
17: 0
18: 0
19: 0
20: 0
21: 0
22: 0
23: 0
Dist Matrix: 
         0    2.38633    3.38006    4.35363    4.54883    4.31103    2.49352    1.75657    26.7703    1.98434    4.71845    17.2225    2.77797    2.55861   0.965578    4.62124    17.2443    2.80827    3.09454   0.890542    3.54875    3.54875          0          0 
   2.04288          0   0.964466    2.97888    4.79062     2.9079    0.62595    3.97061    24.6605   0.606636    3.11181    18.3909    4.38643   0.399899    2.54033    3.11868     18.413    4.42092    1.04862    2.53604    3.46839    3.46839          0          0 
   3.38311     3.5075          0    2.50762    5.77361    2.43132    1.42726    5.16351    23.3227     1.8731    2.40991    19.4741    5.73116     1.3046    3.93291     2.5058    19.4964    5.76542    1.65097    3.92995    4.45755    4.45755          0          0 
   3.98651    2.46289    2.56114          0    7.86694   0.254342    2.52176    4.78902    22.5219    3.00318   0.634388    21.3408    7.00272    2.70447    4.98781   0.429578    21.3629    7.03622    3.98919    4.94454    6.55403    6.55403          0          0 
    2.0554    1.26121    1.82124    1.89988          0     1.8554    1.08593    3.18465    24.3435    1.29915    2.26734    19.4575    5.07699    1.33233    3.06267    2.16502    19.4795    5.11025    2.73425    3.01699    4.87269    4.87269          0          0 
   3.70004    3.32702   0.982844    1.81238    6.52728          0    1.68403    5.26308    22.7503    2.23402    1.64317    20.2125    6.30272    1.67602    4.40862    1.76082    20.2348    6.33723    2.41166    4.39398    5.20431    5.20431          0          0 
   3.34409    3.40811   0.438144    2.39145    5.83834    2.31507          0    5.09669    23.3039    1.83387    2.30174    19.5341    5.74423    1.26021     3.9237    2.39407    19.5564    5.77857    1.71629    3.91845    4.51912    4.51912          0          0 
   1.62891    2.10426    4.25907    4.54971    5.73285    4.52775    3.31773          0    27.0347    2.93784    4.99544    17.8191     3.5809    3.46029    2.21216    4.85236    17.8405    3.60395    4.29536    2.13732    4.83186    4.83186          0          0 
   3.39667    4.10836    1.16179    3.51743     4.8998    3.44075    1.83762    5.38025          0    2.02415    3.44375     18.603    5.22685    1.61104    3.65856    3.53404    18.6253    5.25992   0.922214    3.67555    3.61562    3.61562          0          0 
   2.03914    2.51212   0.866932    2.63847    5.12165    2.56881   0.269204    3.85644    24.4768          0    2.79565    18.6888    4.59108  0.0563531    2.67827    2.79118     18.711    4.62561    1.39035    2.66427    3.80383    3.80383          0          0 
   4.29967     3.0025    2.40772    0.49962    7.89994     0.4906    2.60391    5.29669     22.082    3.14012          0    21.4798    7.24553    2.74212    5.24165   0.207135     21.502    7.27961    3.88828    5.20577    6.57499    6.57499          0          0 
   17.4963    19.6037    19.2391    21.2629    13.7072    21.2011    18.8763    17.8814    42.0956    18.3521    21.4798          0    14.4467    18.7434    16.4236    21.4576  0.0222648    14.4158    17.8237    16.4784    15.0167    15.0167          0          0 
   3.05946    5.16358    5.34604    6.95129    2.65221    6.89782    4.70803    3.79017    29.0453    4.14256    7.24553    14.4467          0    4.64721    2.01498    7.18498    14.4685   0.034538    4.30469    2.06017    2.50999    2.50999          0          0 
   2.08435     2.5095   0.822697    2.58887    5.17237    2.51889   0.246521    3.88696    24.4215   0.575876    2.74212    18.7434    4.64721          0    2.73262    2.73912    18.7655    4.68175    1.41566    2.71819    3.85367    3.85367          0          0 
   1.08588    3.26303    3.49875     4.9378    3.58346    4.88515    2.75527    2.59088    27.1486    2.18812    5.24165    16.4236    2.01498    2.73262          0    5.17534    16.4455    2.04843    2.79099  0.0760142    2.61971    2.61971          0          0 
   4.21209    2.83629    2.46544   0.312925    7.90908   0.324628     2.5855    5.14412    22.2051    3.10679   0.207135    21.4576    7.18498    2.73912    5.17534          0    21.4798    7.21889    3.93525    5.13696    6.58692    6.58692          0          0 
   17.5182    19.6255    19.2613     21.285    13.7295    21.2232    18.8985    17.9026    42.1176    18.3742     21.502  0.0222648    14.4685    18.7655    16.4455    21.4798          0    14.4376     17.846    16.5003     15.039     15.039          0          0 
   3.09165    5.19359    5.38048      6.985    2.65551    6.93159    4.74249    3.81036    29.0798      4.177    7.27961    14.4158   0.034538    4.68175    2.04843    7.21889    14.4376          0    4.33774    2.09335    2.52983    2.52983          0          0 
   2.68676    3.83464    1.48522    3.84814    4.12291    3.77317    1.65908    4.74038    24.8581    1.56846    3.88828    17.8237    4.30469    1.41566    2.79099    3.93525     17.846    4.33774          0    2.81535    2.80703    2.80703          0          0 
   1.02432    3.19727     3.4914    4.89681    3.65884     4.8449     2.7342    2.51771    27.1288    2.16825    5.20577    16.4784    2.06017    2.71819  0.0760142    5.13696    16.5003    2.09335    2.81535          0    2.69468    2.69468          0          0 
   3.47976    5.54237    4.24187     6.4423    1.32727    6.37254    4.03319    5.20382    27.5251    3.59783    6.57499    15.0167    2.50999    3.85367    2.61971    6.58692     15.039    2.52983    2.80703    2.69468          0          0          0          0 
   3.47976    5.54237    4.24187     6.4423    1.32727    6.37254    4.03319    5.20382    27.5251    3.59783    6.57499    15.0167    2.50999    3.85367    2.61971    6.58692     15.039    2.52983    2.80703    2.69468          0          0          0          0 
         0          0          0          0          0          0          0          0          0          0          0          0          0          0          0          0          0          0          0          0          0          0          0          0 
         0          0          0          0          0          0          0          0          0          0          0          0          0          0          0          0          0          0          0          0          0          0          0          0 
Version identifier: 12.10.0.0 | 2019-11-26 | 843d4de
CPXPARAM_Threads                                 1
CPXPARAM_TimeLimit                               7200
Tried aggregator 1 time.
MIP Presolve eliminated 0 rows and 4 columns.
MIP Presolve modified 204 coefficients.
Reduced MIP has 151 rows, 2482 columns, and 11790 nonzeros.
Reduced MIP has 2482 binaries, 0 generals, 0 SOSs, and 0 indicators.
Presolve time = 0.01 sec. (12.25 ticks)
Found incumbent of value 2.232726 after 0.03 sec. (30.17 ticks)
Tried aggregator 1 time.
Detecting symmetries...
Reduced MIP has 151 rows, 2482 columns, and 11790 nonzeros.
Reduced MIP has 2482 binaries, 0 generals, 0 SOSs, and 0 indicators.
Presolve time = 0.01 sec. (7.91 ticks)
Probing fixed 62 vars, tightened 0 bounds.
Probing time = 0.15 sec. (184.86 ticks)
Clique table members: 5093.
MIP emphasis: balance optimality and feasibility.
MIP search method: dynamic search.
Parallel mode: none, using 1 thread.
Root relaxation solution time = 0.00 sec. (6.23 ticks)

        Nodes                                         Cuts/
   Node  Left     Objective  IInf  Best Integer    Best Bound    ItCnt     Gap

*     0+    0                            2.2327     6528.7624              --- 
*     0     0      integral     0       38.4900       38.4900      142    0.00%
Elapsed time = 0.20 sec. (233.24 ticks, tree = 0.00 MB, solutions = 2)

Root node processing (before b&c):
  Real time             =    0.20 sec. (233.38 ticks)
Sequential b&c:
  Real time             =    0.00 sec. (0.00 ticks)
                          ------------
Total (root+branch&cut) =    0.20 sec. (233.38 ticks)

Sol status: Optimal
 Tree_Size: 1
 Total Time: 0.21
 LB: 38.49
 UB: 38.49

Obj Val: 38.489995106685

Solve Time: 0.21

x(19, 36, 0)
x(30, 58, 0)
x(36, 30, 0)
x(48, 19, 0)
x(58, 62, 0)
x(60, 48, 0)
x(5, 24, 1)
x(6, 12, 1)
x(12, 63, 1)
x(24, 42, 1)
x(42, 6, 1)
x(61, 5, 1)


Customer profit: 54.1366224544268
Parcel profit: 9.63001449234846
Costs: 25.2766418400903

Number of Vehicles: 2

Solution by nodes: 
Vehicle 0: 20 - 8 - 10 - 3 - 15 - 6 - 5 - 13 - 9 - 18 - 22
Vehicle 1: 21 - 14 - 0 - 19 - 4 - 7 - 1 - 2 - 23


Solution structure: 
Vehicle 0: S - d - P - d - D - d - d - P - d - D - f
Vehicle 1: S - P - d - D - d - d - d - d - f


size of n: 10

size of m: 5

*************


Served parcels: 3

Unserved parcels: 2

*************

Total time: 4.43699951423116

Total passenger time: 2.06780032895774

Total parcel time: 0.618825457904887

Total combined transportation time: 0.528974273285597

Total idle time: 1.22139945408293

*************

Total distance: 93.0836467501442

Total passenger distance: 36.9464801539341

Total parcel distance: 4.87184377410036

Total combined transportation distance: 1.18794520470948

Total idle distance: 50.0773776174002

*************

Waiting time passenger: 6.07657158440182

Waiting time goods: 5.48642890136701

Total waiting time: 11.5630004857688
Solving:  sfsarp-10-5-2.txt :
Scenario: 1A bundle 

NameOfInst: Instances/sf_data/sfsarp-10-5-2.txt
RunningScen: 1A
Instance Name: sfsarp-10-5-2
Instance type: sf_data
K: 2
Service: 0.0833333

Earlier times: 
0: 10.3333
1: 10.1667
2: 9.11667
3: 15.8333
4: 15.2333
5: 13.1333
6: 13.2167
7: 10.4
8: 12.5167
9: 14.9667
10: 0
11: 0
12: 0
13: 0
14: 0
15: 0
16: 0
17: 0
18: 0
19: 0
20: 0
21: 0
22: 0
23: 0
Service times: 
0: 0.215792
1: 0.19133
2: 0.169953
3: 0.194551
4: 0.179435
5: 0.210212
6: 0.171559
7: 0.166667
8: 0.170754
9: 0.166938
10: 0.0833333
11: 0.0833333
12: 0.0833333
13: 0.0833333
14: 0.0833333
15: 0.0833333
16: 0.0833333
17: 0.0833333
18: 0.0833333
19: 0.0833333
20: 0
21: 0
22: 0
23: 0
Profits: 
0: 4.38807
1: 3.81638
2: 3.3168
3: 3.89165
4: 3.5384
5: 4.25766
6: 3.35433
7: 3.24
8: 3.33552
9: 3.24635
10: 4.22112
11: 3.26298
12: 4.49342
13: 4.34469
14: 3.67426
15: 0
16: 0
17: 0
18: 0
19: 0
20: 0
21: 0
22: 0
23: 0
Dist Matrix: 
         0    1.82389    1.85944    1.16602    2.12525     1.5869     15.913   0.995409    1.96393    1.56412    1.80249    1.29077    2.30414    3.65487    1.98868    1.32728    1.10095   0.396639    4.38795    1.91392    5.53953    5.53953          0          0 
  0.276144          0   0.666736    1.30491   0.699252    1.24185    15.3233    1.69669   0.249025    3.16564   0.421082    1.13714    4.48183    4.95961    1.31272    2.19571    1.76505    2.43002    6.21445   0.284092    4.49574    4.49574          0          0 
  0.646217    1.26848          0   0.836186    1.10435    1.39845    15.7976    1.64803   0.317731    3.08172   0.239396    1.14813    4.16073    5.00514   0.802737    1.67885     1.7502    2.06039    6.11155   0.322959    4.99397    4.99397          0          0 
   2.41032    2.64614    1.79154          0     2.7515    2.54173    17.1745    2.19394    2.16687    2.95112    2.00281    2.16092    2.92035    5.03345    1.40716   0.218377    2.32868    1.16366    5.53123    2.14158    6.57626    6.57626          0          0 
  0.283493   0.605186   0.782776    1.09062          0   0.763584    15.1849    1.17822   0.436629    2.64691   0.423972     0.6182     4.0269    4.45803    1.42949     2.0187    1.24654    2.03231    5.69562   0.391701    4.42423    4.42423          0          0 
   1.54621    1.51001    2.27632    2.80827    1.22953          0    13.8234    2.45713    1.83267    3.68437    1.97507    2.03659     5.4882    4.93624    2.91978    3.73489    2.42967     3.6751    6.55534    1.84343    2.97004    2.97004          0          0 
   15.3525    14.8325    16.1313    16.3651    14.8953    14.8653          0    15.1931    15.6868    15.0274    15.7747    15.2458    16.9431    13.6972     16.799    17.1992    15.0629    16.4949    15.1337    15.6751     11.053     11.053          0          0 
   1.44952   0.966616    1.70693    1.37702    1.35951   0.672524    14.9926          0    1.56717     1.4691    1.46424   0.561362    3.03181    3.36258    2.14721    2.03617   0.138146     1.3906    4.51803    1.51383    4.54495    4.54495          0          0 
  0.180063   0.857089   0.601406    1.11847   0.638437     1.0498      15.33    1.46053          0     2.9294   0.260233    0.90474    4.23892    4.75129    1.26985    2.03231    1.53474    2.19736    5.97825   0.144988     4.5294     4.5294          0          0 
   2.91295    2.34052    3.11604    2.59604    2.76439    2.03311    14.8396    1.46644    3.02833          0    2.91442    2.02657    2.11745    2.09974    3.43393    2.87594    1.40608    1.78586    3.05167    2.97461    5.05154    5.05154          0          0 
  0.438217    1.02916   0.363121   0.884345   0.879634    1.16686    15.5743    1.46424    0.17406    2.91818          0   0.939863     4.1049     4.8068    1.02512    1.78448    1.55741    2.02982    5.95972   0.139292    4.78337    4.78337          0          0 
  0.888236    0.53919    1.22945    1.12853   0.851252   0.382164    15.0452   0.561362    1.02246    2.02898   0.939863          0    3.50623    3.86757    1.76602    1.96873   0.630096      1.646    5.07751   0.970349    4.42122    4.42122          0          0 
   4.30727    3.99279    4.13027    3.37963    4.35685    3.70432    16.7464    3.03181    4.26778    2.12624     4.1049    3.50623          0    3.35114     4.1038    3.01183    3.06155    2.11256    2.93687    4.21797    7.16549    7.16549          0          0 
   4.68647    3.98626    5.06909    4.64902    4.39794    3.72093    13.5028    3.36258    4.88462    2.09084     4.8068    3.86757    3.35114          0    5.47324    4.97465    3.25513    3.87128    1.93337    4.83391    5.07585    5.07585          0          0 
   1.44892    2.02086   0.668464   0.840196    1.90382    2.08991    16.5987    2.14721    1.11823    3.44044    1.02512    1.76602     4.1038    5.47324          0    1.21777    2.27349    2.02154    6.37368    1.12561    5.79574    5.79574          0          0 
   2.19302    2.44398    1.57542   0.928256    2.53874    2.35063    16.9986    2.03617     1.9485    2.88513    1.78448    1.96873    3.01183    4.97465    1.21777          0     2.1727    1.12979    5.54912    1.92323    6.37655    6.37655          0          0 
    1.5092   0.966728    1.81529    1.51172    1.37698   0.660889    14.8625   0.138146    1.65054     1.4078    1.55741   0.630096    3.06155    3.25513    2.27349     2.1727          0    1.49755    4.45299    1.59789    4.44017    4.44017          0          0 
   2.29632    2.18452    2.02188    1.26712    2.45752    1.96351    16.2948     1.3906    2.19963    1.79579    2.02982      1.646    2.11256    3.87128    2.02154    1.12979    1.49755          0    4.43797    2.15333    5.93541    5.93541          0          0 
   5.96211    5.35532    6.13909    5.53943    5.78286    5.05448    14.9446    4.51803    6.07823    3.04893    5.95972    5.07751    2.93687    1.93337    6.37368    5.54912    4.45299    4.43797          0    6.02441    7.00517    7.00517          0          0 
  0.323318   0.983506    0.45719    1.02316   0.783279    1.15487    15.4748    1.51383   0.053944    2.97792   0.139292   0.970349    4.21797    4.83391    1.12561    1.92323    1.59789    2.15333    6.02441          0    4.67213    4.67213          0          0 
   4.34942    3.93329    5.12868    5.47623    3.91037    4.04592    10.8536    4.54495    4.67754    5.04326    4.78337    4.42122    7.16549    5.07585    5.79574    6.37655    4.44017    5.93541    7.00517    4.67213          0          0          0          0 
   4.34942    3.93329    5.12868    5.47623    3.91037    4.04592    10.8536    4.54495    4.67754    5.04326    4.78337    4.42122    7.16549    5.07585    5.79574    6.37655    4.44017    5.93541    7.00517    4.67213          0          0          0          0 
         0          0          0          0          0          0          0          0          0          0          0          0          0          0          0          0          0          0          0          0          0          0          0          0 
         0          0          0          0          0          0          0          0          0          0          0          0          0          0          0          0          0          0          0          0          0          0          0          0 
Version identifier: 12.10.0.0 | 2019-11-26 | 843d4de
CPXPARAM_Threads                                 1
CPXPARAM_TimeLimit                               7200
Tried aggregator 1 time.
MIP Presolve eliminated 0 rows and 4 columns.
MIP Presolve modified 218 coefficients.
Reduced MIP has 151 rows, 2660 columns, and 12672 nonzeros.
Reduced MIP has 2660 binaries, 0 generals, 0 SOSs, and 0 indicators.
Presolve time = 0.01 sec. (13.40 ticks)
Found incumbent of value 19.742587 after 0.02 sec. (29.82 ticks)
Tried aggregator 1 time.
Detecting symmetries...
Reduced MIP has 151 rows, 2660 columns, and 12672 nonzeros.
Reduced MIP has 2660 binaries, 0 generals, 0 SOSs, and 0 indicators.
Presolve time = 0.01 sec. (8.76 ticks)
Probing time = 0.01 sec. (7.29 ticks)
Clique table members: 5527.
MIP emphasis: balance optimality and feasibility.
MIP search method: dynamic search.
Parallel mode: none, using 1 thread.
Root relaxation solution time = 0.01 sec. (11.30 ticks)

        Nodes                                         Cuts/
   Node  Left     Objective  IInf  Best Integer    Best Bound    ItCnt     Gap

*     0+    0                           19.7426     9034.3338              --- 
*     0     0      integral     0       30.6506       30.6506      286    0.00%
Elapsed time = 0.05 sec. (61.27 ticks, tree = 0.00 MB, solutions = 2)

Root node processing (before b&c):
  Real time             =    0.05 sec. (61.42 ticks)
Sequential b&c:
  Real time             =    0.00 sec. (0.00 ticks)
                          ------------
Total (root+branch&cut) =    0.05 sec. (61.42 ticks)

Sol status: Optimal
 Tree_Size: 1
 Total Time: 0.05
 LB: 30.6506
 UB: 30.6506

Obj Val: 30.6506077426674

Solve Time: 0.05

x(0, 33, 0)
x(17, 0, 0)
x(19, 62, 0)
x(24, 19, 0)
x(33, 54, 0)
x(54, 24, 0)
x(60, 17, 0)
x(6, 42, 1)
x(36, 63, 1)
x(42, 50, 1)
x(50, 36, 1)
x(61, 6, 1)


Customer profit: 36.385157727327
Parcel profit: 15.6517779042391
Costs: 21.3863278888987

Number of Vehicles: 2

Solution by nodes: 
Vehicle 0: 20 - 14 - 2 - 19 - 0 - 12 - 5 - 17 - 9 - 4 - 10 - 3 - 15 - 22
Vehicle 1: 21 - 1 - 7 - 11 - 8 - 16 - 6 - 23


Solution structure: 
Vehicle 0: S - P - d - D - d - P - d - D - d - d - P - d - D - f
Vehicle 1: S - d - d - P - d - D - d - f


size of n: 10

size of m: 5

*************


Served parcels: 4

Unserved parcels: 1

*************

Total time: 3.6378094780788

Total passenger time: 1.09172118317508

Total parcel time: 0.960099969408694

Total combined transportation time: 0.745469990437548

Total idle time: 0.840518335057479

*************

Total distance: 53.483521934564

Total passenger distance: 3.76056851017812

Total parcel distance: 12.0307654124231

Total combined transportation distance: 3.23093627460613

Total idle distance: 34.4612517373566

*************

Waiting time passenger: 7.11537988664296

Waiting time goods: 5.24681063527824

Total waiting time: 12.3621905219212
Solving:  sfsarp-10-5-3.txt :
Scenario: 1A bundle 

NameOfInst: Instances/sf_data/sfsarp-10-5-3.txt
RunningScen: 1A
Instance Name: sfsarp-10-5-3
Instance type: sf_data
K: 2
Service: 0.0833333

Earlier times: 
0: 11.4833
1: 10.3333
2: 9.75
3: 10.9
4: 10.75
5: 15.3667
6: 16.0667
7: 12.2333
8: 12.55
9: 14.7667
10: 0
11: 0
12: 0
13: 0
14: 0
15: 0
16: 0
17: 0
18: 0
19: 0
20: 0
21: 0
22: 0
23: 0
Service times: 
0: 0.166667
1: 0.215792
2: 0.198897
3: 0.234014
4: 0.175159
5: 0.561369
6: 0.196855
7: 0.21698
8: 0.199609
9: 0.193548
10: 0.0833333
11: 0.0833333
12: 0.0833333
13: 0.0833333
14: 0.0833333
15: 0.0833333
16: 0.0833333
17: 0.0833333
18: 0.0833333
19: 0.0833333
20: 0
21: 0
22: 0
23: 0
Profits: 
0: 3.24
1: 4.38807
2: 3.99323
3: 4.8139
4: 3.43847
5: 12.4642
6: 3.9455
7: 4.41581
8: 4.00987
9: 3.86822
10: 3.1959
11: 2.76867
12: 2.74924
13: 3.51264
14: 3.915
15: 0
16: 0
17: 0
18: 0
19: 0
20: 0
21: 0
22: 0
23: 0
Dist Matrix: 
         0    1.07179    0.88682   0.685348   0.897426    19.1458     1.8972    1.73048   0.581111   0.511374   0.752441    4.78121    1.32651    2.33795   0.303719   0.532183    4.81567    1.32104    2.51966    1.71925    4.11224    4.11224          0          0 
   1.48353          0    1.25947    1.35867    1.75972    20.4143    3.30711    1.51018    1.76232     1.8293   0.846655    5.84474    2.15023   0.891657    1.78166    1.39587    5.87806    2.15279    1.42999    3.18038    5.53953    5.53953          0          0 
  0.508725   0.617154          0   0.248831    0.40228    19.4715    1.81231    2.13852   0.255628   0.369614    1.02077    5.21501   0.851284    2.26299   0.568248    1.01284    5.24954   0.847564    2.25539    1.73469    4.35392    4.35392          0          0 
   2.45685    3.39996    1.61366          0    3.15818    19.8959    4.29421   0.846267     2.9845    2.96038    1.76864    5.24355    3.60592     2.0735    2.72108    1.99656    5.27289    3.60487    2.95548    4.04082    5.70158    5.70158          0          0 
   1.23216   0.360126    2.02111   0.638301          0    19.8892    1.85815    2.80699   0.729897   0.893969    1.64915    5.81675   0.303974    2.42322    1.22311    1.73426    5.85124   0.310629    2.12184    1.92749     4.7094     4.7094          0          0 
   3.23796    3.37098     3.6579    3.67027    3.48808          0    1.99766    4.24629    3.20318    3.05709    3.88498    3.07309    3.51892    5.57432    2.96009    3.36436    3.10038    3.50787    5.68064    1.81289    1.00577    1.00577          0          0 
  0.864783   0.423114    1.75109   0.777656   0.501513    19.1264          0    2.59525   0.343743   0.353499    1.55591    5.07632   0.657576    2.83827   0.675101    1.38552     5.1107   0.647606    2.74005    1.21452    3.95436    3.95436          0          0 
  0.393746   0.696372    1.23483   0.356345   0.504724    19.3662    1.78091          0   0.252547   0.306848   0.971833    5.09438   0.942779    2.30911   0.449534   0.910757    5.12891   0.938102    2.34313    1.67923    4.26062    4.26062          0          0 
  0.859142    1.76742   0.430377    1.14851    1.53113    19.5676     2.7539    1.03039          0    1.34009   0.136125    5.01035    1.98329    1.73321     1.1527    0.57394     5.0439    1.98139    2.20203    2.55681    4.73253    4.73253          0          0 
   1.24851    0.79049    1.87382   0.564214   0.620947      20.22    2.30574    2.58294   0.935493          0     1.4266    6.00088    0.79393    1.94118    1.35434    1.66344    6.03542   0.800692    1.64831    2.33254    5.06611    5.06611          0          0 
  0.752441    1.63302   0.502902    1.01241    1.39567    19.5798    2.64958    1.16384    1.22268    1.21942          0    5.04777    1.84756     1.7383      1.052   0.549276    5.08152    1.84571    2.15057    2.46417    4.70035    4.70035          0          0 
   4.78121    5.49655    4.58655    5.44335    5.48252    14.6641     4.6402    4.62927    5.10397    4.93385    5.04777          0    5.73069    6.69891    4.64721    4.53631   0.034538    5.72029    7.19495    4.30469    2.50999    2.50999          0          0 
   1.32651    0.26303    2.17259   0.845715   0.453736    19.6952     1.5988    2.98643   0.759481   0.895041    1.84756    5.73069          0    2.72499    1.24619    1.85276    5.76504  0.0111325    2.41665    1.70636    4.50863    4.50863          0          0 
   2.33795    2.65546    2.13181    2.06114    2.41654     21.295    4.07298    2.19545    2.51769    2.61574     1.7383    6.69891    2.72499          0    2.62553    2.28753    6.73184    2.73047   0.930895    3.98801    6.42477    6.42477          0          0 
  0.303719   0.983157    1.12008   0.804616   0.874952    18.9302    1.60145     1.9625   0.496623   0.352078      1.052    4.64721    1.24619    2.62553          0   0.739131    4.68175    1.23866    2.75415    1.41566    3.85367    3.85367          0          0 
  0.532183    1.60134   0.384171     1.1313    1.41338    19.0373    2.29881     1.2234    1.11328    1.03365   0.549276    4.53631    1.85276    2.28753   0.739131          0    4.57034    1.84778    2.66157    2.06084    4.15933    4.15933          0          0 
   4.81567    5.53096    4.61997    5.47786    5.51703    14.6334    4.67285    4.66055     5.1385    4.96837    5.08152   0.034538    5.76504    6.73184    4.68175    4.57034          0    5.75463    7.22884    4.33774    2.52983    2.52983          0          0 
   1.32104   0.255623    2.16868   0.845202   0.451134    19.6841    1.58834    2.98346   0.752844   0.887324    1.84571    5.72029  0.0111325    2.73047    1.23866    1.84778    5.75463          0    2.42507    1.69532    4.49752    4.49752          0          0 
   2.51966    2.43864    2.63236    2.01091    2.24939    21.6627    3.95116    2.92824    2.48225    2.62377    2.15057    7.19495    2.41665   0.930895    2.75415    2.66157    7.22884    2.42507          0    3.95316    6.60263    6.60263          0          0 
   1.71925    1.56946    2.43459    1.96161    1.71299    17.9933   0.376573    3.22262    1.48693    1.37318    2.46417    4.30469    1.70636    3.98801    1.41566    2.06084    4.33774    1.69532    3.95316          0    2.80703    2.80703          0          0 
   4.11224    4.34942    4.40781    4.60196    4.45097    15.1869    3.00334    4.88513    4.14535    3.99105    4.70035    2.50999    4.50863    6.42477    3.85367    4.15933    2.52983    4.49752    6.60263    2.80703          0          0          0          0 
   4.11224    4.34942    4.40781    4.60196    4.45097    15.1869    3.00334    4.88513    4.14535    3.99105    4.70035    2.50999    4.50863    6.42477    3.85367    4.15933    2.52983    4.49752    6.60263    2.80703          0          0          0          0 
         0          0          0          0          0          0          0          0          0          0          0          0          0          0          0          0          0          0          0          0          0          0          0          0 
         0          0          0          0          0          0          0          0          0          0          0          0          0          0          0          0          0          0          0          0          0          0          0          0 
Version identifier: 12.10.0.0 | 2019-11-26 | 843d4de
CPXPARAM_Threads                                 1
CPXPARAM_TimeLimit                               7200
Tried aggregator 1 time.
MIP Presolve eliminated 0 rows and 4 columns.
MIP Presolve modified 210 coefficients.
Reduced MIP has 151 rows, 2686 columns, and 12792 nonzeros.
Reduced MIP has 2686 binaries, 0 generals, 0 SOSs, and 0 indicators.
Presolve time = 0.01 sec. (13.12 ticks)
Found incumbent of value 32.995545 after 0.03 sec. (31.77 ticks)
Tried aggregator 1 time.
Detecting symmetries...
Reduced MIP has 151 rows, 2686 columns, and 12792 nonzeros.
Reduced MIP has 2686 binaries, 0 generals, 0 SOSs, and 0 indicators.
Presolve time = 0.01 sec. (8.56 ticks)
Probing time = 0.01 sec. (7.14 ticks)
Clique table members: 5293.
MIP emphasis: balance optimality and feasibility.
MIP search method: dynamic search.
Parallel mode: none, using 1 thread.
Root relaxation solution time = 0.01 sec. (10.30 ticks)

        Nodes                                         Cuts/
   Node  Left     Objective  IInf  Best Integer    Best Bound    ItCnt     Gap

*     0+    0                           32.9955     9163.1901              --- 
      0     0       42.7446    22       32.9955       42.7446      266   29.55%
*     0+    0                           41.7252       42.7446             2.44%
*     0     0      integral     0       42.6832      Cuts: 10      282    0.00%
      0     0        cutoff             42.6832       42.6832      282    0.00%
Elapsed time = 0.08 sec. (91.99 ticks, tree = 0.01 MB, solutions = 3)

Clique cuts applied:  1
Zero-half cuts applied:  5
Gomory fractional cuts applied:  1

Root node processing (before b&c):
  Real time             =    0.08 sec. (92.16 ticks)
Sequential b&c:
  Real time             =    0.00 sec. (0.00 ticks)
                          ------------
Total (root+branch&cut) =    0.08 sec. (92.16 ticks)

Sol status: Optimal
 Tree_Size: 1
 Total Time: 0.08
 LB: 42.6832
 UB: 42.6832

Obj Val: 42.6832370340221

Solve Time: 0.08

x(1, 42, 0)
x(6, 22, 0)
x(12, 6, 0)
x(22, 1, 0)
x(36, 62, 0)
x(42, 59, 0)
x(59, 36, 0)
x(60, 12, 0)
x(27, 48, 1)
x(32, 63, 1)
x(48, 32, 1)
x(61, 27, 1)


Customer profit: 48.5772598492538
Parcel profit: 16.1414481513514
Costs: 22.0354709665831

Number of Vehicles: 2

Solution by nodes: 
Vehicle 0: 20 - 2 - 1 - 13 - 3 - 18 - 10 - 0 - 15 - 7 - 14 - 9 - 19 - 6 - 22
Vehicle 1: 21 - 12 - 4 - 17 - 8 - 11 - 5 - 16 - 23


Solution structure: 
Vehicle 0: S - d - d - P - d - D - P - d - D - d - P - d - D - d - f
Vehicle 1: S - P - d - D - d - P - d - D - f


size of n: 10

size of m: 5

*************


Served parcels: 5

Unserved parcels: 0

*************

Total time: 4.36059403374905

Total passenger time: 1.02813332377285

Total parcel time: 1.5044231170701

Total combined transportation time: 1.33075669972967

Total idle time: 0.497280893176434

*************

Total distance: 76.2843553837112

Total passenger distance: 7.98679960801999

Total parcel distance: 27.5146811332076

Total combined transportation distance: 20.3943580222498

Total idle distance: 20.3885166202338

*************

Waiting time passenger: 4.6781473220924

Waiting time goods: 6.96125864415854

Total waiting time: 11.6394059662509
Solving:  sfsarp-10-5-4.txt :
Scenario: 1A bundle 

NameOfInst: Instances/sf_data/sfsarp-10-5-4.txt
RunningScen: 1A
Instance Name: sfsarp-10-5-4
Instance type: sf_data
K: 3
Service: 0.0833333

Earlier times: 
0: 12.4
1: 12.6833
2: 10.1833
3: 12.85
4: 15.2333
5: 14.6167
6: 14.3
7: 14.85
8: 12.0833
9: 11.25
10: 0
11: 0
12: 0
13: 0
14: 0
15: 0
16: 0
17: 0
18: 0
19: 0
20: 0
21: 0
22: 0
23: 0
24: 0
25: 0
Service times: 
0: 0.183504
1: 0.16809
2: 0.192933
3: 0.209079
4: 0.179435
5: 0.217352
6: 0.599937
7: 0.207572
8: 0.202476
9: 0.203864
10: 0.0833333
11: 0.0833333
12: 0.0833333
13: 0.0833333
14: 0.0833333
15: 0.0833333
16: 0.0833333
17: 0.0833333
18: 0.0833333
19: 0.0833333
20: 0
21: 0
22: 0
23: 0
24: 0
25: 0
Profits: 
0: 3.63349
1: 3.27327
2: 3.85384
3: 4.23117
4: 3.5384
5: 4.42452
6: 13.3655
7: 4.19595
8: 4.07686
9: 4.10929
10: 5.03493
11: 3.24867
12: 3.04883
13: 4.51131
14: 3.26298
15: 0
16: 0
17: 0
18: 0
19: 0
20: 0
21: 0
22: 0
23: 0
24: 0
25: 0
Dist Matrix: 
         0    1.52702    3.98797    3.48874   0.998928    6.95474    18.6431    2.07885    2.42421    1.82984    1.56969   0.666696    3.67863    6.11503    1.85016    1.35672    0.14765    3.47557    5.40823    2.34413    3.47585    3.47585    3.47585          0          0          0 
   1.30195          0      2.512    2.23908   0.491645     7.0444    19.2872   0.956295    1.36225   0.459496    2.53085    1.75432    2.42349    7.09256   0.363368   0.748163    1.37852    2.32199    5.98737   0.907269    4.15972    4.15972    4.15972          0          0          0 
    3.1233    1.80012          0    1.09749    2.32173    7.93739    20.5376    1.89961    1.43918    1.67085    4.29711    3.58979    1.17709    8.72353    1.48487    2.12954    3.21463    1.38839     7.3643    1.25821    5.69756    5.69756    5.69756          0          0          0 
    2.1705    1.23361    3.05522          0    1.31551    8.29504    20.3963     2.1931    0.67268    1.65749    3.38875    2.48109    1.91847    7.99307    1.29918   0.645738     1.8945    1.64298    7.09624    1.87804    5.20431    5.20431    5.20431          0          0          0 
   1.43946   0.408568     2.7433    2.09954          0    7.43387    19.5941    1.39117    1.09488   0.876692    2.69133    1.83452    2.28922    7.29512     0.6182   0.318402    1.33943    2.12629      6.289    1.24654    4.42423    4.42423    4.42423          0          0          0 
   4.39819    5.04077    5.45917    6.83368    4.99082          0    14.7459    4.20179    6.28918    4.70053    3.81402    4.44028    6.97292    4.52338    5.09071    5.64469    4.93526    7.03963    2.41674    4.78413     2.5381     2.5381     2.5381          0          0          0 
    4.8754    4.52325    3.22352     5.2404    4.83689    5.05837          0    3.57639    5.27658    4.05177    5.20722     5.2274    5.29796    7.85045    4.34529    5.24412    5.37232    5.53416    5.83506    3.74156    5.16821    5.16821    5.16821          0          0          0 
    2.7665    1.42242    1.41423    1.05473    1.93494    7.85877    20.3858          0    1.07584    1.35991     3.9666    3.22546     1.1912    8.44904    1.11875    1.71566    2.82515    1.29229     7.1614    1.03306    5.44385    5.44385    5.44385          0          0          0 
   1.56029    1.23607    3.57169    2.55779   0.956926    7.87783    19.7536    2.17489          0    1.70283    2.68393    1.76526    2.74213    7.24826    1.48029   0.572795    1.15323    2.48266    6.48679     2.1077    4.56449    4.56449    4.56449          0          0          0 
   1.27276     1.0767    3.50276    2.66695   0.711316    7.58908    19.4789    1.96412    1.58052          0     2.4167    1.49817    2.85494    6.99864    1.35775   0.550172   0.891592    2.62264    6.20529    1.96912    4.28611    4.28611    4.28611          0          0          0 
   1.25225     2.5872    4.66134    4.76108    2.16887    5.56168    17.0744    2.53679    3.78498    2.62671          0   0.918943    4.94785    4.61048    2.85732    2.76497    1.53084    4.81398    3.85002    3.08662    1.91602    1.91602    1.91602          0          0          0 
  0.477443    1.80574     4.1116    3.93129    1.32647    6.31225    17.9903    2.03956     2.9149    1.96225   0.918943          0    4.12045    5.51201     2.1082    1.87027    0.61285    3.95831    4.74313    2.46764    2.81203    2.81203    2.81203          0          0          0 
   3.70206    2.36592    2.11583   0.190019    2.79526    9.04895    21.5633    2.84541    1.27686    2.45778    4.94785    4.12045          0    9.51326    2.13061    2.32816    3.61908   0.372084    8.31345    2.21269    6.54956    6.54956    6.54956          0          0          0 
   5.85714    7.15059    8.80919    9.33055    6.77162    4.39337    12.7376    6.83171       8.39    7.09093    4.61048    5.51201    9.51326          0    7.38654    7.37492    6.10765    9.40658    2.13411    7.46568    3.04983    3.04983    3.04983          0          0          0 
   1.64776   0.323216    2.16725    1.95173   0.851252    7.15871    19.4981    0.91664    1.19877   0.390677    2.85732     2.1082    2.13061    7.38654          0   0.924574    1.74135    2.06785    6.21304   0.630096    4.42122    4.42122    4.42122          0          0          0 
   1.53235   0.724803    2.99994     2.1388    0.67262    7.67344    19.7516    1.70446    1.06751    1.19465    2.76497    1.87027    2.32816    7.37492   0.924574          0    1.31239    2.11899     6.4507    1.55466    4.56154    4.56154    4.56154          0          0          0 
  0.555502    1.41925    3.86563    3.42906   0.893162    6.85649    18.6031    1.93646    2.37709    1.70193    1.53084    0.61285    3.61908    6.10765    1.74135    1.31239          0    3.42826    5.35054    2.21773    3.42173    3.42173    3.42173          0          0          0 
   3.56197    2.26362    2.40018   0.310592    2.64597    9.11773    21.5589    2.86124    1.05158    2.42536    4.81398    3.95831   0.372084    9.40658    2.06785    2.11899    3.42826          0    8.28057    2.25561    6.47914    6.47914    6.47914          0          0          0 
   4.94297    6.04489    7.24135    8.14486    5.78738     2.5015    13.3051    5.48478    7.34783    5.86041    3.85002    4.74313    8.31345    2.13411    6.21304     6.4507    5.35054    8.28057          0    6.13155    1.93412    1.93412    1.93412          0          0          0 
   1.99021   0.894208    1.65304    2.06069    1.37698    6.86221     19.354   0.647669    1.61504   0.516747    3.08662    2.46764    2.21269    7.46568   0.630096    1.55466    2.21773    2.25561    6.13155          0    4.44017    4.44017    4.44017          0          0          0 
   3.03664    4.21804    5.76043    6.37254    3.91037    3.85805    15.1965    3.79892     5.5047    4.09781    1.91602    2.81203    6.54956    3.04983    4.42122    4.56154    3.42173    6.47914    1.93412    4.44017          0          0          0          0          0          0 
   3.03664    4.21804    5.76043    6.37254    3.91037    3.85805    15.1965    3.79892     5.5047    4.09781    1.91602    2.81203    6.54956    3.04983    4.42122    4.56154    3.42173    6.47914    1.93412    4.44017          0          0          0          0          0          0 
   3.03664    4.21804    5.76043    6.37254    3.91037    3.85805    15.1965    3.79892     5.5047    4.09781    1.91602    2.81203    6.54956    3.04983    4.42122    4.56154    3.42173    6.47914    1.93412    4.44017          0          0          0          0          0          0 
         0          0          0          0          0          0          0          0          0          0          0          0          0          0          0          0          0          0          0          0          0          0          0          0          0          0 
         0          0          0          0          0          0          0          0          0          0          0          0          0          0          0          0          0          0          0          0          0          0          0          0          0          0 
         0          0          0          0          0          0          0          0          0          0          0          0          0          0          0          0          0          0          0          0          0          0          0          0          0          0 
Version identifier: 12.10.0.0 | 2019-11-26 | 843d4de
CPXPARAM_Threads                                 1
CPXPARAM_TimeLimit                               7200
Tried aggregator 1 time.
MIP Presolve eliminated 0 rows and 6 columns.
MIP Presolve modified 318 coefficients.
Reduced MIP has 214 rows, 3714 columns, and 17664 nonzeros.
Reduced MIP has 3714 binaries, 0 generals, 0 SOSs, and 0 indicators.
Presolve time = 0.02 sec. (16.72 ticks)
Found incumbent of value 25.192581 after 0.05 sec. (41.48 ticks)
Tried aggregator 1 time.
Detecting symmetries...
