Solving:  sarp-10-5-A-1.txt :
Scenario: 1A bundle 

NameOfInst: Instances/csarp/sarp-10-5-A-1.txt
RunningScen: 1A
Instance Name: sarp-10-5-A-1
Instance type: csarp

n: 10
m: 5
K: 3

Earlier times: 
0: 20.0333
1: 1.63333
2: 8.6
3: 16.6167
4: 18.6333
5: 15.65
6: 11.3
7: 3.61667
8: 13.6
9: 5.95
10: 0
11: 0
12: 0
13: 0
14: 0
15: 0
16: 0
17: 0
18: 0
19: 0
20: 0
21: 0
22: 0
23: 0
24: 0
25: 0
Service times: 
0: 0.329926
1: 0.260269
2: 0.199293
3: 0.250761
4: 0.278135
5: 0.235489
6: 0.29132
7: 0.204655
8: 0.316579
9: 0.283808
10: 0.0833333
11: 0.0833333
12: 0.0833333
13: 0.0833333
14: 0.0833333
15: 0.0833333
16: 0.0833333
17: 0.0833333
18: 0.0833333
19: 0.0833333
20: 0
21: 0
22: 0
23: 0
24: 0
25: 0
Profits: 
0: 7.05538
1: 5.4275
2: 4.00249
3: 5.20529
4: 5.84501
5: 4.84837
6: 6.15315
7: 4.12779
8: 6.74344
9: 5.9776
10: 7.36299
11: 7.40945
12: 15.3006
13: 16.6792
14: 7.71534
15: 0
16: 0
17: 0
18: 0
19: 0
20: 0
21: 0
22: 0
23: 0
24: 0
25: 0
Dist Matrix: 
         0    14.0623     11.895    23.5951    8.78999    16.2735    4.83693    21.6506    16.3868    22.3231    3.73176    8.62695    19.1488    19.6656    16.9704    7.27213     3.0232    11.9456    13.0564    11.4319    9.59142    21.3494    16.1825          0          0          0 
   15.5513          0    11.4108    10.9124     14.343    5.86714    17.0758    14.0344    8.91035    9.74207    13.2299    4.62193    8.49624    7.78007    14.8946     8.6117    9.74778    14.6718    9.81181    10.0337    14.9337    9.12794    14.3525          0          0          0 
   8.83135    13.7598          0    19.1709    18.1689    8.77153    12.8838    10.9174    18.5238    16.1257    14.1862    10.2649    18.5859    17.5412    6.15975    13.3091     9.7711    20.2469    2.13419   0.301475    6.11509    18.5117    5.40104          0          0          0 
    23.041    6.81107    17.6389          0    19.9608    8.50123     24.627    15.5337    9.40952    4.74342    20.1252     11.641    5.33814    2.70041    19.7113    14.8308    17.1592    19.1211    15.4542    16.3237    22.0236    2.26223    19.3925          0          0          0 
   13.2582    9.22522    15.2862    19.4266          0    15.2258    11.6547     22.548    9.95682    19.3462    4.70008    5.40544    13.5268    14.7308    20.2699    1.25341    5.25668    6.12721     15.314    14.2765    15.2153    16.5744    19.5215          0          0          0 
   18.3169    11.8499    10.3422    11.3678    22.5541          0    21.6863    5.76216    16.7505    7.40562    20.3308    12.5945    14.3775    12.2088    10.4758    16.7767    16.0178    23.2662    7.81115     9.4341    15.8135    12.2374    10.3711          0          0          0 
    8.5014    15.2711     14.411    25.1501     7.3623    18.4704          0    24.1226    16.8809    24.1968    2.44692    10.0698    20.1152    20.9231    19.4732    7.66896    4.89924    10.7758    15.5691     13.954    11.8018    22.6814    18.6857          0          0          0 
   20.1921     16.552    11.4845    14.8808    26.7286    7.43046    24.2034          0    21.4529    10.6328    24.0116    16.8744    18.9186     16.616    9.34255    21.0117     19.543     27.697    9.25647    11.0892    17.0149    16.3896    9.60158          0          0          0 
   18.7758    8.44825    19.6451    17.8178    6.50373    16.9456    17.1501    25.0336          0    18.9643    9.83155    8.19981    10.6633    12.6793    24.3146     5.6121     10.672     4.4741    19.1191    18.4595    20.4467    14.5166    23.6204          0          0          0 
   19.5927    6.41589    13.6412    6.69693    19.0103    4.46984    21.6953    12.0859    10.8019          0    18.1696    9.54677    8.03885      5.922    15.6586    13.3971    14.5999    18.8956    11.4052     12.351    18.2409    6.27547    15.3272          0          0          0 
   10.3832    13.4946    15.0788    23.5717    5.11893    17.7765    7.51307    24.0925    14.6569    22.9679          0     8.6385    18.1174    19.1212    20.2089    5.56986    4.51949    8.42915    15.8691    14.4149     13.295    20.9251    19.4234          0          0          0 
   12.8254    5.49091    11.5726    15.0814    9.96857    9.82362    13.2816    17.3431    8.91393    14.3372     8.6385          0    10.7213     11.044    16.1235    4.18386    5.62584    10.8823    10.9197    10.3305    13.3416    12.7238    15.4383          0          0          0 
   23.4158    5.29429    19.8787    7.57727    16.6997    12.2304    23.9211    20.1245    4.63896    10.0796    18.1174    10.7213          0    2.65034    22.9642     12.548    16.2439    15.1332    18.1121    18.5021    23.2922    4.14258    22.5063          0          0          0 
   23.2601    5.65207    18.7787    5.16274    18.3378    10.3359    24.3081    17.8921    6.97818    7.43394    19.1212     11.044    2.65034          0    21.3932    13.6299    16.6697     17.138    16.7942    17.4192    22.6933    1.87041    21.0005          0          0          0 
   12.9673     18.729    5.13202     21.681    24.3224     11.212    17.7112    8.13103    23.7507    17.8695    20.2089    16.1235    22.9642    21.3932          0    19.4214    15.8757    26.3855    5.23675    5.99438    9.15112     21.934    0.78809          0          0          0 
   13.2068    8.06829    14.5134    18.2546    5.78686    14.0071    12.0711     21.419    9.23116    18.1042    5.56986    4.18386     12.548    13.6299    19.4214          0    5.07938    6.99758     14.385    13.4433     14.858    15.4597    18.6855          0          0          0 
    8.1304    11.0934    10.7523    20.5737    8.54499    13.5826    7.68004    19.5869    13.7574     19.376    4.51949    5.62584    16.2439    16.6697    15.8757    5.07938          0    11.1171    11.3755    9.98374    9.97686    18.3386    15.0971          0          0          0 
   18.6192    12.6141    21.4134     22.262    3.49678    20.4475    15.8858    28.2179    10.5774     23.214    8.42915    10.8823    15.1332     17.138    26.3855    6.99758    11.1171          0    21.3807    20.3949    21.0486    18.9822    25.6409          0          0          0 
   10.9551    13.6183     2.5316    17.9003    19.5546    7.28857    14.9966    8.80654    18.5835    14.5864    15.8691    10.9197    18.1121    16.7942    5.23675     14.385    11.3755    21.3807          0    1.83273    8.05427    17.5806    4.60608          0          0          0 
   9.13135     13.717    1.37733    18.9798    18.3537    8.54346    13.1814    10.6191    18.5145    15.8981    14.4149    10.3305    18.5021    17.4192    5.99438    13.4433    9.98374    20.3949    1.83273          0    6.38276    18.3655    5.24601          0          0          0 
   3.92905    18.0996    5.58533    24.9374    18.1991    14.8056    8.83793     16.259    22.2424    22.1342     13.295    13.3416    23.2922    22.6933    9.15112     14.858    9.97686    21.0486    8.05427    6.38276          0    23.8939    8.45609          0          0          0 
   24.6789    7.43195    19.7004    3.43476    20.2081    10.7341    25.9365    17.7551     8.7029     6.4506    20.9251    12.7238    4.14258    1.87041     21.934    15.4597    18.3386    18.9822    17.5806    18.3655    23.8939          0    21.5992          0          0          0 
   12.2402    18.1792    4.34892     21.463    23.5534    10.9124    16.9592    8.47445    23.1752    17.7287    19.4234    15.4383    22.5063    21.0005    0.78809    18.6855    15.0971    25.6409    4.60608    5.24601    8.45609    21.5992          0          0          0          0 
         0          0          0          0          0          0          0          0          0          0          0          0          0          0          0          0          0          0          0          0          0          0          0          0          0          0 
         0          0          0          0          0          0          0          0          0          0          0          0          0          0          0          0          0          0          0          0          0          0          0          0          0          0 
         0          0          0          0          0          0          0          0          0          0          0          0          0          0          0          0          0          0          0          0          0          0          0          0          0          0 
Version identifier: 12.10.0.0 | 2019-11-26 | 843d4de
CPXPARAM_Threads                                 1
CPXPARAM_TimeLimit                               7200
Tried aggregator 1 time.
MIP Presolve eliminated 0 rows and 6 columns.
MIP Presolve modified 58 coefficients.
Reduced MIP has 214 rows, 4440 columns, and 21144 nonzeros.
Reduced MIP has 4440 binaries, 0 generals, 0 SOSs, and 0 indicators.
Presolve time = 0.02 sec. (19.02 ticks)
Tried aggregator 1 time.
Detecting symmetries...
Reduced MIP has 214 rows, 4440 columns, and 21144 nonzeros.
Reduced MIP has 4440 binaries, 0 generals, 0 SOSs, and 0 indicators.
Presolve time = 0.01 sec. (12.90 ticks)
Probing fixed 702 vars, tightened 0 bounds.
Probing time = 0.46 sec. (635.25 ticks)
Clique table members: 9178.
MIP emphasis: balance optimality and feasibility.
MIP search method: dynamic search.
Parallel mode: none, using 1 thread.
Root relaxation solution time = 0.01 sec. (21.02 ticks)

        Nodes                                         Cuts/
   Node  Left     Objective  IInf  Best Integer    Best Bound    ItCnt     Gap

      0     0       47.4378    39                     47.4378      311         
      0     0       43.7027    39                    Cuts: 22      428         
      0     0       41.4561    39                    Cuts: 14      484         
      0     0       40.5366    39                    Cuts: 14      534         
      0     0       40.2073    39                     Cuts: 9      578         
      0     0       39.8362    39                     Cuts: 6      624         
Detecting symmetries...
      0     0       39.0767    39                     Cuts: 8      658         
*     0+    0                           21.1361       39.0767            84.88%
*     0+    0                           35.1240       39.0767            11.25%
      0     0        cutoff             35.1240       39.0767      658   11.25%
Detecting symmetries...

Repeating presolve.
Tried aggregator 2 times.
MIP Presolve eliminated 63 rows and 3907 columns.
MIP Presolve modified 66 coefficients.
Aggregator did 13 substitutions.
Reduced MIP has 138 rows, 520 columns, and 2397 nonzeros.
Reduced MIP has 520 binaries, 0 generals, 0 SOSs, and 0 indicators.
Presolve time = 0.00 sec. (5.75 ticks)
Probing fixed 30 vars, tightened 0 bounds.
Probing time = 0.01 sec. (10.70 ticks)
Tried aggregator 2 times.
MIP Presolve eliminated 2 rows and 32 columns.
MIP Presolve modified 1 coefficients.
Aggregator did 1 substitutions.
Reduced MIP has 135 rows, 487 columns, and 2235 nonzeros.
Reduced MIP has 487 binaries, 0 generals, 0 SOSs, and 0 indicators.
Presolve time = 0.00 sec. (2.76 ticks)
Probing time = 0.00 sec. (3.22 ticks)
Tried aggregator 1 time.
Detecting symmetries...
Reduced MIP has 135 rows, 487 columns, and 2235 nonzeros.
Reduced MIP has 487 binaries, 0 generals, 0 SOSs, and 0 indicators.
Presolve time = 0.00 sec. (1.55 ticks)
Represolve time = 0.03 sec. (31.55 ticks)
Probing time = 0.00 sec. (3.24 ticks)
Clique table members: 1289.
MIP emphasis: balance optimality and feasibility.
MIP search method: dynamic search.
Parallel mode: none, using 1 thread.
Root relaxation solution time = 0.00 sec. (5.06 ticks)

        Nodes                                         Cuts/
   Node  Left     Objective  IInf  Best Integer    Best Bound    ItCnt     Gap

*     0+    0                           35.1240       39.0767            11.25%
      0     0       39.0767    61       35.1240       39.0767      935   11.25%
      0     0       38.6973    61       35.1240      Cuts: 37      980   10.17%
*     0     0      integral     0       38.3589      Cuts: 36     1053    0.00%
      0     0        cutoff             38.3589       38.3589     1053    0.00%
Elapsed time = 1.09 sec. (1522.33 ticks, tree = 0.01 MB, solutions = 3)

GUB cover cuts applied:  9
Mixed integer rounding cuts applied:  2
Zero-half cuts applied:  19
Lift and project cuts applied:  21

Root node processing (before b&c):
  Real time             =    1.09 sec. (1522.54 ticks)
Sequential b&c:
  Real time             =    0.00 sec. (0.00 ticks)
                          ------------
Total (root+branch&cut) =    1.09 sec. (1522.54 ticks)

Sol status: Optimal
 Tree_Size: 1
 Total Time: 1.07
 LB: 38.3589
 UB: 38.3589

Obj Val: 38.3588596569896

Solve Time: 1.07

x(0, 63, 0)
x(18, 26, 0)
x(26, 0, 0)
x(30, 18, 0)
x(60, 30, 0)
x(10, 42, 1)
x(42, 54, 1)
x(54, 64, 1)
x(61, 10, 1)
x(17, 37, 2)
x(37, 51, 2)
x(51, 65, 2)
x(62, 17, 2)


Customer profit: 55.386012312561
Parcel profit: 54.4675314190115
Costs: 71.4946840745829

Number of Vehicles: 3

Solution by nodes: 
Vehicle 0: 20 - 5 - 3 - 11 - 4 - 16 - 0 - 23
Vehicle 1: 21 - 13 - 1 - 18 - 7 - 9 - 24
Vehicle 2: 22 - 14 - 2 - 19 - 10 - 6 - 15 - 12 - 8 - 17 - 25


Solution structure: 
Vehicle 0: S - d - d - P - d - D - d - f
Vehicle 1: S - P - d - D - d - d - f
Vehicle 2: S - P - d - D - P - d - D - P - d - D - f


size of n: 10

size of m: 5

*************


Served parcels: 5

Unserved parcels: 0

*************

Total time: 7.27437960096466

Total passenger time: 1.30463965417076

Total parcel time: 2.30693619567073

Total combined transportation time: 1.34559621714122

Total idle time: 2.31720753398195

*************

Total distance: 195.749563639551

Total passenger distance: 19.3235591543347

Total parcel distance: 60.4177173558333

Total combined transportation distance: 21.0027782361233

Total idle distance: 95.0055088932601

*************

Waiting time passenger: 7.14652592949769

Waiting time goods: 9.57909446953765

Total waiting time: 16.7256203990353
Solving:  sarp-10-5-A-2.txt :
Scenario: 1A bundle 

NameOfInst: Instances/csarp/sarp-10-5-A-2.txt
RunningScen: 1A
Instance Name: sarp-10-5-A-2
Instance type: csarp

n: 10
m: 5
K: 4

Earlier times: 
0: 5.4
1: 18.9167
2: 20.1167
3: 17.1
4: 6.46667
5: 9.31667
6: 2.51667
7: 19.0667
8: 1.86667
9: 12.6167
10: 0
11: 0
12: 0
13: 0
14: 0
15: 0
16: 0
17: 0
18: 0
19: 0
20: 0
21: 0
22: 0
23: 0
24: 0
25: 0
26: 0
27: 0
Service times: 
0: 0.221782
1: 0.249664
2: 0.245074
3: 0.192889
4: 0.267625
5: 0.182694
6: 0.236074
7: 0.313528
8: 0.509782
9: 0.214208
10: 0.0833333
11: 0.0833333
12: 0.0833333
13: 0.0833333
14: 0.0833333
15: 0.0833333
16: 0.0833333
17: 0.0833333
18: 0.0833333
19: 0.0833333
20: 0
21: 0
22: 0
23: 0
24: 0
25: 0
26: 0
27: 0
Profits: 
0: 4.52806
1: 5.17964
2: 5.07237
3: 3.85282
4: 5.59939
5: 3.61457
6: 4.86205
7: 6.67215
8: 11.2586
9: 4.35103
10: 5.68528
11: 7.36551
12: 14.439
13: 12.5963
14: 19.1374
15: 0
16: 0
17: 0
18: 0
19: 0
20: 0
21: 0
22: 0
23: 0
24: 0
25: 0
26: 0
27: 0
Dist Matrix: 
         0    12.8635    5.18779    3.82718     18.322    1.81708    4.14462    5.75524    15.8058    18.2467    15.4903    11.1927    15.8552    16.7377     17.124    12.1733    14.1557    9.98952    7.46844    16.1855    1.09879    9.94118    5.21512     12.003          0          0          0          0 
   10.4741          0    13.2054    14.8267    6.84921    9.88779    14.6565    17.1527    12.7382    8.30777    13.0351    16.9756    18.3703    5.27199    7.00157    11.9669    15.8045    4.27519    7.60573    13.5706    11.1393    6.64042    6.30426    13.8879          0          0          0          0 
   1.28903    10.6639          0    7.18129    16.7183    3.86711    7.63802    7.62001    12.2945    17.9167    17.3048    14.5188    18.7971    15.3883    16.6822    14.3056    16.8568     10.089    8.84057    12.6517    4.31935    10.8444    4.88313    8.57683          0          0          0          0 
   6.58706    17.4263    7.82691          0    22.6636    5.94542    1.79703    3.37983    19.9459    21.8541    16.9887    9.71428    15.2243    20.9859     20.839     13.446     14.203    13.6376    10.3351    20.2296    4.68829    12.9473    9.52525    15.4199          0          0          0          0 
   13.2158    2.36229    15.4147    18.0597          0    13.0682    17.9629    20.0393    11.6888     8.4461    15.7452    20.4677     21.605    3.44457    7.24473    15.1446     19.021    7.60286    11.1064     12.569    14.3249    9.92382    9.51112    14.3659          0          0          0          0 
   2.61479    10.8966    6.32791    5.63987     16.136          0    5.65909    8.02066    14.9984    15.9994    13.9192    11.2039    15.2429    14.5153     14.867     10.798    13.2764    7.76101    5.57985    15.4833    1.89376    7.90064    2.98659    12.0143          0          0          0          0 
   8.56545    19.2477    9.71307    2.72214    24.3023      7.705          0    4.41423    21.9323    23.1034    17.3732    9.05712    14.7301    22.5732     22.148    13.8334    14.0385    14.9982    11.4804    22.2089    6.46068    14.0589    11.2377    17.3312          0          0          0          0 
   4.43685    14.1399    7.26986     2.5564     19.135    2.62357      2.394          0     17.897    18.2763    14.2024    9.01408    13.8543    17.4246    17.2461    10.7462     12.313    10.0404    6.86041    18.3085    1.50494    9.46709    6.07216    14.2198          0          0          0          0 
   8.64351     5.7734    11.8371    12.3453    9.39781    7.53968    12.0969    15.0091          0    9.27184    11.2876    14.2453    15.9477    7.63601    8.05285    9.68044    13.4211    2.20174    4.87688    14.8353    8.75731     4.3749     4.0818    14.0461          0          0          0          0 
   18.4544    9.85402    21.4585    21.8058    5.10147    17.2603    21.3989    24.7855    19.2971          0    12.7236    20.9018    19.9424     4.3015    2.17424    13.9331    17.4943     9.2352    12.8392    20.1793    18.4252    10.4325    13.9064    21.8111          0          0          0          0 
   16.5248    16.4303    20.2463    16.0164    16.3867    13.9356    15.1918    20.0904    25.3553    10.8057          0    10.2696    7.41751    14.5229    10.8314    3.54853      5.282    9.09922    8.47616    26.1196    14.4238    7.05837    12.8462    24.7438          0          0          0          0 
   13.2761    19.9202    16.2692    9.17722    22.8741    10.7356    8.24895    13.0743    26.0885    19.2654    10.2696          0    5.70048    20.9123     18.737    7.32331     5.5729     12.983    9.37184    26.6234     10.236    10.8954    12.5349    23.0957          0          0          0          0 
   17.6672    21.6773     21.043    14.5619    23.0714     14.936    13.6211    18.6041    29.3105    18.0727    7.41751    5.70048          0    21.1223    17.9274    6.47079    2.58815    14.0952     11.449    29.9547     14.791    11.7307    15.6397    27.2213          0          0          0          0 
   15.7369    5.76517    18.3216    19.9719    1.97264    15.0959    19.7326    22.4215    15.0054    5.43731    14.5229    20.9123    21.1223          0    4.44096    14.7103     18.551    8.04737     11.875    15.8878    16.3367    10.0181    11.5304    17.7935          0          0          0          0 
   16.6906    9.16856     19.845    19.7718    5.92711    15.3319    19.3352    22.8657     18.881    1.30796    10.8314     18.737    17.9274    4.44096          0    11.8208     15.445    7.20818    10.7194     19.756    16.4674    8.27694     12.083    20.8225          0          0          0          0 
   13.4105    15.3189    17.0977     12.482     16.672    10.7284     11.649    16.5748    23.4812    12.1761    3.54853    7.32331    6.47079    14.7103    11.8208          0     3.8827    7.70342    5.74271    24.1866    11.0868    5.34564    10.2223    22.1818          0          0          0          0 
   15.7955    19.1276    19.3132    13.4112    20.5044    13.0428    12.4855    17.5494    26.9499    15.6544      5.282     5.5729    2.58815     18.551     15.445     3.8827          0    11.5301    9.04996    27.6166    13.0644    9.16444    13.3683    25.1359          0          0          0          0 
   9.84037    7.61626    13.3027    12.5732    9.97264    8.17924    12.1673    15.6992    16.2605    8.27544    9.09922     12.983    14.0952    8.04737    7.20818    7.70342    11.5301          0    3.83418    17.0327    9.27975    2.36568    5.22547     16.141          0          0          0          0 
   8.13284    10.6033    11.8537    9.26042    13.7872    5.73013    8.71593    12.8292    17.9002    11.6311    8.47616    9.37184     11.449     11.875    10.7194    5.74271    9.04996    3.83418          0    18.5718    6.51932    2.61318    4.48257    16.4497          0          0          0          0 
   13.9283    10.6266    12.7947    19.7858    15.7366    16.0239    20.2872    19.0903   0.882384    20.9935    26.1196    26.6234    29.9547    15.8878     19.756    24.1866    27.6166    17.0327    18.5718          0    16.8324    19.1169    14.3342    5.83533          0          0          0          0 
   3.05024     12.787     6.2608    3.74616    17.9884    1.25717     3.8075     6.4293    16.4092    17.5552    14.4238     10.236     14.791    16.3367    16.4674    11.0868    13.0644    9.27975    6.51932    16.8324          0    9.04738     4.8397    12.8789          0          0          0          0 
   10.3224    9.97482    13.9859    11.8728    11.9827    8.15231    11.3163    15.4119    18.3726     9.1087    7.05837    10.8954    11.7307    10.0181    8.27694    5.34564    9.16444    2.36568    2.61318    19.1169    9.04738          0    6.06056    17.7518          0          0          0          0 
   4.63969    8.12784    8.08944    8.55478    13.1529    3.58525    8.45921    10.9446    13.7208     13.265    12.8462    12.5349    15.6397    11.5304     12.083    10.2223    13.3683    5.22547    4.48257    14.3342     4.8397    6.06056          0    11.9686          0          0          0          0 
   9.82887    12.0287    7.62454    15.1766    18.2704    12.4016    15.8321    13.7621    6.04462    22.1285    24.7438    23.0957    27.2213    17.7935    20.8225    22.1818    25.1359     16.141    16.4497    5.83533    12.8789    17.7518    11.9686          0          0          0          0          0 
         0          0          0          0          0          0          0          0          0          0          0          0          0          0          0          0          0          0          0          0          0          0          0          0          0          0          0          0 
         0          0          0          0          0          0          0          0          0          0          0          0          0          0          0          0          0          0          0          0          0          0          0          0          0          0          0          0 
         0          0          0          0          0          0          0          0          0          0          0          0          0          0          0          0          0          0          0          0          0          0          0          0          0          0          0          0 
         0          0          0          0          0          0          0          0          0          0          0          0          0          0          0          0          0          0          0          0          0          0          0          0          0          0          0          0 
Version identifier: 12.10.0.0 | 2019-11-26 | 843d4de
CPXPARAM_Threads                                 1
CPXPARAM_TimeLimit                               7200
Tried aggregator 1 time.
MIP Presolve eliminated 0 rows and 8 columns.
MIP Presolve modified 100 coefficients.
Reduced MIP has 277 rows, 5524 columns, and 26280 nonzeros.
Reduced MIP has 5524 binaries, 0 generals, 0 SOSs, and 0 indicators.
Presolve time = 0.02 sec. (22.30 ticks)
Tried aggregator 1 time.
Detecting symmetries...
Reduced MIP has 277 rows, 5524 columns, and 26280 nonzeros.
Reduced MIP has 5524 binaries, 0 generals, 0 SOSs, and 0 indicators.
Presolve time = 0.01 sec. (15.49 ticks)
Probing fixed 1604 vars, tightened 0 bounds.
Probing time = 0.60 sec. (782.05 ticks)
Clique table members: 10585.
MIP emphasis: balance optimality and feasibility.
MIP search method: dynamic search.
Parallel mode: none, using 1 thread.
Root relaxation solution time = 0.01 sec. (17.32 ticks)

        Nodes                                         Cuts/
   Node  Left     Objective  IInf  Best Integer    Best Bound    ItCnt     Gap

      0     0       46.2643    41                     46.2643      251         
*     0+    0                           44.1228       46.2643             4.85%
      0     0       44.6211    41       44.1228      Cuts: 16      317    1.13%
      0     0        cutoff             44.1228                    332     --- 
Elapsed time = 0.79 sec. (1025.60 ticks, tree = 0.01 MB, solutions = 1)

GUB cover cuts applied:  4
Clique cuts applied:  1
Cover cuts applied:  3
Flow cuts applied:  3
Zero-half cuts applied:  4
Gomory fractional cuts applied:  2

Root node processing (before b&c):
  Real time             =    0.79 sec. (1025.85 ticks)
Sequential b&c:
  Real time             =    0.00 sec. (0.00 ticks)
                          ------------
Total (root+branch&cut) =    0.79 sec. (1025.85 ticks)

Sol status: Optimal
 Tree_Size: 1
 Total Time: 0.79
 LB: 44.1228
 UB: 44.1228

Obj Val: 44.1227551024156

Solve Time: 0.79

x(12, 64, 0)
x(18, 42, 0)
x(42, 12, 0)
x(60, 18, 0)
x(10, 65, 1)
x(54, 10, 1)
x(61, 54, 1)
x(0, 30, 2)
x(30, 66, 2)
x(36, 0, 2)
x(62, 36, 2)
x(29, 67, 3)
x(48, 29, 3)
x(63, 48, 3)


Customer profit: 54.9906926900207
Parcel profit: 31.733709339904
Costs: 42.6016469275091

Number of Vehicles: 4

Solution by nodes: 
Vehicle 0: 20 - 3 - 7 - 2 - 24
Vehicle 1: 21 - 9 - 13 - 1 - 18 - 25
Vehicle 2: 22 - 6 - 0 - 5 - 26
Vehicle 3: 23 - 8 - 14 - 4 - 19 - 27


Solution structure: 
Vehicle 0: S - d - d - d - f
Vehicle 1: S - d - P - d - D - f
Vehicle 2: S - d - d - d - f
Vehicle 3: S - d - P - d - D - f


size of n: 10

size of m: 5

*************


Served parcels: 2

Unserved parcels: 3

*************

Total time: 5.22548951518015

Total passenger time: 2.11603184375824

Total parcel time: 1.11057705583224

Total combined transportation time: 0.517288339811318

Total idle time: 1.48159227577835

*************

Total distance: 132.245070122386

Total passenger distance: 32.0906389274213

Total parcel distance: 31.8669926224551

Total combined transportation distance: 7.54215526559737

Total idle distance: 60.7452833069125

*************

Waiting time passenger: 17.3516706007088

Waiting time goods: 9.42283988411109

Total waiting time: 26.7745104848198
Solving:  sarp-10-5-B-1.txt :
Scenario: 1A bundle 

NameOfInst: Instances/csarp/sarp-10-5-B-1.txt
RunningScen: 1A
Instance Name: sarp-10-5-B-1
Instance type: csarp

n: 10
m: 5
K: 4

Earlier times: 
0: 2.98333
1: 9.8
2: 12.95
3: 15.7333
4: 8.33333
5: 2
6: 4.85
7: 2.38333
8: 3.41667
9: 18.1667
10: 0
11: 0
12: 0
13: 0
14: 0
15: 0
16: 0
17: 0
18: 0
19: 0
20: 0
21: 0
22: 0
23: 0
24: 0
25: 0
26: 0
27: 0
Service times: 
0: 0.251427
1: 0.272738
2: 0.315815
3: 0.235489
4: 0.349912
5: 0.336727
6: 0.204655
7: 0.279812
8: 0.28236
9: 0.279397
10: 0.0833333
11: 0.0833333
12: 0.0833333
13: 0.0833333
14: 0.0833333
15: 0.0833333
16: 0.0833333
17: 0.0833333
18: 0.0833333
19: 0.0833333
20: 0
21: 0
22: 0
23: 0
24: 0
25: 0
26: 0
27: 0
Profits: 
0: 5.22086
1: 5.71888
2: 6.7256
3: 4.84837
4: 7.52245
5: 7.2143
6: 4.12779
7: 5.88421
8: 5.94375
9: 5.8745
10: 15.2621
11: 7.71534
12: 14.0339
13: 20.46
14: 15.8141
15: 0
16: 0
17: 0
18: 0
19: 0
20: 0
21: 0
22: 0
23: 0
24: 0
25: 0
26: 0
27: 0
Dist Matrix: 
         0    12.2314     12.223    19.8469    2.47087    7.44961    23.0573    22.8623    26.7524    14.5098    22.2581    16.4026    26.6644    6.64749    23.2186     19.162    12.5243    13.8875    26.9287    14.8109    14.3559    18.1995    9.11301    3.52673          0          0          0          0 
   12.2402          0    5.40104    10.9124    16.9592    18.6857    8.47445    23.1752    17.7287    15.4383    15.3272    0.78809    24.3345    16.1825    20.2452    3.50931    5.24601    18.6855    21.5992    23.5534    4.60608    25.6409    15.0971    16.3529          0          0          0          0 
   3.92905    5.58533          0    14.8056    8.83793    11.8018     16.259    22.2424    22.1342    13.3416    18.2409    9.15112    24.9859    9.59142    21.0389    11.9571    6.38276     14.858    23.8939    18.1991    8.05427    21.0486    9.97686    8.07863          0          0          0          0 
   18.3169    10.3422    9.70956          0    21.6863    20.8587    5.76216    16.7505    7.40562    12.5945    6.34179    10.4758    16.1199     18.564    12.4555    9.22315     9.4341    16.7767    12.2374    22.5541    7.81115    23.2662    16.0178    23.5727          0          0          0          0 
   10.3832    15.0788    14.1862    17.7765          0    2.44692    24.0925    14.6569    22.9679     8.6385    18.1696    20.2089    19.1572    3.73176    16.5945    22.2675    14.4149    5.56986    20.9251    5.11893    15.8691    8.42915    4.51949    13.2531          0          0          0          0 
   13.2582    15.2862    14.1241    15.2258    11.6547          0     22.548    9.95682    19.3462    5.40544     14.647    20.2699    14.4917    6.97555    12.1577    21.8295    14.2765    1.25341    16.5744    4.57019     15.314    6.12721    5.25668    17.1457          0          0          0          0 
   20.1921    11.4845    11.3907    7.43046    24.2034    24.1996          0    21.4529    10.6328    16.8744     10.902    9.34255    20.6137    21.7676    17.0858     6.9989    11.0892    21.0117    16.3896    26.7286    9.25647     27.697     19.543     25.081          0          0          0          0 
   23.4158    19.8787    18.5859    12.2304    23.9211    20.1152    20.1245          0    10.0796    10.7213    8.03885    22.9642    1.82914    19.1488    2.30083    22.8184    18.5021     12.548    4.14258    16.6997    18.1121    15.1332    16.2439    28.4942          0          0          0          0 
    23.041    17.6389    16.4847    8.50123     24.627    21.7072    15.5337    9.40952          0     11.641    4.07128    19.7113    6.72475    20.1823    4.58524    19.0219    16.3237    14.8308    2.26223    19.9608    15.4542    19.1211    17.1592    28.3945          0          0          0          0 
   15.5513    11.4108    10.1048    5.86714    17.0758    14.4922    14.0344    8.91035    9.74207          0    4.94056    14.8946    10.2755    12.7505    6.19927    15.2584    10.0337     8.6117    9.12794     14.343    9.81181    14.6718    9.74778    20.8631          0          0          0          0 
   19.5927    13.6412    12.5281    4.46984    21.6953    19.4019    12.0859    10.8019    4.80281    9.54677          0    15.6586      9.779    17.5673    6.20297    15.0868     12.351    13.3971    6.27547    19.0103    11.4052    18.8956    14.5999     24.995          0          0          0          0 
   12.9673    5.13202    6.15975     11.212    17.7112    19.4732    8.13103    23.7507    17.8695    16.1235    15.6586          0    24.7933    16.9704    20.7167    2.89021    5.99438    19.4214     21.934    24.3224    5.23675    26.3855    15.8757    16.9836          0          0          0          0 
   24.9751    21.6758    20.3771    14.0309    25.2573     21.255    21.8503    4.85692    11.3891    12.1923      9.779    24.7933          0    20.4476    4.10786    24.6348    20.2986    13.6071     5.0608    17.2945    19.9329     15.393    17.6069    29.9789          0          0          0          0 
   6.69364     11.895    11.1725    16.2735    4.83693      2.523    21.6506    16.3868    22.3231    8.62695    17.5673    16.9704    20.4476          0    17.3073    19.2263    11.4319    7.27213    21.3494    8.78999    13.0564    11.9456     3.0232    10.1706          0          0          0          0 
   21.2795    17.5781    16.2851    10.1489    22.0178    18.4558    18.2175    4.89694    9.13916    8.74151    6.20297    20.7167    4.10786    17.3073          0    20.6558    16.2014    11.0745    4.45937    15.7519    15.8266    14.6392    14.3445    26.4243          0          0          0          0 
   15.7025    7.36504    8.08863    10.6477    20.3522    21.7479    5.60946    24.1615    16.5535    17.2494    15.0868    2.89021    24.6348    19.2263    20.6558          0    7.85331    20.8768    21.2814    26.0775     6.5255    27.8741    17.8193    19.8565          0          0          0          0 
   9.13135    1.37733   0.301475    8.54346    13.1814     13.954    10.6191    18.5145    15.8981    10.3305     12.351    5.99438    20.2986    11.4319    16.2014    7.85331          0    13.4433    18.3655    18.3537    1.83273    20.3949    9.98374    14.2162          0          0          0          0 
   13.2068    14.5134    13.3091    14.0071    12.0711    7.66896     21.419    9.23116    18.1042    4.18386    13.3971    19.4214    13.6071    7.27213    11.0745    20.8768    13.4433          0    15.4597    5.78686     14.385    6.99758    5.07938    17.3916          0          0          0          0 
   24.6789    19.7004    18.5117    10.7341    25.9365    22.6814    17.7551     8.7029     6.4506    12.7238    6.27547     21.934     5.0608    21.3494    4.45937    21.2814    18.3655    15.4597          0    20.2081    17.5806    18.9822    18.3386    29.9761          0          0          0          0 
   15.4788    19.2321    18.1689     19.792    12.4562     7.3623    27.0676    12.4551    23.6163    9.96857    19.0103    24.3224    17.2945    8.78999    15.7519    26.0775    18.3537    5.78686    20.2081          0    19.5546    3.49678    8.54499    18.2309          0          0          0          0 
   10.9551     2.5316    2.13419    7.28857    14.9966    15.5691    8.80654    18.5835    14.5864    10.9197    11.4052    5.23675    19.9329    13.0564    15.8266     6.5255    1.83273     14.385    17.5806    19.5546          0    21.3807    11.3755    15.9899          0          0          0          0 
   18.6192    21.4134    20.2469    20.4475    15.8858    10.7758    28.2179    10.5774     23.214    10.8823    18.8956    26.3855     15.393    11.9456    14.6392    27.8741    20.3949    6.99758    18.9822    3.49678    21.3807          0    11.1171    21.6538          0          0          0          0 
    8.1304    10.7523     9.7711    13.5826    7.68004    4.89924    19.5869    13.7574     19.376    5.62584    14.5999    15.8757    17.6069     3.0232    14.3445    17.8193    9.98374    5.07938    18.3386    8.54499    11.3755    11.1171          0    12.5396          0          0          0          0 
   5.40938    13.6087    13.9251    22.1861    5.77489    10.8788    24.3371    26.2952     29.318     17.789     24.995    16.9836    29.9789    10.1706    26.4243    19.8565    14.2162    17.3916    29.9761    18.2309    15.9899    21.6538    12.5396          0          0          0          0          0 
         0          0          0          0          0          0          0          0          0          0          0          0          0          0          0          0          0          0          0          0          0          0          0          0          0          0          0          0 
         0          0          0          0          0          0          0          0          0          0          0          0          0          0          0          0          0          0          0          0          0          0          0          0          0          0          0          0 
         0          0          0          0          0          0          0          0          0          0          0          0          0          0          0          0          0          0          0          0          0          0          0          0          0          0          0          0 
         0          0          0          0          0          0          0          0          0          0          0          0          0          0          0          0          0          0          0          0          0          0          0          0          0          0          0          0 
Version identifier: 12.10.0.0 | 2019-11-26 | 843d4de
CPXPARAM_Threads                                 1
CPXPARAM_TimeLimit                               7200
Tried aggregator 1 time.
MIP Presolve eliminated 0 rows and 8 columns.
MIP Presolve modified 131 coefficients.
Reduced MIP has 277 rows, 5344 columns, and 25388 nonzeros.
Reduced MIP has 5344 binaries, 0 generals, 0 SOSs, and 0 indicators.
Presolve time = 0.02 sec. (22.63 ticks)
Found incumbent of value -22.401648 after 0.04 sec. (45.74 ticks)
Tried aggregator 1 time.
Detecting symmetries...
Reduced MIP has 277 rows, 5344 columns, and 25388 nonzeros.
Reduced MIP has 5344 binaries, 0 generals, 0 SOSs, and 0 indicators.
Presolve time = 0.01 sec. (15.21 ticks)
Probing fixed 1516 vars, tightened 0 bounds.
Probing time = 0.55 sec. (724.84 ticks)
Clique table members: 9678.
MIP emphasis: balance optimality and feasibility.
MIP search method: dynamic search.
Parallel mode: none, using 1 thread.
Root relaxation solution time = 0.01 sec. (19.44 ticks)

        Nodes                                         Cuts/
   Node  Left     Objective  IInf  Best Integer    Best Bound    ItCnt     Gap

*     0+    0                          -22.4016    15283.1798              --- 
      0     0       62.8366     8      -22.4016       62.8366      318  380.50%
      0     0       61.0353     8      -22.4016      Cuts: 11      443  372.46%
      0     0       59.4342     8      -22.4016      Cuts: 22      518  365.31%
*     0+    0                           15.3285       59.4342           287.74%
      0     0        cutoff             15.3285       59.4342      518  287.74%
Detecting symmetries...

Repeating presolve.
Tried aggregator 1 time.
MIP Presolve eliminated 0 rows and 1516 columns.
Reduced MIP has 277 rows, 3828 columns, and 18043 nonzeros.
Reduced MIP has 3828 binaries, 0 generals, 0 SOSs, and 0 indicators.
Presolve time = 0.01 sec. (9.37 ticks)
Tried aggregator 1 time.
Detecting symmetries...
Reduced MIP has 277 rows, 3828 columns, and 18043 nonzeros.
Reduced MIP has 3828 binaries, 0 generals, 0 SOSs, and 0 indicators.
Presolve time = 0.01 sec. (10.77 ticks)
Represolve time = 0.02 sec. (26.03 ticks)
Probing time = 0.01 sec. (6.83 ticks)
Clique table members: 9563.
MIP emphasis: balance optimality and feasibility.
MIP search method: dynamic search.
Parallel mode: none, using 1 thread.
Root relaxation solution time = 0.01 sec. (19.66 ticks)

        Nodes                                         Cuts/
   Node  Left     Objective  IInf  Best Integer    Best Bound    ItCnt     Gap

*     0+    0                           15.3285       59.4342           287.74%
      0     0       59.4342    59       15.3285       59.4342      839  287.74%
      0     0       58.9021    59       15.3285      Cuts: 17      849  284.26%
      0     0       58.2847    59       15.3285       Cuts: 8      884  280.24%
      0     0       57.9693    59       15.3285      Cuts: 13      921  278.18%
      0     0       57.9083    59       15.3285       Cuts: 5      934  277.78%
*     0+    0                           47.1094       57.9083            22.92%
      0     0       57.4767    59       47.1094      Cuts: 11      982   22.01%
      0     0       57.4413    59       47.1094       Cuts: 2      996   21.93%
      0     0       57.3833    59       47.1094       Cuts: 7     1018   21.81%
