Solving:  ghsarp-10-5-0.txt :
Scenario: 1A bundle 

NameOfInst: Instances/ghsarp/ghsarp-10-5-0.txt
RunningScen: 1A
Instance Name: ghsarp-10-5-0
Instance type: ghsarp

n: 10
m: 5
K: 3

Earlier times: 
0: 13.5833
1: 22.15
2: 17.7667
3: 21.1667
4: 3.08333
5: 6.11667
6: 18.65
7: 20.15
8: 9.95
9: 3.95
10: 0
11: 0
12: 0
13: 0
14: 0
15: 0
16: 0
17: 0
18: 0
19: 0
20: 0
21: 0
22: 0
23: 0
24: 0
25: 0
Service times: 
0: 0.262437
1: 0.38269
2: 0.3521
3: 0.40122
4: 0.36001
5: 0.225146
6: 0.206239
7: 0.288447
8: 0.268534
9: 0.255695
10: 0.0833333
11: 0.0833333
12: 0.0833333
13: 0.0833333
14: 0.0833333
15: 0.0833333
16: 0.0833333
17: 0.0833333
18: 0.0833333
19: 0.0833333
20: 0
21: 0
22: 0
23: 0
24: 0
25: 0
Profits: 
0: 5.47815
1: 8.28846
2: 7.57357
3: 8.72152
4: 7.75843
5: 4.60667
6: 4.16481
7: 6.08601
8: 5.62064
9: 5.32059
10: 7.19159
11: 5.86151
12: 10.5538
13: 8.0687
14: 10.8722
15: 0
16: 0
17: 0
18: 0
19: 0
20: 0
21: 0
22: 0
23: 0
24: 0
25: 0
Dist Matrix: 
         0    7.58042    7.84092    10.1947    3.97658    7.18471    9.15699    6.56186    8.61452    11.6925    16.5361    8.35076    2.27482    7.90607    10.6385    19.0142    6.06637    9.67845    3.76808    10.2841    9.36568    9.36568    9.36568          0          0          0 
    16.139          0    11.3856    5.23225    16.6324    19.4886    15.3754    9.90095    9.74166    1.07648    6.62471    15.6933    13.5854    15.2525    7.18501    6.48706    12.0526    6.58058    15.9983    16.3949    12.0488    12.0488    12.0488          0          0          0 
   9.77523      5.004          0    5.20726     10.256    13.2426    11.0936     5.2509    6.84234    5.36138    11.0258    10.9775    7.39221    10.4834    6.68506    12.7767     7.2525    5.50033    9.72685    12.2753     8.4837     8.4837     8.4837          0          0          0 
   13.2738    4.06807    13.8423          0    14.9723    18.2814    17.3953    5.40818      12.84    5.79393    13.0442    17.2446    12.8785    16.7473     11.636    12.0512    13.5455     10.581    14.8752    18.5778     6.1483     6.1483     6.1483          0          0          0 
   5.08063    5.07622    12.9745    13.1218          0    11.1811    14.8093      3.772    13.2449    12.4485    18.9533     14.032    7.92162     13.584    14.3034    19.9517    11.4597    13.1552    8.58289    15.9527    4.54757    4.54757    4.54757          0          0          0 
   3.90717    12.7581    11.2494    15.4498    1.88521          0    10.3644    11.5264    12.6949    17.4545    21.7665    9.15397    5.25817    8.95163    15.4289    24.6717    9.25548    14.6713    2.94768     11.083    13.4805    13.4805    13.4805          0          0          0 
    11.915    16.1555     5.5413    11.9202    8.96232    8.36155          0    15.5189    7.36456    16.1429    16.9219    1.34715    7.36174    1.84694     10.582    21.4424    5.06474    10.6009    7.63626    1.39714    18.6996    18.6996    18.6996          0          0          0 
   8.64983    5.05589    7.18471     5.9041    9.07606    12.0801     10.424          0    6.71431    6.53862    11.9596    10.2001    6.25425    9.70124    7.11758    13.9209    6.55243    5.95023     8.5636    11.6227    8.35225    8.35225    8.35225          0          0          0 
   15.2931     15.883    3.98979    8.04398    13.1244    13.7556    4.80375    15.7516          0    12.8407    11.4247    5.97709    10.2036    5.93879    6.08763    16.4428    5.75785    6.74166    11.7603    4.97277    19.1362    19.1362    19.1362          0          0          0 
   11.5468    4.54981    9.60735     5.6372    12.3977    15.4827    13.2807    5.36723    8.55299          0    10.4005    13.2425    9.68669    12.7532    7.54138    11.2012    9.49073    6.42452    11.9686     14.442    8.04599    8.04599    8.04599          0          0          0 
   20.3832    14.9329    11.7079    6.35106    19.9052    22.0861       15.3    15.7461    9.82912    7.29147          0    16.0887    16.5099     15.784    6.59078    5.36336    13.2654      7.128    18.9056    15.9636    18.3505    18.3505    18.3505          0          0          0 
   10.8882    14.8113    4.48259    10.8315    8.07755    7.94914    1.24579    14.1858    6.36028     14.929    16.0887          0    6.15769        0.5    9.62767    20.4494    3.76085    9.54159    6.71148    2.02237    17.3831    17.3831    17.3831          0          0          0 
   5.09384     9.6164    6.44078    10.2048    3.41713    5.90339    7.05195    8.70113    7.62501    12.5829    16.5099    6.15769          0    5.73606    10.1944    19.5689     4.4779    9.41424    2.44663    8.13368    11.6173    11.6173    11.6173          0          0          0 
   10.5373     14.314    4.12044    10.4324    7.79682      7.866    1.42618    13.6945    6.00933     14.477     15.784        0.5    5.73606          0    9.28571    20.0799    3.28055    9.15664    6.42012        2.4    16.8998    16.8998    16.8998          0          0          0 
   14.5651    11.6197    5.16991    2.07885     13.611    15.5679    8.97093    11.9339    3.27835    6.85233    6.59078    9.62767    10.1944    9.28571          0    10.8634    6.67659    1.18474    12.5109    9.79782    15.1449    15.1449    15.1449          0          0          0 
   22.5497    15.1728    15.9671    9.72868    22.7884    25.4258    19.8339    16.2993    14.0943    7.55661    5.36336    20.4494    19.5689    20.0799    10.8634          0    17.1776    10.9355    22.0148    20.6447    18.1055    18.1055    18.1055          0          0          0 
    9.5483    11.3777     2.0026    7.45015    7.61695    9.00995    3.87195    10.9157    3.55736     11.242    13.2654    3.76085     4.4779    3.28055    6.67659    17.1776          0    6.28029    6.32361    5.07326     14.237     14.237     14.237          0          0          0 
   13.5981    10.4412    5.06806    1.36132    12.8253    14.9627    9.02497    10.7493    3.25613    6.10275      7.128    9.54159    9.41424    9.15664    1.18474    10.9355    6.28029          0    11.7886     9.9553    13.9629    13.9629    13.9629          0          0          0 
   4.34829    11.3204    8.32317    12.6261    1.38463    3.51648    7.84474     10.241    9.74723    14.9842    18.9056    6.71148    2.44663    6.42012    12.5109    22.0148    6.32361    11.7886          0    8.72158    12.7799    12.7799    12.7799          0          0          0 
   12.9103    16.4217    5.02143    11.3042    10.0802    9.70404    1.20748    15.8876    6.70116    15.7267    15.9636    2.02237    8.13368        2.4    9.79782    20.6447    5.07326     9.9553    8.72158          0    19.1485    19.1485    19.1485          0          0          0 
    9.6175    3.54903    15.3301    13.4808    12.3088     15.632    17.9518    3.38497    15.0592    11.1611    18.3505    17.3831    11.6173    16.8998    15.1449    18.1055     14.237    13.9629    12.7799    19.1485          0          0          0          0          0          0 
    9.6175    3.54903    15.3301    13.4808    12.3088     15.632    17.9518    3.38497    15.0592    11.1611    18.3505    17.3831    11.6173    16.8998    15.1449    18.1055     14.237    13.9629    12.7799    19.1485          0          0          0          0          0          0 
    9.6175    3.54903    15.3301    13.4808    12.3088     15.632    17.9518    3.38497    15.0592    11.1611    18.3505    17.3831    11.6173    16.8998    15.1449    18.1055     14.237    13.9629    12.7799    19.1485          0          0          0          0          0          0 
         0          0          0          0          0          0          0          0          0          0          0          0          0          0          0          0          0          0          0          0          0          0          0          0          0          0 
         0          0          0          0          0          0          0          0          0          0          0          0          0          0          0          0          0          0          0          0          0          0          0          0          0          0 
         0          0          0          0          0          0          0          0          0          0          0          0          0          0          0          0          0          0          0          0          0          0          0          0          0          0 
Version identifier: 12.10.0.0 | 2019-11-26 | 843d4de
CPXPARAM_Threads                                 1
CPXPARAM_TimeLimit                               7200
Tried aggregator 1 time.
MIP Presolve eliminated 0 rows and 6 columns.
MIP Presolve modified 57 coefficients.
Reduced MIP has 214 rows, 4254 columns, and 20253 nonzeros.
Reduced MIP has 4254 binaries, 0 generals, 0 SOSs, and 0 indicators.
Presolve time = 0.02 sec. (17.52 ticks)
Tried aggregator 1 time.
Detecting symmetries...
Reduced MIP has 214 rows, 4254 columns, and 20253 nonzeros.
Reduced MIP has 4254 binaries, 0 generals, 0 SOSs, and 0 indicators.
Presolve time = 0.01 sec. (13.69 ticks)
Probing fixed 1095 vars, tightened 0 bounds.
Probing time = 0.39 sec. (503.06 ticks)
Clique table members: 7887.
MIP emphasis: balance optimality and feasibility.
MIP search method: dynamic search.
Parallel mode: none, using 1 thread.
Root relaxation solution time = 0.01 sec. (16.23 ticks)

        Nodes                                         Cuts/
   Node  Left     Objective  IInf  Best Integer    Best Bound    ItCnt     Gap

      0     0       49.1146    40                     49.1146      289         
      0     0       47.7454    40                    Cuts: 29      376         
      0     0       45.6747    40                    Cuts: 17      437         

Repeating presolve.
Tried aggregator 1 time.
MIP Presolve eliminated 0 rows and 1095 columns.
Reduced MIP has 214 rows, 3159 columns, and 14919 nonzeros.
Reduced MIP has 3159 binaries, 0 generals, 0 SOSs, and 0 indicators.
Presolve time = 0.01 sec. (7.84 ticks)
Tried aggregator 1 time.
Detecting symmetries...
Reduced MIP has 214 rows, 3159 columns, and 14919 nonzeros.
Reduced MIP has 3159 binaries, 0 generals, 0 SOSs, and 0 indicators.
Presolve time = 0.01 sec. (9.97 ticks)
Represolve time = 0.03 sec. (29.03 ticks)
Probing time = 0.01 sec. (6.82 ticks)
Clique table members: 7809.
MIP emphasis: balance optimality and feasibility.
MIP search method: dynamic search.
Parallel mode: none, using 1 thread.
Root relaxation solution time = 0.01 sec. (13.81 ticks)

        Nodes                                         Cuts/
   Node  Left     Objective  IInf  Best Integer    Best Bound    ItCnt     Gap

      0     0       45.6747    21                     45.6747      702         
*     0     0      integral     0       43.8403       Cuts: 3      740    0.00%
      0     0        cutoff             43.8403       43.8403      740    0.00%
Elapsed time = 0.70 sec. (928.10 ticks, tree = 0.01 MB, solutions = 1)

GUB cover cuts applied:  6
Clique cuts applied:  1
Cover cuts applied:  1
Flow cuts applied:  2
Mixed integer rounding cuts applied:  1

Root node processing (before b&c):
  Real time             =    0.70 sec. (928.29 ticks)
Sequential b&c:
  Real time             =    0.00 sec. (0.00 ticks)
                          ------------
Total (root+branch&cut) =    0.70 sec. (928.29 ticks)

Sol status: Optimal
 Tree_Size: 1
 Total Time: 0.69
 LB: 43.8403
 UB: 43.8403

Obj Val: 43.8403489070698

Solve Time: 0.69

x(24, 54, 0)
x(33, 53, 0)
x(53, 63, 0)
x(54, 33, 0)
x(60, 24, 0)
x(6, 64, 1)
x(18, 6, 1)
x(42, 18, 1)
x(61, 42, 1)
x(0, 14, 2)
x(14, 40, 2)
x(40, 65, 2)
x(62, 0, 2)


Customer profit: 63.6188340981491
Parcel profit: 35.3562200346739
Costs: 55.1347052257532

Number of Vehicles: 3

Solution by nodes: 
Vehicle 0: 20 - 4 - 9 - 12 - 5 - 17 - 14 - 8 - 19 - 23
Vehicle 1: 21 - 7 - 3 - 1 - 24
Vehicle 2: 22 - 0 - 11 - 2 - 16 - 13 - 6 - 18 - 25


Solution structure: 
Vehicle 0: S - d - d - P - d - D - P - d - D - f
Vehicle 1: S - d - d - d - f
Vehicle 2: S - d - P - d - D - P - d - D - f


size of n: 10

size of m: 5

*************


Served parcels: 4

Unserved parcels: 1

*************

Total time: 6.59255136312142

Total passenger time: 1.95049842281712

Total parcel time: 1.87699180147952

Total combined transportation time: 1.05201908245241

Total idle time: 1.71304205637236

*************

Total distance: 174.627939221312

Total passenger distance: 38.9704353355021

Total parcel distance: 49.6233305273269

Total combined transportation distance: 15.7994490472156

Total idle distance: 70.2347243112669

*************

Waiting time passenger: 9.3877950123494

Waiting time goods: 8.01965362452918

Total waiting time: 17.4074486368786
Solving:  ghsarp-10-5-1.txt :
Scenario: 1A bundle 

NameOfInst: Instances/ghsarp/ghsarp-10-5-1.txt
RunningScen: 1A
Instance Name: ghsarp-10-5-1
Instance type: ghsarp

n: 10
m: 5
K: 5

Earlier times: 
0: 17.3667
1: 22.1333
2: 11
3: 11.4
4: 18.5667
5: 6.65
6: 7.88333
7: 7.26667
8: 0.783333
9: 11.2833
10: 0
11: 0
12: 0
13: 0
14: 0
15: 0
16: 0
17: 0
18: 0
19: 0
20: 0
21: 0
22: 0
23: 0
24: 0
25: 0
26: 0
27: 0
28: 0
29: 0
Service times: 
0: 0.347447
1: 0.356531
2: 0.375994
3: 0.253775
4: 0.270519
5: 0.532092
6: 0.22297
7: 0.196693
8: 0.286111
9: 0.366227
10: 0.0833333
11: 0.0833333
12: 0.0833333
13: 0.0833333
14: 0.0833333
15: 0.0833333
16: 0.0833333
17: 0.0833333
18: 0.0833333
19: 0.0833333
20: 0
21: 0
22: 0
23: 0
24: 0
25: 0
26: 0
27: 0
28: 0
29: 0
Profits: 
0: 7.46483
1: 7.67712
2: 8.13198
3: 5.27572
4: 5.66702
5: 11.78
6: 4.5558
7: 3.94173
8: 6.03142
9: 7.90373
10: 7.78534
11: 6.64693
12: 8.20412
13: 4.16799
14: 9.81339
15: 0
16: 0
17: 0
18: 0
19: 0
20: 0
21: 0
22: 0
23: 0
24: 0
25: 0
26: 0
27: 0
28: 0
29: 0
Dist Matrix: 
         0    8.46265    8.75847     6.1182   0.868332    3.74363    1.49305    2.95256    7.89564    9.23708    4.50608    9.36361    7.61104    9.49503    2.49648    1.71172    6.30714    1.45341    9.15329     9.7409    2.26292    2.26292    2.26292    2.26292    2.26292          0          0          0          0          0 
   8.86616          0    10.7427    17.0927    15.9584    14.4232    14.8744    15.9239    11.3906    10.9003    13.1703    10.4477    10.9492    11.4756    16.4174    16.9574     14.635    14.7988    9.98465    10.0479    15.0751    15.0751    15.0751    15.0751    15.0751          0          0          0          0          0 
   8.64893    7.98862          0    15.2674    15.3747    13.2521    14.3769     16.256    12.9095    12.8067    12.0049    8.12357    12.3221     13.474    15.4207    16.9141    12.7576    14.4159    11.7967    7.66031    15.2062    15.2062    15.2062    15.2062    15.2062          0          0          0          0          0 
   11.0462    12.2188    7.21886          0    8.81344    6.61302      9.028    12.4953     15.484    16.6324    7.03753    7.49069    14.8954    17.1672     7.1749    11.3117    4.25737    9.45304    16.0404    7.90205    11.4559    11.4559    11.4559    11.4559    11.4559          0          0          0          0          0 
   7.13913    8.39774     5.2533    1.91133          0    1.82571    4.27874    7.80902    10.8212    12.0281    2.54275    5.81601    10.2717    12.5201    2.88257    6.83652    1.34462    4.69659    11.5286    6.28462    6.71059    6.71059    6.71059    6.71059    6.71059          0          0          0          0          0 
   9.20595    7.94574     12.918    18.2462    15.6337          0    14.5445    14.4338    8.84654    7.87607     13.863    12.8445    8.68567    8.23701    16.5748    15.8617    16.0444    14.3317    7.26154    12.5696    13.9232    13.9232    13.9232    13.9232    13.9232          0          0          0          0          0 
   3.75856    4.92577    5.49283    6.17414    3.35452    2.60292          0    4.91581    6.47611    7.67297     2.0204    6.05706    5.91706    8.17107    3.95828    4.98718    4.81685    2.35185      7.193    6.35943    3.67527    3.67527    3.67527    3.67527    3.67527          0          0          0          0          0 
   7.53883    8.41223    9.77057    7.83765    2.54024    5.17262     2.5807          0    6.74145    8.06895    5.66974     10.357    6.58219    8.23116    4.22573   0.847585    7.82869    2.24891    8.14518    10.6892    1.09563    1.09563    1.09563    1.09563    1.09563          0          0          0          0          0 
     9.821    9.06697    14.6728    17.4701    13.0545    13.9009    12.1974    10.2585          0    3.65256    13.2506    14.9219    5.40881    3.20206    14.5581    12.0304      16.02    11.8207    4.28901    14.8831    10.4176    10.4176    10.4176    10.4176    10.4176          0          0          0          0          0 
   14.5951    13.9266    19.4416    21.5543    16.6869    18.0571    16.0049     13.333    9.17008          0    17.5865    19.7265    9.81103    7.55227     18.326    15.0986    20.3897    15.5921    9.01501    19.7145    13.8628    13.8628    13.8628    13.8628    13.8628          0          0          0          0          0 
   4.66519     5.9276    4.26657    4.44815    3.76558    1.26317    3.12621     6.4879    8.44713     9.6016          0    4.87545    7.85941    10.1299    3.42023    6.07872    2.80371    3.42117    9.04719      5.272    5.25844    5.25844    5.25844    5.25844    5.25844          0          0          0          0          0 
   5.13533    5.89406   0.610574    7.19389    8.64083    5.91006    7.92934    10.9729    10.8268    11.5829    4.87545          0    10.1279     12.255    8.08678    10.8677    4.70714    8.15892    10.7117   0.474131     9.7317     9.7317     9.7317     9.7317     9.7317          0          0          0          0          0 
   5.05537    4.80037    9.77403    12.0649    7.87464     8.4935    6.92719     5.8258    0.70342    1.75966    7.85941    10.1279          0    2.27693    9.26682    7.40554    10.6458    6.58328     1.5632    10.1892    5.54177    5.54177    5.54177    5.54177    5.54177          0          0          0          0          0 
   7.12576    6.63114    11.9365    14.2894    9.86955    10.7273      8.998    7.26397    1.70294   0.707107    10.1299     12.255    2.27693          0    11.3581    8.99564    12.9202    8.62462    1.72047      12.28    7.29178    7.29178    7.29178    7.29178    7.29178          0          0          0          0          0 
   7.63521    8.84877     7.4808    3.62491    1.70857     2.2069    2.36136    5.42015    9.68008    10.9935    3.42023    8.08678    9.26682    11.3581          0    4.13696    4.19338    2.75115    10.7224    8.52216    4.53965    4.53965    4.53965    4.53965    4.53965          0          0          0          0          0 
   8.30491    9.21273    10.2714    7.75464    2.57992    5.42446    2.95418    1.78986     7.5413    8.86056    6.07872    10.8677    7.40554    8.99564    4.13696          0    8.01561    2.71116    8.96732    11.2203    1.94288    1.94288    1.94288    1.94288    1.94288          0          0          0          0          0 
   6.93265    8.15502    4.18937    2.51086    5.44298    2.67858    5.28746    8.83819    11.2437    12.3782    2.80371    4.70714    10.6458    12.9202    4.19338    8.01561          0    5.68158     11.784    5.18124    7.67885    7.67885    7.67885    7.67885    7.67885          0          0          0          0          0 
   5.95936     7.0214    7.56455    6.07921    1.32061    3.00307   0.428019    3.15854     6.9596    8.28517    3.42117    8.15892    6.58328    8.62462    2.75115    2.71116    5.68158          0       8.08    8.50924    2.01445    2.01445    2.01445    2.01445    2.01445          0          0          0          0          0 
   5.58057    4.97136    10.4307    13.3671    9.38441     9.7949     8.4069    7.37013    1.58518    1.02176    9.04719    10.7117     1.5632    1.72047    10.7224    8.96732     11.784       8.08          0    10.7066    7.10406    7.10406    7.10406    7.10406    7.10406          0          0          0          0          0 
   5.15539    5.82436    1.04652    7.66754    9.03296    6.33618    8.29352    11.2699     10.891    11.5997      5.272   0.474131    10.1892      12.28    8.52216    11.2203    5.18124    8.50924    10.7066          0    10.0332    10.0332    10.0332    10.0332    10.0332          0          0          0          0          0 
   6.55811    7.37794     9.1636    8.03744    2.84851    5.00276    2.43286    1.24579    5.74543    7.08308    5.25844     9.7317    5.54177    7.29178    4.53965    1.94288    7.67885    2.01445    7.10406    10.0332          0          0          0          0          0          0          0          0          0          0 
   6.55811    7.37794     9.1636    8.03744    2.84851    5.00276    2.43286    1.24579    5.74543    7.08308    5.25844     9.7317    5.54177    7.29178    4.53965    1.94288    7.67885    2.01445    7.10406    10.0332          0          0          0          0          0          0          0          0          0          0 
   6.55811    7.37794     9.1636    8.03744    2.84851    5.00276    2.43286    1.24579    5.74543    7.08308    5.25844     9.7317    5.54177    7.29178    4.53965    1.94288    7.67885    2.01445    7.10406    10.0332          0          0          0          0          0          0          0          0          0          0 
   6.55811    7.37794     9.1636    8.03744    2.84851    5.00276    2.43286    1.24579    5.74543    7.08308    5.25844     9.7317    5.54177    7.29178    4.53965    1.94288    7.67885    2.01445    7.10406    10.0332          0          0          0          0          0          0          0          0          0          0 
   6.55811    7.37794     9.1636    8.03744    2.84851    5.00276    2.43286    1.24579    5.74543    7.08308    5.25844     9.7317    5.54177    7.29178    4.53965    1.94288    7.67885    2.01445    7.10406    10.0332          0          0          0          0          0          0          0          0          0          0 
         0          0          0          0          0          0          0          0          0          0          0          0          0          0          0          0          0          0          0          0          0          0          0          0          0          0          0          0          0          0 
         0          0          0          0          0          0          0          0          0          0          0          0          0          0          0          0          0          0          0          0          0          0          0          0          0          0          0          0          0          0 
         0          0          0          0          0          0          0          0          0          0          0          0          0          0          0          0          0          0          0          0          0          0          0          0          0          0          0          0          0          0 
         0          0          0          0          0          0          0          0          0          0          0          0          0          0          0          0          0          0          0          0          0          0          0          0          0          0          0          0          0          0 
         0          0          0          0          0          0          0          0          0          0          0          0          0          0          0          0          0          0          0          0          0          0          0          0          0          0          0          0          0          0 
Version identifier: 12.10.0.0 | 2019-11-26 | 843d4de
CPXPARAM_Threads                                 1
CPXPARAM_TimeLimit                               7200
Tried aggregator 1 time.
MIP Presolve eliminated 0 rows and 10 columns.
MIP Presolve modified 100 coefficients.
Reduced MIP has 340 rows, 6775 columns, and 32230 nonzeros.
Reduced MIP has 6775 binaries, 0 generals, 0 SOSs, and 0 indicators.
Presolve time = 0.02 sec. (29.37 ticks)
Found incumbent of value 40.220795 after 0.06 sec. (72.88 ticks)
Tried aggregator 1 time.
Detecting symmetries...
Reduced MIP has 340 rows, 6775 columns, and 32230 nonzeros.
Reduced MIP has 6775 binaries, 0 generals, 0 SOSs, and 0 indicators.
Presolve time = 0.02 sec. (22.36 ticks)
Probing fixed 1305 vars, tightened 0 bounds.
Probing time = 0.98 sec. (1333.84 ticks)
Clique table members: 13793.
MIP emphasis: balance optimality and feasibility.
MIP search method: dynamic search.
Parallel mode: none, using 1 thread.
Root relaxation solution time = 0.01 sec. (24.89 ticks)

        Nodes                                         Cuts/
   Node  Left     Objective  IInf  Best Integer    Best Bound    ItCnt     Gap

*     0+    0                           40.2208    24307.0608              --- 
      0     0       65.3466    30       40.2208       65.3466      373   62.47%
      0     0       65.3466    30       40.2208    GUBcuts: 1      376   62.47%
      0     0       65.3466    30       40.2208      Cuts: 11      401   62.47%
*     0+    0                           56.4799       65.3466            15.70%

Repeating presolve.
Tried aggregator 2 times.
MIP Presolve eliminated 6 rows and 2189 columns.
Aggregator did 4 substitutions.
Reduced MIP has 330 rows, 4582 columns, and 21567 nonzeros.
Reduced MIP has 4582 binaries, 0 generals, 0 SOSs, and 0 indicators.
Presolve time = 0.01 sec. (17.04 ticks)
Tried aggregator 1 time.
Detecting symmetries...
Reduced MIP has 330 rows, 4582 columns, and 21567 nonzeros.
Reduced MIP has 4582 binaries, 0 generals, 0 SOSs, and 0 indicators.
Presolve time = 0.01 sec. (13.24 ticks)
Represolve time = 0.03 sec. (40.51 ticks)
Probing time = 0.01 sec. (8.23 ticks)
Cover probing fixed 18 vars, tightened 0 bounds.
Clique table members: 11470.
MIP emphasis: balance optimality and feasibility.
MIP search method: dynamic search.
Parallel mode: none, using 1 thread.
Root relaxation solution time = 0.01 sec. (22.30 ticks)

        Nodes                                         Cuts/
   Node  Left     Objective  IInf  Best Integer    Best Bound    ItCnt     Gap

*     0+    0                           56.4799       65.3466            15.70%
      0     0       65.3466    35       56.4799       65.3466      783   15.70%
      0     0       65.3466    35       56.4799      Cuts: 13      807   15.70%
      0     0       65.1619    35       56.4799      Cuts: 13      917   15.37%
      0     0       65.1619    35       56.4799      Cuts: 13      946   15.37%
      0     0       65.1454    35       56.4799      Cuts: 16      984   15.34%
      0     0       65.0442    35       56.4799      Cuts: 18     1035   15.16%
      0     0       64.8296    35       56.4799      Cuts: 12     1121   14.78%
      0     0       64.6665    35       56.4799      Cuts: 12     1212   14.49%
      0     0       64.6325    35       56.4799      Cuts: 19     1237   14.43%
      0     0       64.6314    35       56.4799      Cuts: 13     1244   14.43%
*     0+    0                           56.5052       64.6314            14.38%
      0     0       64.5675    35       56.5052       Cuts: 3     1280   14.27%
      0     0       64.5675    35       56.5052       Cuts: 7     1289   14.27%
*     0+    0                           62.8572       64.5675             2.72%
Detecting symmetries...
      0     2       64.5675    72       62.8572       64.5675     1289    2.72%
Elapsed time = 2.02 sec. (3028.06 ticks, tree = 0.01 MB, solutions = 4)
*    90+   54                           63.1409       64.4556             2.08%
    175    95       63.6771    20       63.1409       64.2209     3399    1.71%
*   232    73      integral     0       63.4498       63.9178     4314    0.74%

GUB cover cuts applied:  12
Cover cuts applied:  4
Implied bound cuts applied:  2
Zero-half cuts applied:  15
Gomory fractional cuts applied:  1

Root node processing (before b&c):
  Real time             =    2.02 sec. (3028.44 ticks)
Sequential b&c:
  Real time             =    0.29 sec. (478.10 ticks)
                          ------------
Total (root+branch&cut) =    2.31 sec. (3506.54 ticks)

Sol status: Optimal
 Tree_Size: 316
 Total Time: 2.29
 LB: 63.4498
 UB: 63.4498

Obj Val: 63.4498384541693

Solve Time: 2.29

x(45, 65, 0)
x(52, 45, 0)
x(60, 52, 0)
x(6, 66, 1)
x(61, 6, 1)
x(1, 24, 2)
x(20, 1, 2)
x(24, 67, 2)
x(62, 20, 2)
x(12, 68, 3)
x(41, 12, 3)
x(63, 41, 3)
x(30, 54, 4)
x(54, 69, 4)
x(64, 30, 4)


Customer profit: 68.4293507818144
Parcel profit: 36.6177663924476
Costs: 41.5972787200928

Number of Vehicles: 5

Solution by nodes: 
Vehicle 0: 20 - 13 - 8 - 18 - 12 - 7 - 17 - 25
Vehicle 1: 21 - 1 - 26
Vehicle 2: 22 - 11 - 3 - 16 - 10 - 0 - 15 - 4 - 27
Vehicle 3: 23 - 14 - 6 - 19 - 2 - 28
Vehicle 4: 24 - 5 - 9 - 29


Solution structure: 
Vehicle 0: S - P - d - D - P - d - D - f
Vehicle 1: S - d - f
Vehicle 2: S - P - d - D - P - d - D - d - f
Vehicle 3: S - P - d - D - d - f
Vehicle 4: S - d - d - f


size of n: 10

size of m: 5

*************


Served parcels: 5

Unserved parcels: 0

*************

Total time: 6.24727449071529

Total passenger time: 1.9013629581422

Total parcel time: 1.82395830240839

Total combined transportation time: 1.30699608258584

Total idle time: 1.21495714757886

*************

Total distance: 153.638254119327

Total passenger distance: 43.7892146171636

Total parcel distance: 40.6156237320773

Total combined transportation distance: 19.420172719353

Total idle distance: 49.8132430507332

*************

Waiting time passenger: 17.5453586258849

Waiting time goods: 16.2073668833998

Total waiting time: 33.7527255092847
Solving:  ghsarp-10-5-2.txt :
Scenario: 1A bundle 

NameOfInst: Instances/ghsarp/ghsarp-10-5-2.txt
RunningScen: 1A
Instance Name: ghsarp-10-5-2
Instance type: ghsarp

n: 10
m: 5
K: 4

Earlier times: 
0: 14.6667
1: 11.2833
2: 13.0833
3: 22.8167
4: 15.65
5: 6.13333
6: 11.2833
7: 5.63333
8: 15.3833
9: 5.91667
10: 0
11: 0
12: 0
13: 0
14: 0
15: 0
16: 0
17: 0
18: 0
19: 0
20: 0
21: 0
22: 0
23: 0
24: 0
25: 0
26: 0
27: 0
Service times: 
0: 0.302418
1: 0.1968
2: 0.443224
3: 0.265864
4: 0.344758
5: 0.226307
6: 0.376625
7: 0.235024
8: 0.312308
9: 0.181309
10: 0.0833333
11: 0.0833333
12: 0.0833333
13: 0.0833333
14: 0.0833333
15: 0.0833333
16: 0.0833333
17: 0.0833333
18: 0.0833333
19: 0.0833333
20: 0
21: 0
22: 0
23: 0
24: 0
25: 0
26: 0
27: 0
Profits: 
0: 6.4125
1: 3.94422
2: 9.70315
3: 5.55824
4: 7.40198
5: 4.63379
6: 8.14673
7: 4.83751
8: 6.64364
9: 3.58219
10: 7.94986
11: 5.41924
12: 6.21888
13: 4.69993
14: 8.42741
15: 0
16: 0
17: 0
18: 0
19: 0
20: 0
21: 0
22: 0
23: 0
24: 0
25: 0
26: 0
27: 0
Dist Matrix: 
         0    7.89856    10.6641    7.73897    11.3109    9.55893     10.588    14.0384    10.5943    14.5732    1.86269    13.1074    8.46966    11.2397    10.5756    6.25236     13.687    11.6028    8.92379    15.7305    7.10538    7.10538    7.10538    7.10538          0          0          0          0 
   2.02237          0    8.72449    1.38752    14.3504     10.861    4.18607    13.9994    14.0663    14.0928    7.60237     13.079    9.60404    8.58149    8.10555    1.70294    15.1853    9.99636    7.29605    14.9105     14.328     14.328     14.328     14.328          0          0          0          0 
   7.30537    5.22532          0    5.20204    18.6985    14.8424    4.45008    16.7948     18.612    16.5938    13.1322    16.0086    13.7295    10.6994    10.5338    6.90976     18.727    12.4932    10.6004    17.0738     19.841     19.841     19.841     19.841          0          0          0          0 
   5.46981    6.35591    14.0981          0    19.5684    16.2455    8.23694    19.4394    19.1882    19.5044     11.532    18.5245    14.9731    13.8459    13.4298    7.05907    20.6099    15.3698    12.7367     20.277    16.6952    16.6952    16.6952    16.6952          0          0          0          0 
   9.52412    7.93889    1.18609    10.1915          0    3.36809    7.52066    5.19511    7.55338    5.33355    8.43652     4.2821     2.8558    2.22009    1.81912     7.3232    6.77575    1.70423    1.50864    6.27407    15.2325    15.2325    15.2325    15.2325          0          0          0          0 
   10.6549    9.23283    2.20045    11.4424    6.19225          0    8.85973    3.98663    6.55665    4.26075    8.87389    3.04138    2.46293    3.20062    2.98751    8.52368    5.43415    1.82483    2.80071    5.32173    15.2888    15.2888    15.2888    15.2888          0          0          0          0 
   8.48915    7.92275    4.08377    9.74807    5.99653    2.53298          0    6.68757    5.86849      7.179    5.74474       5.74    1.25172    5.02195    4.44815    6.73335      6.966    4.59169    2.94061    8.33119    12.2736    12.2736    12.2736    12.2736          0          0          0          0 
   15.4222    13.3975    5.74502    15.7917    8.74771    6.79111    12.0121          0    9.56059    1.87926    14.1295    3.25066    7.48954    5.89454    6.32914    13.1281    5.77557    4.49964    7.39351    1.07703    20.2275    20.2275    20.2275    20.2275          0          0          0          0 
   8.36548    9.27556    8.10457    10.2651    6.67823    5.46059     11.038    10.0277          0    10.7015    2.78539    9.16624    4.68137    8.98134    8.36239    7.63843    9.21303    8.64824     6.7043    11.9208    8.21808    8.21808    8.21808    8.21808          0          0          0          0 
   14.9133    13.3267    5.64925    15.6147    6.32968    4.96427    12.4773   0.410366    7.17652          0    12.6719        1.3    5.93879    6.20825    6.41464    12.7485    3.34215    4.42741    6.93467    1.67523    18.2763    18.2763    18.2763    18.2763          0          0          0          0 
   6.28945    7.99084    9.30707    8.38525    9.45653    7.77249    10.3465    12.2957    8.75619    12.8693          0    11.3788    6.73736     9.9905    9.32824    6.27694     11.839     10.139    7.63217    14.0483    7.40081    7.40081    7.40081    7.40081          0          0          0          0 
   13.6915    12.2195    4.67247    14.4665    5.61729    3.70799    11.5605   0.960833    6.37021    1.54402    11.3788          0    4.64284    5.37345    5.47496     11.563      3.228    3.54683    5.78913    2.77683    17.0955    17.0955    17.0955    17.0955          0          0          0          0 
   9.73359    9.04447    4.04188    10.9466    4.97293     1.2839    9.47996    5.56884    4.99091    6.13482    6.73736    4.64284          0    5.07011    4.60278    7.92979    5.71496    4.19142    3.42257    7.32538    12.8501    12.8501    12.8501    12.8501          0          0          0          0 
   9.73526     7.5129     1.0448    9.92202    9.38872    5.53368    6.27889    6.10826    9.71168    5.90339     9.9905    5.37345    5.07011          0   0.664831    7.38823    8.35533    1.82702    2.36136    6.49443    17.0808    17.0808    17.0808    17.0808          0          0          0          0 
   9.18009    7.07746   0.820244    9.46304    9.10817    5.18695    6.08664    6.27458    9.37249    6.16344    9.32824    5.47496    4.60278   0.664831          0     6.8469    8.32038    1.99078    1.70423     6.8523    16.4371    16.4371    16.4371    16.4371          0          0          0          0 
   2.36008    1.71418    7.38328    3.01682    12.6491    9.19524    4.38625    12.4987     12.364    12.6512    6.27694     11.563    7.92979    7.38823     6.8469          0     13.551    8.64009    5.82893    13.5308    13.3393    13.3393    13.3393    13.3393          0          0          0          0 
   15.4411    14.4917    7.50067    16.5542    3.46485    4.43355    14.2936    3.06529    4.43157    3.94127     11.839      3.228    5.71496    8.35533    8.32038     13.551          0     6.5611    8.16777    4.85275    16.3215    16.3215    16.3215    16.3215          0          0          0          0 
   10.9238    9.01417    1.27279     11.369    7.88175    4.26488    8.05486    4.30153    8.31887    4.17469     10.139    3.54683    4.19142    1.82702    1.99078    8.64009     6.5611          0    2.90689    4.91435    16.8643    16.8643    16.8643    16.8643          0          0          0          0 
   8.06062     6.4373    1.77099    8.68304    8.29385     4.3323    6.21846     6.7037    8.39895    6.82246    7.63217    5.78913    3.42257    2.36136    1.70423    5.82893    8.16777    2.90689          0     7.7201    14.7386    14.7386    14.7386    14.7386          0          0          0          0 
   15.7806    13.9214    6.18686    16.2833    7.98764    6.47389    12.7208    2.07625    8.84651    1.23434    14.0483    2.77683    7.32538    6.49443     6.8523    13.5308    4.85275    4.91435     7.7201          0    19.8714    19.8714    19.8714    19.8714          0          0          0          0 
   12.5492    15.0013    16.2647    14.7052    13.0188    13.4373    17.6191    17.8675    12.0483    18.6372    7.40081    17.0955    12.8501    17.0808    16.4371    13.3393    16.3215    16.8643    14.7386    19.8714          0          0          0          0          0          0          0          0 
   12.5492    15.0013    16.2647    14.7052    13.0188    13.4373    17.6191    17.8675    12.0483    18.6372    7.40081    17.0955    12.8501    17.0808    16.4371    13.3393    16.3215    16.8643    14.7386    19.8714          0          0          0          0          0          0          0          0 
   12.5492    15.0013    16.2647    14.7052    13.0188    13.4373    17.6191    17.8675    12.0483    18.6372    7.40081    17.0955    12.8501    17.0808    16.4371    13.3393    16.3215    16.8643    14.7386    19.8714          0          0          0          0          0          0          0          0 
   12.5492    15.0013    16.2647    14.7052    13.0188    13.4373    17.6191    17.8675    12.0483    18.6372    7.40081    17.0955    12.8501    17.0808    16.4371    13.3393    16.3215    16.8643    14.7386    19.8714          0          0          0          0          0          0          0          0 
         0          0          0          0          0          0          0          0          0          0          0          0          0          0          0          0          0          0          0          0          0          0          0          0          0          0          0          0 
         0          0          0          0          0          0          0          0          0          0          0          0          0          0          0          0          0          0          0          0          0          0          0          0          0          0          0          0 
         0          0          0          0          0          0          0          0          0          0          0          0          0          0          0          0          0          0          0          0          0          0          0          0          0          0          0          0 
         0          0          0          0          0          0          0          0          0          0          0          0          0          0          0          0          0          0          0          0          0          0          0          0          0          0          0          0 
Version identifier: 12.10.0.0 | 2019-11-26 | 843d4de
CPXPARAM_Threads                                 1
CPXPARAM_TimeLimit                               7200
Tried aggregator 1 time.
MIP Presolve eliminated 0 rows and 8 columns.
MIP Presolve modified 124 coefficients.
Reduced MIP has 277 rows, 5284 columns, and 25156 nonzeros.
Reduced MIP has 5284 binaries, 0 generals, 0 SOSs, and 0 indicators.
Presolve time = 0.02 sec. (21.31 ticks)
Tried aggregator 1 time.
Detecting symmetries...
Reduced MIP has 277 rows, 5284 columns, and 25156 nonzeros.
