DIMENSION: 47
N: 15
M: 15
K: 2

SERVICE: 
371 389 429 179 213 749 115 62 245 409 304 235 329 86 426 

DIST MATRIX: 
    0   423   438   306    43   187    75   148   395   462   225   468   381   475   125   507   529   288   265   421   167   340   769   344   553   176   307   553   326   561   729   568   592   292    80   269   479   658   491   632   443   450   605   441   530   113   382     0 
  443     0   537   855   798   721   744   796   570   545   659   522   547   574   821   379   598   537   561   593   647   535   391   530   464   656   570   322   501   457   317   886   365   564   749   545   858   535   921   243   697   366   644   859   697   754   526     0 
  432   399     0   763   769   663   719   813   645   640   600   406   616   674   771   293   712   505   528   482   627   469   566   464   327   620   506   421   467   318   133   989   234   599   743   546   729   681   794   161   573   357   773   739   553   760   444     0 
  552   611   361     0   441   331   451   625   774   832   352   375   745   858   359   520   920   469   455   305   471   406  1050   410   444   420   385   793   482   452   648  1036   541   642   525   548    41  1013    24   655   200   594  1006    48   227   573   390     0 
  357   420   263    96     0    91   214   390   541   601   127   291   514   626   144   397   688   261   241   221   235   232   848   237   382   185   198   596   285   391   588   797   455   410   288   323   228   789   254   539   199   418   772   194   285   336   244     0 
  460   397   646   912   782     0   727   722   442   394   693   642   434   412   829   495   414   558   580   699   636   596   143   592   614   663   623   231   532   610   530   698   525   495   707   523   963   313  1020   405   808   405   436   954   833   696   608     0 
  188   246   275   309   168   130     0   246   324   384   101   303   296   409   198   320   470    99    76   276    31   162   644   165   379    34   136   402   137   387   543   605   407   192   150   111   431   573   468   443   336   266   556   404   414   184   209     0 
  377   421   489   392   127   259   129     0   337   403   283   518   329   412   211   535   462   311   292   480   189   380   723   383   597   219   352   525   347   605   759   482   624   256    68   265   562   597   577   647   515   455   533   525   600    55   426     0 
  491   453   734   874   653   695   610   513     0   183   663   746   270   160   728   638   104   551   561   770   552   633   260   630   765   599   640   321   549   766   782   326   712   374   555   466   990    70  1032   630   866   496    59   966   924   521   669     0 
  730   696   972  1078   834   903   800   667   459     0   879   986   491   378   916   883   316   780   787  1005   760   866   440   864  1009   810   869   565   782  1011  1026   310   957   590   735   690  1210   291  1247   875  1096   740   230  1183  1159   693   905     0 
  415   461   514   388   129   271   148    89   377   443     0   543   370   450   207   568   498   345   324   501   222   409   764   412   625   246   379   568   382   633   792   499   657   299   103   304   563   635   573   684   528   494   567   525   614    97   453     0 
  347   408   209   126   272   134   264   442   562   619   140     0   532   646   210   355   708   258   243   162   264   206   844   211   325   212   179   589   275   334   534   839   405   430   337   335   191   801   232   498   132   398   794   165   219   384   206     0 
  298   351   378   304    66   150    21   158   348   414   171   408     0   431   138   437   489   216   194   368    94   274   710   277   490   110   243   486   254   498   660   564   524   234    53   198   462   611   485   560   404   377   569   428   489   101   318     0 
  279   249   522   668   469   490   420   369    79    51   452   536    78     0   536   438   139   337   348   556   349   418   316   416   562   394   426   178   334   564   610   399   520   172   378   254   777   213   821   459   651   295   221   755   710   355   456     0 
  258   291    52   383   452   317   415   563   545   580   264    24   509   614     0   133   673   244   254    99   349   157   707   155    69   316   183   458   222    78   275   881   149   431   467   334   356   721   419   260   195   253   757   360   204   502   109     0 
  183   190   159   480   480   369   433   550   463   487   307   149   428   522   478     0   577   224   244   215   347   176   578   171   129   332   213   335   188   129   224   812    93   370   467   289   482   607   544   143   322   144   657   481   338   492   153     0 
  415   387   657   775   550   598   508   410   146    93   569   672   176    62   626   577     0   464   472   689   454   550   318   548   701   503   554   291   467   703   742   289   658   278   452   375   898   145   938   591   780   433    87   873   843   417   590     0 
   99   162   210   356   266   192   215   329   323   372   135   234   290   402   285   224   464     0    25   230   124    92   588    92   298   119    90   336    38   304   447   643   314   197   243    94   442   545   489   344   316   172   551   422   382   269   139     0 
  123   185   216   336   242   169   191   313   329   381   114   242   296   410   260   244   472    25     0   230   103    98   607    99   311    95    86   356    62   318   468   640   333   199   224    97   429   558   474   367   310   196   559   408   379   252   146     0 
  280   329    56   285   382   239   354   518   551   596   197    76   517   628   344   215   689   230   230     0   306   139   763   141   163   263   145   508   222   173   373   870   248   426   415   324   267   755   329   352   109   302   775   266   154   455   101     0 
  204   259   306   322   151   144    97   215   307   369   126   334   281   393   194   347   454   124   103   306     0   193   641   195   410    52   167   405   161   417   571   578   435   178   121   112   453   561   487   466   364   283   538   424   444   153   239     0 
  148   205   119   323   309   194   266   407   412   457   131   144   378   489   302   176   550    92    98   139   193     0   644     5   217   164    37   388    84   224   391   735   254   288   312   186   374   621   427   314   234   192   636   360   293   345    48     0 
  498   439   715   943   776   770   724   684   390   329   721   717   394   336   835   578   318   588   607   763   641   644     0   640   704   677   666   257   570   701   650   586   624   477   690   532  1018   191  1071   513   871   461   319  1004   908   670   666     0 
  145   201   118   328   313   199   270   409   410   455   136   143   376   487   307   171   548    92    99   141   195     5   640     0   214   168    42   384    82   222   387   735   249   287   315   186   378   618   432   309   237   187   634   365   295   348    47     0 
  293   314   121   448   518   385   480   623   580   609   331    91   545   644   495   129   701   298   311   163   410   217   704   214     0   380   247   464   271     9   211   924    99   475   529   382   403   736   468   223   246   270   783   412   234   562   172     0 
  214   275   269   275   149    96   102   254   356   417    75   299   329   441   168   332   503   119    95   263    52   164   677   168   380     0   133   435   156   387   553   629   416   225   152   145   402   607   436   460   315   290   588   373   395   192   208     0 
  168   228   138   291   275   157   234   382   412   461    94   167   379   492   265   213   554    90    86   145   167    37   666    42   247   133     0   410    97   254   427   726   289   284   284   182   356   633   406   352   227   221   640   339   294   320    75     0 
  242   183   461   692   551   523   497   501   249   225   470   465   229   256   599   335   291   336   356   508   405   388   257   384   464   435   410     0   314   463   461   572   398   269   478   293   762   279   815   310   615   207   354   748   655   470   410     0 
   72   135   195   380   304   223   252   362   330   373   163   215   295   405   320   188   467    38    62   222   161    84   570    82   271   156    97   314     0   276   412   660   279   210   279   112   452   538   503   306   317   138   553   436   376   304   124     0 
  296   316   130   457   527   394   488   630   583   612   339   101   548   647   504   129   703   304   318   173   417   224   701   222     9   387   254   463   276     0   202   928    92   480   536   388   412   737   476   217   255   271   784   421   241   569   180     0 
  397   383   326   658   700   579   655   772   652   661   520   299   620   696   690   224   742   447   468   373   571   391   650   387   211   553   427   461   412   202     0  1003   138   580   691   509   607   737   672   152   454   335   814   620   426   715   357     0 
  632   625   853   867   605   708   585   420   351   349   704   875   385   316   690   812   289   643   640   870   578   735   586   735   924   629   726   572   660   928  1003     0   901   450   512   549  1024   395  1049   855   941   674   267   991  1017   465   781     0 
  276   277   195   530   563   442   518   641   551   570   382   172   516   605   552    93   658   314   333   248   435   254   624   249    99   416   289   398   279    92   138   901     0   463   556   382   500   676   565   125   341   228   735   507   333   583   219     0 
  187   200   404   500   299   321   249   234   132   192   290   425   104   217   364   370   278   197   199   426   178   288   477   287   475   225   284   269   210   480   580   450   463     0   214   102   620   384   659   444   509   246   364   595   578   202   333     0 
  313   360   421   355   100   203    74   105   316   383   220   450   301   396   182   467   452   243   224   415   121   312   690   315   529   152   284   478   279   536   691   512   556   214     0   204   516   579   537   582   456   392   529   481   540    47   358     0 
  114   156   303   417   261   240   206   267   231   284   198   326   199   313   306   289   375    94    97   324   112   186   532   186   382   145   182   293   112   388   509   549   382   102   204     0   524   467   566   386   407   190   462   501   475   214   232     0 
  522   579   323   182   436   316   441   617   752   808   331   335   722   836   357   482   898   442   429   267   453   374  1018   378   403   402   356   762   452   412   607  1024   500   620   516   524     0   987    65   615   161   561   984    41   186   563   355     0 
  475   431   715   881   675   703   628   549   264   197   665   725   282   186   746   607   145   545   558   755   561   621   191   618   736   607   633   279   538   737   737   395   676   384   579   467   987     0  1032   586   855   469   128   966   908   549   654     0 
  573   633   385   186   450   345   463   635   791   849   369   398   762   876   367   544   938   489   474   329   487   427  1071   432   468   436   406   815   503   476   672  1049   565   659   537   566    65  1032     0   678   224   617  1023    67   250   584   412     0 
  272   244   297   623   609   508   558   653   505   510   445   280   473   545   615   143   591   344   367   352   466   314   513   309   223   460   352   310   306   217   152   855   125   444   582   386   615   586   678     0   455   199   661   618   455   600   296     0 
  381   434   163   227   401   257   386   561   638   688   240   175   606   718   342   322   780   316   310   109   364   234   871   237   246   315   227   615   317   255   454   941   341   509   456   407   161   855   224   455     0   410   867   166    87   501   205     0 
   79    49   254   512   433   361   379   456   323   344   300   260   289   379   456   144   433   172   196   302   283   192   461   187   270   290   221   207   138   271   335   674   228   246   392   190   561   469   617   199   410     0   514   550   448   405   206     0 
  500   469   742   859   628   682   589   478   232   179   654   757   262   149   707   657    87   551   559   775   538   636   319   634   783   588   640   354   553   784   814   267   735   364   529   462   984   128  1023   661   867   514     0   959   929   492   675     0 
  506   566   322   142   398   284   407   581   727   784   304   338   697   811   318   481   873   422   408   266   424   360  1004   365   412   373   339   748   436   421   620   991   507   595   481   501    41   966    67   618   166   550   959     0   209   528   347     0 
  433   479   194   302   487   343   471   645   704   750   322   191   670   782   428   338   843   382   379   154   444   293   908   295   234   395   294   655   376   241   426  1017   333   578   540   475   186   908   250   455    87   448   929   209     0   584   255     0 
  328   369   458   402   142   250   122    62   287   354   263   487   277   365   227   492   417   269   252   455   153   345   670   348   562   192   320   470   304   569   715   465   583   202    47   214   563   549   584   600   501   405   492   528   584     0   392     0 
  179   229    71   329   348   223   308   454   454   496   163    96   419   529   333   153   590   139   146   101   239    48   666    47   172   208    75   410   124   180   357   781   219   333   358   232   355   654   412   296   205   206   675   347   255   392     0     0 
    0     0     0     0     0     0     0     0     0     0     0     0     0     0     0     0     0     0     0     0     0     0     0     0     0     0     0     0     0     0     0     0     0     0     0     0     0     0     0     0     0     0     0     0     0     0     0     0 
