DIMENSION: 47
N: 15
M: 15
K: 2

SERVICE: 
371 389 429 179 213 749 115 62 245 409 304 235 329 86 426 

DIST MATRIX: 
    0   423   438   306    43   187    75   148   395   462   225   468   381   475   125   573   302   493   143   434   510   245    40   204   140   559   273   459   155   316   520   302   580   150   523   672   501   140   139   251   320   766   742   536   404   113   200     0 
  443     0   537   855   798   721   744   796   570   545   659   522   547   574   821   687   679   500   939   835   370   859   786   715   847   267   790   473   716   649   727   666   879   962   947   374   752   881   715   972   505   265   499   679   515   754   951     0 
  432   399     0   763   769   663   719   813   645   640   600   406   616   674   771   533   734   602   901   715   460   782   775   745   794   247   705   561   730   563   585   720   985   939   817   528   615   831   724   906   473    73   664   791   426   760   896     0 
  552   611   361     0   441   331   451   625   774   832   352   375   745   858   359   264   733   841   445    68   775   244   511   650   350   646   215   787   595   287   194   728  1046   520    54   956   160   370   574   330   485   708  1072   956   393   573   371     0 
  357   420   263    96     0    91   214   390   541   601   127   291   514   626   144   331   494   615   269   182   570    97   278   411   150   500    29   565   356   123   270   488   807   337   288   751   247   185   335   224   285   639   856   719   260   336   228     0 
  460   397   646   912   782     0   727   722   442   394   693   642   434   412   829   835   566   345   923   931   273   898   748   632   857   365   845   347   652   719   857   555   688   927  1051   161   875   884   658   990   532   491   257   489   606   696   956     0 
  188   246   275   309   168   130     0   246   324   384   101   303   296   409   198   450   290   399   308   387   368   277   174   225   226   372   246   350   178   192   415   283   612   336   502   546   408   255   161   359   131   578   642   506   231   184   327     0 
  377   421   489   392   127   259   129     0   337   403   283   518   329   412   211   642   230   440   207   516   479   331    58   134   227   566   356   414    99   379   593   233   494   182   609   628   577   224    94   331   340   789   685   461   448    55   277     0 
  491   453   734   874   653   695   610   513     0   183   663   746   270   160   728   945   335   178   771   948   298   834   592   431   753   544   812   235   478   734   937   332   314   744  1066   225   941   767   494   881   543   768   159   135   680   521   832     0 
  730   696   972  1078   834   903   800   667   459     0   879   986   491   378   916  1182   508   418   932  1166   543  1030   766   603   939   790  1021   475   656   959  1170   510   292   889  1281   446  1171   946   676  1056   776  1009   323   275   918   693  1003     0 
  415   461   514   388   129   271   148    89   377   443     0   543   370   450   207   657   266   481   177   518   521   324    76   173   218   605   358   455   142   397   605   271   513   143   604   670   586   208   136   308   375   825   724   493   476    97   253     0 
  347   408   209   126   272   134   264   442   562   619   140     0   532   646   210   264   528   628   336   147   567   154   333   452   217   468    72   575   398    84   205   522   847   403   265   749   186   252   378   284   277   587   861   746   217   384   293     0 
  298   351   378   304    66   150    21   158   348   414   171   408     0   431   138   530   272   441   206   417   445   251    59   180   162   486   257   402   125   267   483   269   574   222   518   612   468   178   105   292   248   695   691   506   341   101   247     0 
  279   249   522   668   469   490   420   369    79    51   452   536    78     0   536   732   203    39   601   736   132   634   419   278   563   366   605    29   309   520   723   193   396   589   854   223   726   582   321   695   329   608   287   209   468   355   651     0 
  258   291    52   383   452   317   415   563   545   580   264    24   509   614     0   210   569   568   561   336   458   410   485   530   445   264   329   511   491   194   230   558   885   615   445   623   252   482   476   539   230   329   756   734    87   502   538     0 
  454   496   211   349   531   386   513   685   731   774   361   202   697   806   474     0   733   767   599   232   664   403   585   675   481   470   328   710   627   264    74   724  1056   668   300   832   108   515   609   528   408   465   964   922   264   624   548     0 
  330   340   538   573   327   403   293   179   124   184   391   561   134   185   408   733     0   228   436   672   313   523   261    97   432   489   520   220   149   481   704    13   323   409   781   425   698   440   168   552   340   735   461   235   486   188   501     0 
  313   279   556   707   506   529   458   399   105    49   491   569   113    74   574   767   228     0   636   774   143   672   454   309   601   387   644    57   343   558   759   219   384   622   893   197   763   619   356   733   366   625   249   190   503   389   688     0 
  495   552   509   271   142   245   198   265   536   603   304   540   523   615   135   599   436   636     0   413   651   206   182   340   120   678   272   602   295   371   535   439   687    76   473   815   508    85   280   139   436   866   884   668   488   250    83     0 
  485   544   298   142   391   271   396   572   709   766   287   314   679   793   312   232   672   774   413     0   708   207   459   592   308   582   161   720   537   219   159   666   988   487   121   889   124   333   516   313   417   655  1005   893   327   518   346     0 
  223   170   455   665   511   493   457   453   199   181   443   463   179   214   563   664   313   143   651   708     0   642   475   365   591   248   598   104   380   488   667   300   525   654   829   182   677   616   386   725   291   482   302   332   405   424   688     0 
  439   502   359    66   205   150   230   391   589   653   206   386   565   674   120   403   523   672   206   207   642     0   277   431   107   592    82   626   376   220   335   520   821   280   280   822   306   127   356   130   368   735   918   756   356   346   145     0 
  348   397   437   336    72   201    73   114   355   422   229   467   341   434   157   585   261   454   182   459   475   277     0   164   176   537   298   421   114   323   535   262   544   179   553   635   519   179    99   291   302   752   703   496   400    73   240     0 
  318   345   492   484   232   321   202    91   204   270   319   518   201   277   315   675    97   309   340   592   365   431   164     0   337   498   435   288    55   415   638    99   396   316   696   501   629   343    76   455   307   737   551   332   443    91   404     0 
  409   470   392   172   105   132   144   288   510   576   194   422   490   594    28   481   432   601   120   308   591   107   176   337     0   582   156   559   283   252   419   430   720   187   387   765   394    37   264   134   343   756   850   667   375   248   104     0 
  190   152   287   589   540   454   487   567   410   417   392   280   379   452   556   470   489   387   678   582   248   592   537   498   582     0   524   337   485   384   494   476   759   708   699   380   514   616   480   705   242   247   520   574   255   517   686     0 
  385   447   278    68   230   118   236   411   569   630   156   305   542   654   155   328   520   644   272   161   598    82   298   435   156   524     0   594   380   143   263   515   831   342   262   780   238   188   359   212   313   656   884   746   280   358   223     0 
  256   222   499   658   468   480   418   378    99    80   440   512    88   115   532   710   220    57   602   720   104   626   421   288   559   337   594     0   314   503   702   209   425   594   840   215   707   580   325   692   310   579   293   238   446   360   650     0 
  299   335   451   429   179   267   146    82   242   309   269   478   231   320   260   627   149   343   295   537   380   376   114    55   283   485   380   314     0   365   588   148   451   280   641   529   577   292    21   405   276   717   590   384   404    46   355     0 
  266   326   142   206   275   131   251   422   500   553    98   171   468   582   236   264   481   558   371   219   488   220   323   415   252   384   143   503   365     0   224   473   804   429   340   670   216   289   346   346   198   516   785   688   137   360   344     0 
  448   497   214   278   477   335   465   640   713   761   319   215   680   792   414    74   704   759   535   159   667   335   535   638   419   494   263   702   588   224     0   695  1027   605   235   841    35   451   569   457   394   520   969   904   262   580   480     0 
  318   326   527   569   326   397   290   184   114   176   383   550   122   179   407   724    13   219   439   666   300   520   262    99   430   476   515   209   148   473   695     0   332   413   776   415   690   440   167   552   328   722   455   237   475   189   502     0 
  634   625   857   878   616   717   596   432   351   345   712   879   385   312   702  1056   323   384   687   988   525   821   544   396   720   759   831   425   451   804  1027   332     0   633  1092   528  1020   718   472   821   656  1003   469   201   804   476   765     0 
  520   573   564   346   170   299   221   231   519   585   352   594   511   592   195   668   409   622    76   487   654   280   179   316   187   708   342   594   280   429   605   413   633     0   549   809   580   155   270   210   467   909   867   633   537   234   156     0 
  606   665   413   217   482   379   496   667   825   883   403   425   796   910   398   300   781   893   473   121   829   280   553   696   387   699   262   840   641   340   235   776  1092   549     0  1010   202   404   620   350   538   753  1125  1006   446   617   396     0 
  404   347   627   846   678   673   626   591   300   244   624   631   300   257   737   832   425   197   815   889   182   822   635   501   765   380   780   215   529   670   841   415   528   809  1010     0   853   788   539   899   472   571   141   329   580   575   859     0 
  456   507   229   247   458   318   449   626   713   763   309   235   681   794   391   108   698   763   508   124   677   306   519   629   394   514   238   707   577   216    35   690  1020   580   202   853     0   425   557   426   398   551   978   903   274   567   451     0 
  441   501   430   193   114   169   162   286   525   592   231   460   507   608    60   515   440   619    85   333   616   127   179   343    37   616   188   580   292   289   451   440   718   155   404   788   425     0   273   114   376   793   869   675   412   252    72     0 
  292   331   435   408   160   246   126    90   256   323   249   463   243   336   240   609   168   356   280   516   386   356    99    76   264   480   359   325    21   346   569   167   472   270   620   539   557   273     0   387   264   709   604   403   389    39   338     0 
  539   601   487   179   228   251   275   392   639   706   314   515   621   722   162   528   552   733   139   313   725   130   291   455   134   705   212   692   405   346   457   552   821   210   350   899   426   114   387     0   471   862   982   787   480   364    56     0 
   72   135   202   381   298   221   246   354   323   367   162   222   289   399   316   408   340   366   436   417   291   368   302   307   343   242   313   310   276   198   394   328   656   467   538   472   398   376   264   471     0   450   588   514   148   296   447     0 
  419   396   378   712   739   624   691   799   657   659   563   353   625   693   734   465   735   625   866   655   482   735   752   737   756   247   656   579   717   516   520   722  1003   909   753   571   551   793   709   862   450     0   710   814   382   744   855     0 
  524   472   757   950   756   772   707   639   348   282   729   763   362   276   823   964   461   249   884  1005   302   918   703   551   850   520   884   293   590   785   969   455   469   867  1125   141   978   869   604   982   588   710     0   292   707   636   938     0 
  476   454   714   803   563   628   526   404   191   159   606   731   225   123   643   922   235   190   668   893   332   756   496   332   667   574   746   238   384   688   904   237   201   633  1006   329   903   675   403   787   514   814   292     0   660   423   736     0 
  189   235    54   342   371   243   331   476   469   510   185    75   435   543   354   264   486   503   488   327   405   356   400   443   375   255   280   446   404   137   262   475   804   537   446   580   274   412   389   480   148   382   707   660     0   415   473     0 
  328   369   458   402   142   250   122    62   287   354   263   487   277   365   227   624   188   389   250   518   424   346    73    91   248   517   358   360    46   360   580   189   476   234   617   575   567   252    39   364   296   744   636   423   415     0   313     0 
  512   573   486   205   182   234   233   338   592   659   297   515   576   674   131   548   501   688    83   346   688   145   240   404   104   686   223   650   355   344   480   502   765   156   396   859   451    72   338    56   447   855   938   736   473   313     0     0 
    0     0     0     0     0     0     0     0     0     0     0     0     0     0     0     0     0     0     0     0     0     0     0     0     0     0     0     0     0     0     0     0     0     0     0     0     0     0     0     0     0     0     0     0     0     0     0     0 
