DIMENSION: 47
N: 15
M: 15
K: 2

SERVICE: 
318 231 131 268 316 143 335 279 175 130 185 104 300 207 356 

DIST MATRIX: 
    0   107   344   338   247   223   118   192   544   698   234   471   188   449   313    84   361   348   632   423   348   656   350   383   355   620   462   500   277   297    89   350    32   654   177   357   610   273   377    49   502   264   816   268   292   474   128     0 
  366     0   444   446   351   310   229   325   665   718   307   604   308   592   422   227   405   384   716   339   329   711   350   457   342   678   530   630   263   274   215   323   153   741   170   286   728   311   469    96   570   261   950   305   223   394   212     0 
  486   245     0   418    42    72   271   254   335   864   105   283   287   350   396   178   527   521   723   639   553   788   546   513   557   750   591   495   484   506   127   325   189   740   389   572   629   454   480   257   628   468   763   450   508   690   123     0 
  462   406   507     0   484   525   415   312   471   703   558   358   338   138   276   417   475   493   416   784   615   553   577   386   607   520   416    94   582   604   465   773   503   418   554   715   220   483   319   541   429   560   319   485   674   814   526     0 
  490   340   326   322     0   364   358   260   301   806   396   186   302    58   315   319   518   527   564   767   622   679   594   452   619   643   508   261   571   596   343   617   396   572   513   695   399   491   391   450   533   550   475   491   643   807   389     0 
  571   337    60   475    90     0   363   324   230   942   167   195   363   324   456   274   610   608   770   745   651   852   641   584   655   814   658   508   584   607   233   380   295   784   492   677   646   545   542   364   692   566   740   542   614   795   226     0 
  332   353   653   491   557   522     0   437   862   592   521   787   402   729   474   386   354   328   688   127   207   636   249   441   223   609   495   702   181   170   406   520   342   715   183    96   768   283   482   274   528   197  1028   278    73   181   421     0 
  516   354   301   353   300   350   373     0   267   838   382   152   322    81   345   327   545   553   598   785   644   712   618   482   642   676   539   294   591   615   343   604   399   606   528   713   431   514   422   457   565   570   496   514   659   826   384     0 
  851   620   252   737   349   383   646   600     0  1217   388   278   642   497   722   556   890   889  1015  1018   933  1114   923   856   937  1076   926   717   865   888   508   520   567  1025   770   953   854   827   807   634   958   848   864   824   888  1069   483     0 
  421   659  1034   563   944   935   634   672  1162     0   951  1054   630   885   571   727   382   384   459   452   384   303   371   433   372   316   386   716   452   439   791  1035   751   478   555   458   674   451   496   703   373   460   956   455   505   416   846     0 
  723   486   216   686   235   211   508   520   419  1105     0   443   545   594   664   419   766   755   993   784   751  1047   757   770   760  1010   849   764   680   697   346   188   377  1011   576   729   900   681   745   426   888   669  1011   677   665   838   283     0 
  718   504   203   584   281   331   529   464    38  1069   350     0   509   324   571   448   754   756   849   927   819   956   803   708   821   919   774   545   756   779   419   541   483   858   670   858   681   702   655   551   803   736   696   700   796   976   418     0 
  365   379   577   179   532   564   379   291   582   572   596   467     0   251   197   410   370   391   287   700   523   421   481   274   513   388   291    42   502   522   473   797   496   293   495   634   134   398   209   518   300   481   358   401   603   724   541     0 
  316   176   358   175   299   325   189    85   439   657   356   330   124     0   159   182   347   354   469   591   443   553   416   296   440   515   363   248   393   417   236   557   268   484   340   519   375   313   245   306   395   371   553   312   469   629   302     0 
  435   562   820   332   768   793   553   493   828   442   823   714   483   495     0   612   414   441   109   755   576   266   530   326   561   252   277   272   586   599   683  1008   689    90   622   703   149   487   300   693   252   570   395   493   694   761   754     0 
  310    69   309   282   217   213    93   121   484   691   234   401   131   365   257     0   352   345   585   480   377   629   368   352   381   591   431   424   310   333    74   397    87   606   221   410   541   276   332   131   470   292   735   272   349   528   144     0 
   43   284   654   209   567   564   260   290   782   339   584   677   248   528   207   352     0    27   334   345   163   306   118    99   151   273   140   410   175   185   422   705   392   361   237   289   437    94   161   360   175   162   717   100   281   360   484     0 
   38   276   650   225   561   556   252   292   786   350   574   682   248   540   221   345    27     0   361   319   137   328    92   124   125   296   167   431   148   158   412   688   379   388   215   262   462    76   182   344   201   137   741    81   254   335   472     0 
  362   528   827   307   763   782   514   474   865   335   810   750   454   538   330   585   334   361     0   665   489   160   444   260   474   143   194   321   509   519   659   979   656    27   558   618   230   417   255   649   161   496   500   423   615   667   730     0 
  337   435   766   523   669   637   413   507   963   510   640   880   466   797   510   480   345   319   665     0   182   584   227   443   195   564   478   736   202   180   512   647   451   692   260    72   781   303   497   384   505   224  1055   300   131    54   537     0 
  157   316   684   348   589   571   290   366   852   396   582   757   322   643   338   377   163   137   489   182     0   428    46   261    16   402   299   560    71    56   429   652   380   516   174   128   599   133   316   325   328    85   876   132   139   201   475     0 
  346   564   904   378   829   838   544   534   977   176   862   862   503   663   396   629   306   328   160   584   428     0   388   277   412    38   198   460   468   471   703  1005   685   176   543   551   387   400   310   662   160   461   659   406   566   575   770     0 
  116   303   677   309   584   570   278   343   835   369   583   737   299   613   301   368   118    92   444   227    46   388     0   216    33   361   253   520    87    84   426   668   382   471   185   174   555   104   273   333   283    90   833   104   178   244   477     0 
  110   287   634   131   555   562   268   261   734   361   585   623   227   454   138   352    99   124   260   443   261   277   216     0   249   240    80   315   261   275   426   733   410   285   299   384   339   161    67   394   119   244   619   166   368   459   494     0 
  148   318   689   340   594   577   293   365   853   381   589   757   320   639   331   381   151   125   474   195    16   412    33   249     0   387   284   551    80    68   435   663   387   501   184   143   587   128   306   334   313    91   865   128   155   211   483     0 
  312   527   866   340   792   800   507   496   940   194   825   826   465   628   358   591   273   296   143   564   402    38   361   240   387     0   160   428   439   443   665   969   648   163   510   528   364   367   272   627   122   431   641   373   539   557   733     0 
  169   367   709   190   632   640   348   337   797   298   664   685   305   502   204   431   140   167   194   478   299   198   253    80   284   160     0   333   315   325   505   812   489   221   368   427   323   225   119   472    40   301   610   231   421   486   573     0 
  404   399   567   214   530   565   401   308   557   613   597   442   322   223   229   424   410   431   321   736   560   460   520   315   551   428   333     0   537   558   483   804   511   324   525   670   139   434   250   538   342   516   326   437   636   761   550     0 
  151   252   615   323   520   500   227   312   789   456   511   698   269   598   309   310   175   148   509   202    71   468    87   261    80   439   315   537     0    24   360   584   309   535   104   133   592   105   305   254   349    22   859   101   108   236   404     0 
  166   276   637   344   541   520   251   336   813   449   531   722   293   622   330   333   185   158   519   180    56   471    84   275    68   443   325   558    24     0   381   596   329   545   122   112   609   124   323   272   358    46   879   121    97   213   424     0 
  379   140   257   354   160   144   162   189   456   761   162   389   205   394   330    74   422   412   659   512   429   703   426   426   435   665   505   483   360   381     0   326    64   679   262   445   605   341   406   132   544   345   784   336   381   562    71     0 
  663   451   342   678   305   254   466   516   577  1033   222   573   527   675   654   397   705   688   979   647   652  1005   668   733   663   969   812   804   584   596   326     0   324  1001   484   603   930   613   724   345   852   578  1087   607   543   701   256     0 
  349   128   315   358   218   192   142   204   520   729   202   452   206   445   333    87   392   379   656   451   380   685   382   410   387   648   489   511   309   329    64   324     0   677   208   385   625   305   400    68   529   296   821   300   321   502    96     0 
  389   550   842   326   780   800   537   493   874   352   828   758   475   544   349   606   361   388    27   692   516   176   471   285   501   163   221   324   535   545   679  1001   677     0   584   645   223   443   277   672   188   522   484   449   642   693   750     0 
  200   175   519   319   422   400   154   255   705   550   409   620   219   547   299   221   237   215   558   260   174   543   185   299   184   510   368   525   104   122   262   484   208   584     0   189   602   144   324   151   406    95   851   138   131   306   302     0 
  276   363   700   456   603   574   341   435   894   498   578   809   395   725   442   410   289   262   618    72   128   551   174   384   143   528   427   670   133   112   445   603   385   645   189     0   720   237   434   319   457   155   991   233    65   118   474     0 
  444   504   706   285   666   698   501   420   690   558   730   577   424   357   307   541   437   462   230   781   599   387   555   339   587   364   323   139   592   609   605   930   625   223   602   720     0   487   287   642   315   573   288   491   697   797   674     0 
   56   209   584   220   493   485   183   240   733   425   502   634   195   511   207   276    94    76   417   303   133   400   104   161   128   367   225   434   105   124   341   613   305   443   144   237   487     0   200   268   263    86   754     6   211   331   399     0 
  159   273   595    71   522   534   259   226   679   416   560   566   201   389    86   332   161   182   255   497   316   310   273    67   306   272   119   250   305   323   406   724   400   277   324   434   287   200     0   396   151   286   559   205   411   517   476     0 
  318   139   382   364   285   255   142   231   588   691   261   519   219   496   340   131   360   344   649   384   325   662   333   394   334   627   472   538   254   272   132   345    68   672   151   319   642   268   396     0   512   244   856   263   254   436   155     0 
  207   406   745   220   669   678   388   373   826   276   703   712   343   523   237   470   175   201   161   505   328   160   283   119   313   122    40   342   349   358   544   852   529   188   406   457   315   263   151   512     0   337   603   269   455   509   613     0 
  135   233   599   302   504   486   208   291   770   457   498   677   247   576   287   292   162   137   496   224    85   461    90   244    91   431   301   516    22    46   345   578   296   522    95   155   573    86   286   244   337     0   838    81   125   258   391     0 
  718   719   797   537   790   836   724   626   689   835   868   599   645   417   554   735   717   741   500  1055   876   659   833   619   865   641   610   326   859   879   784  1087   821   484   851   991   288   754   559   856   603   838     0   758   960  1076   844     0 
   62   205   581   223   489   480   180   239   731   430   497   632   194   512   210   272   100    81   423   300   132   406   104   166   128   373   231   437   101   121   336   607   300   449   138   233   491     6   205   263   269    81   758     0   206   328   394     0 
  259   306   636   423   539   509   285   384   832   531   513   750   345   675   407   349   281   254   615   131   139   566   178   368   155   539   421   636   108    97   381   543   321   642   131    65   697   211   411   254   455   125   960   206     0   181   409     0 
  358   479   817   549   720   690   456   547  1011   485   693   926   505   834   538   528   360   335   667    54   201   575   244   459   211   557   486   761   236   213   562   701   502   693   306   118   797   331   517   436   509   258  1076   328   181     0   589     0 
  441   207   233   425   139   101   227   260   456   822   107   405   275   444   401   144   484   472   730   537   475   770   477   494   483   733   573   550   404   424    71   256    96   750   302   474   674   399   476   155   613   391   844   394   409   589     0     0 
    0     0     0     0     0     0     0     0     0     0     0     0     0     0     0     0     0     0     0     0     0     0     0     0     0     0     0     0     0     0     0     0     0     0     0     0     0     0     0     0     0     0     0     0     0     0     0     0 
