DIMENSION: 37
N: 15
M: 10
K: 2

SERVICE: 
371 389 429 179 213 749 115 62 245 409 304 235 329 86 426 

DIST MATRIX: 
    0   423   438   306    43   187    75   148   395   462   225   468   381   475   125   327   700   444   230   282   628   257   810   566   533   605   518   449   116   364   735   154   818   774   777   113   283     0 
  443     0   537   855   798   721   744   796   570   545   659   522   547   574   821   855   502   718   690   663   636   722   644   508   731   959   626   661   882   633   826   674   779   622   662   754   614     0 
  432   399     0   763   769   663   719   813   645   640   600   406   616   674   771   759   659   808   725   712   771   766   812   632   839   814   736   754   882   704   966   678   937   784   823   760   657     0 
  552   611   361     0   441   331   451   625   774   832   352   375   745   858   359   157  1037   885   663   705  1024   707  1181   917   969   122   921   869   589   775  1172   550  1230  1143  1160   573   675     0 
  357   420   263    96     0    91   214   390   541   601   127   291   514   626   144   106   818   645   424   466   792   467   955   693   730   360   686   631   370   537   934   310   996   918   931   336   438     0 
  460   397   646   912   782     0   727   722   442   394   693   642   434   412   829   919   270   555   602   561   422   619   398   320   543  1082   443   499   822   505   599   629   537   378   420   696   526     0 
  188   246   275   309   168   130     0   246   324   384   101   303   296   409   198   322   604   439   228   260   574   277   738   476   521   567   470   419   286   325   723   118   779   700   713   184   225     0 
  377   421   489   392   127   259   129     0   337   403   283   518   329   412   211   413   642   365   164   216   557   180   742   509   453   690   448   375    75   297   654   133   741   707   706    55   230     0 
  491   453   734   874   653   695   610   513     0   183   663   746   270   160   728   888   123   234   404   351    41   388   177   111   181  1124   120   197   616   269   232   493   226   141   147   521   356     0 
  730   696   972  1078   834   903   800   667   459     0   879   986   491   378   916  1094   316   362   581   533   219   549   196   356   273  1345   311   363   759   457    85   688    54   205   162   693   556     0 
  415   461   514   388   129   271   148    89   377   443     0   543   370   450   207   409   682   395   203   254   592   214   777   548   482   688   483   409    37   334   680   174   772   743   741    97   272     0 
  347   408   209   126   272   134   264   442   562   619   140     0   532   646   210   123   826   679   461   499   812   508   968   705   761   326   709   660   431   566   963   347  1018   931   947   384   466     0 
  298   351   378   304    66   150    21   158   348   414   171   408     0   431   138   323   650   422   199   247   591   237   768   516   509   594   481   417   172   327   714    98   787   731   737   101   236     0 
  279   249   522   668   469   490   420   369    79    51   452   536    78     0   536   682   246   221   248   201   233   257   379   116   252   911   155   164   472   142   415   306   439   342   358   355   177     0 
  258   291    52   383   452   317   415   563   545   580   264    24   509   614     0   377   729   699   524   539   767   574   887   635   765   460   685   661   597   577   948   430   970   851   877   502   488     0 
  459   522   330    22   286   193   302   471   644   706   232   354   618   729   203     0   924   742   519   564   895   560  1060   798   828   278   788   731   432   638  1032   407  1098  1022  1035   422   539     0 
  492   442   728   912   714   734   666   596   306   239   692   735   321   233   782   924     0   344   479   427   162   474   160   134   303  1141   224   298   701   349   330   551   278   128   164   593   417     0 
  447   439   673   724   474   554   443   306   166   173   540   694   199   146   557   742   344     0   223   180   211   188   397   238    88  1003   120    58   403   123   292   335   377   366   356   332   218     0 
  303   325   488   501   254   333   220   121   174   240   326   513   170   248   335   519   479   223     0    53   399    50   581   345   310   783   288   220   225   134   515   114   590   545   547   117    77     0 
  303   315   508   546   305   375   268   170   125   189   361   531   127   196   385   564   427   180    53     0   346    59   528   294   265   823   236   170   275    82   469   156   540   492   495   170    55     0 
  512   478   754   879   651   702   610   503   251   194   672   768   280   166   728   895   162   211   399   346     0   378   187   141   148  1136   110   183   605   265   196   495   207   155   149   516   357     0 
  349   367   539   541   287   377   259   125   179   239   374   564   185   240   370   560   474   188    50    59   378     0   563   342   276   827   269   195   229   125   479   161   562   529   527   145   109     0 
  643   597   883  1046   830   867   786   688   420   356   832   892   443   336   904  1060   160   397   581   528   187   563     0   264   325  1288   294   370   791   446   246   670   146    37    47   698   532     0 
  384   344   626   785   581   606   533   463   172   105   568   638   187   104   650   798   134   238   345   294   141   342   264     0   226  1025   124   184   568   218   336   418   336   226   245   459   283     0 
  509   492   743   810   562   639   530   394   221   201   622   762   256   166   645   828   303    88   310   265   148   276   325   226     0  1087   105   105   488   197   205   421   290   298   282   420   297     0 
  651   706   437   300   563   450   573   747   888   943   466   443   857   971   481   278  1141  1003   783   823  1136   827  1288  1025  1087     0  1035   986   710   892  1289   669  1343  1251  1269   694   791     0 
  427   402   667   772   541   595   501   394   148   106   569   683   180    71   619   788   224   120   288   236   110   269   294   124   105  1035     0    77   497   155   264   385   310   260   259   405   249     0 
  406   392   638   714   474   540   438   320   118   116   520   657   153    88   554   731   298    58   220   170   183   195   370   184   105   986    77     0   421    94   303   325   370   336   332   335   194     0 
  451   496   549   410   159   304   183   105   399   464   339   579   395   468   231   432   701   403   225   275   605   229   791   568   488   710   497   421     0   352   683   208   779   757   754   129   297     0 
  325   322   551   621   386   446   347   247    64   116   426   571    88   116   464   638   349   123   134    82   265   125   446   218   197   892   155    94   352     0   398   232   461   410   413   252   100     0 
  691   663   931  1015   766   843   735   593   409   368   823   947   443   334   849  1032   330   292   515   469   196   479   246   336   205  1289   264   303   683   398     0   625   128   242   203   624   498     0 
  246   288   390   390   163   219   116   138   250   316   213   417   231   333   234   407   551   335   114   156   495   161   670   418   421   669   385   325   208   232   625     0   693   633   640    82   138     0 
  717   680   959  1082   844   905   808   683   456   401   878   972   486   372   925  1098   278   377   590   540   207   562   146   336   290  1343   310   370   779   461   128   693     0   159   117   705   559     0 
  607   561   846  1009   793   830   749   654   383   318   794   856   406   300   867  1022   128   366   545   492   155   529    37   226   298  1251   260   336   757   410   242   633   159     0    42   662   495     0 
  629   586   871  1021   798   842   756   652   392   329   809   881   417   307   874  1035   164   356   547   495   149   527    47   245   282  1269   259   332   754   413   203   640   117    42     0   664   502     0 
  328   369   458   402   142   250   122    62   287   354   263   487   277   365   227   422   593   332   117   170   516   145   698   459   420   694   405   335   129   252   624    82   705   662   664     0   178     0 
  248   260   459   523   299   347   254   196   113   179   326   481    99   196   372   539   417   218    77    55   357   109   532   283   297   791   249   194   297   100   498   138   559   495   502   178     0     0 
    0     0     0     0     0     0     0     0     0     0     0     0     0     0     0     0     0     0     0     0     0     0     0     0     0     0     0     0     0     0     0     0     0     0     0     0     0     0 
