DIMENSION: 37
N: 15
M: 10
K: 2

SERVICE: 
74 705 379 27 260 128 387 104 67 334 122 301 326 101 97 

DIST MATRIX: 
    0   422   412   659   512   429   703   426   426   435   665   505   483   360   381   437   522   139   415   563   635   529   476   156   457   433   654   288   145   495   137   526   236    93   515    71   323     0 
  397     0   688   979   647   652  1005   668   733   663   969   812   804   584   596   698   748   332   689   720   840   607   624   361   613   668   980   428   465   741   459   595   526   284   757   256    20     0 
   87   392     0   656   451   380   685   382   410   387   648   489   511   309   329   491   474   201   467   505   584   465   540   219   397   492   671   351   183   452   143   462   207   146   471    96   325     0 
  606   361   388     0   692   516   176   471   285   501   163   221   324   535   545   598   491   742   563   657   553   792   839   729   650   665   197   798   562   441   543   806   489   750   445   750  1000     0 
  221   237   215   558     0   174   543   185   299   184   510   368   525   104   122   606   271   399   574   303   377   305   714   412   202   628   638   543   299   257   214   309   123   353   275   302   491     0 
  410   289   262   618    72     0   551   174   384   143   528   427   670   133   112   787   186   583   753   121   244   149   904   598    12   813   745   730   487   216   401   162   290   531   220   474   615     0 
  541   437   462   230   781   599     0   555   339   587   364   323   139   592   609   401   609   628   370   767   699   869   648   608   728   469    54   647   465   552   482   879   484   654   564   674   925     0 
  276    94    76   417   303   133   400     0   161   128   367   225   434   105   124   576   199   462   539   310   318   383   730   467   246   612   516   588   312   160   235   393   107   432   180   399   618     0 
  332   161   182   255   497   316   310   273     0   306   272   119   250   305   323   455   342   484   416   490   448   582   660   476   443   508   316   568   303   286   269   593   216   482   302   476   724     0 
  131   360   344   649   384   325   662   333   394     0   627   472   538   254   272   546   421   269   520   440   527   397   607   288   331   552   686   419   231   405   169   395   185   212   423   155   349     0 
  470   175   201   161   505   328   160   283   119   313     0    40   342   349   358   587   309   632   548   475   387   604   804   625   462   645   320   719   452   256   410   618   327   626   263   613   854     0 
  292   162   137   496   224    85   461    90   244    91   431     0   516    22    46   639   178   478   603   244   290   298   773   487   165   669   601   614   352   163   267   308   143   437   180   391   586     0 
  735   717   741   500  1055   876   659   833   619   865   641   610     0   859   879   416   893   758   410  1048   987  1137   632   731  1000   473   291   717   640   837   687  1146   729   804   850   844  1078     0 
  272   100    81   423   300   132   406   104   166   128   373   231   437     0   121   577   201   459   540   308   320   379   729   463   243   612   520   585   310   163   232   389   103   428   183   394   612     0 
  349   281   254   615   131   139   566   178   368   155   539   421   636   108     0   736   221   520   703   186   298   179   843   535    77   759   727   667   430   236   345   186   243   467   246   409   554     0 
  416   594   606   594   859   708   723   678   520   704   689   567   274   661   685     0   768   367    39   882   884   911   248   338   799    69   451   302   317   718   396   914   498   425   737   480   686     0 
  465   182   164   464   210    97   375    98   277    87   355   289   592   167   152   768     0   652   730   166   119   315   930   659   185   808   623   784   511    56   431   332   302   614    46   570   757     0 
  187   534   529   725   651   563   793   555   519   567   755   596   493   494   516   367   652     0   357   701   767   664   349    30   596   344   680   152   182   621   232   661   356    67   641   135   321     0 
  389   555   568   558   825   672   685   641   481   667   651   527   240   626   649    39   730   357     0   846   846   878   279   328   764   102   422   309   289   680   365   882   463   412   698   463   678     0 
  524   331   307   631    78   177   536   217   430   185   519   452   736   222   198   882   166   701   846     0   157   173  1014   715   110   913   785   846   593   219   508   191   387   651   212   594   733     0 
  581   292   278   528   230   205   409   216   381   200   400   376   696   275   255   884   119   767   846   157     0   329  1049   775   237   926   707   901   630   167   549   347   420   727   148   679   851     0 
  511   439   412   765   106   277   690   323   533   291   669   575   814   278   260   911   315   664   878   173   329     0  1002   684   143   930   895   815   600   356   516    18   421   604   356   539   622     0 
  494   773   779   833   974   853   951   833   718   854   915   777   519   794   818   248   930   349   279  1014  1049  1002     0   324   916   179   700   205   422   887   506  1001   632   416   907   484   607     0 
  195   535   531   713   666   571   785   562   514   575   747   589   471   504   527   338   659    30   328   715   775   684   324     0   611   314   660   132   174   626   233   682   360    95   646   162   349     0 
  423   296   269   623    60   134   554   180   391   148   530   432   680   143   122   799   185   596   764   110   237   143   916   611     0   825   753   742   499   218   413   156   301   543   221   486   625     0 
  424   639   649   660   885   743   785   715   571   740   750   622   341   691   715    69   808   344   102   913   926   930   179   314   825     0   520   255   330   760   414   932   526   407   779   467   655     0 
  588   458   484   210   804   622   370   576   361   609   350   334   193   620   636   451   623   680   422   785   707   895   700   660   753   520     0   701   516   568   528   906   522   705   578   723   975     0 
  323   648   648   786   798   698   877   686   615   701   839   686   508   633   656   302   784   152   309   846   901   815   205   132   742   255   701     0   279   747   353   813   482   216   768   284   412     0 
  100   369   369   544   559   432   612   414   341   433   574   416   340   372   396   317   511   182   289   593   630   600   422   174   499   330   516   279     0   471    86   602   211   191   492   210   460     0 
  434   127   112   414   253    98   336    72   221    83   313   234   536   158   150   718    56   621   680   219   167   356   887   626   218   760   568   747   471     0   394   371   266   588    20   548   748     0 
   63   302   298   523   473   349   569   333   292   350   532   371   371   287   311   396   431   232   365   508   549   516   506   233   413   414   528   353    86   394     0   519   129   216   415   207   458     0 
  511   451   424   779   123   290   705   336   545   305   684   588   822   288   270   914   332   661   882   191   347    18  1001   682   156   932   906   813   602   371   519     0   427   601   372   535   611     0 
  169   186   176   465   362   221   479   204   209   222   443   287   403   165   189   498   302   356   463   387   420   421   632   360   301   526   522   482   211   266   129   427     0   327   286   298   529     0 
  159   511   503   731   596   522   785   519   509   528   748   587   524   452   473   425   614    67   412   651   727   604   416    95   543   407   705   216   191   588   216   601   327     0   607    68   275     0 
  454   144   131   419   252   110   333    90   236    96   312   244   551   174   164   737    46   641   698   212   148   356   907   646   221   779   578   768   492    20   415   372   286   607     0   567   765     0 
  144   484   472   730   537   475   770   477   494   483   733   573   550   404   424   480   570   135   463   594   679   539   484   162   486   467   723   284   210   548   207   535   298    68   567     0   253     0 
  395   709   693   979   660   661  1008   676   735   672   972   814   798   592   605   686   757   321   678   733   851   622   607   349   625   655   975   412   460   748   458   611   529   275   765   253     0     0 
    0     0     0     0     0     0     0     0     0     0     0     0     0     0     0     0     0     0     0     0     0     0     0     0     0     0     0     0     0     0     0     0     0     0     0     0     0     0 
