DIMENSION: 37
N: 15
M: 10
K: 2

SERVICE: 
196 443 380 481 396 120 81 250 209 183 268 188 471 321 490 

DIST MATRIX: 
    0   379   392   510   199   359   458   328   431   585   827   418   114   395   532    79   361   913   522   724   334   320   762   400    74   557   629   727   432   813   246   348   632   413    93   468   638     0 
  807     0   569   262   832   974   769   495   487    54   331   785   679   763   359   559   333   279   735   361   326   350   365   283   600   433   266   209   861   412   464   643   377   249   711   602   351     0 
  489   250     0   260   513   662   555   263   342   268   551   549   370   524   334   238   149   598   562   485    97   116   515   147   281   374   372   436   608   570   198   397   422   130   390   424   415     0 
  664   203   692     0   749   914   870   270   642   290   652   862   644   837   582   489   442   542   874   658   399   423   671   413   491   111   547   528   917   723   512   394   640   374   592   307   621     0 
  254   254   649   656     0   559   740   189   662   622   948   702   396   679   715   287   521   946   798   882   475   476   913   538   222   400   770   829   714   968   463    84   810   528   241   227   808     0 
  195   638   562   772    94     0   518   576   635   873  1088   458   263   448   771   368   628  1199   615   970   612   593  1010   673   343   814   888   998   414  1057   496   532   868   692   238   674   881     0 
  596   808   277   596   448   418     0   776   368   807   846    67   368    92   529   497   520  1062   172   697   546   519   739   566   547   971   669   807    82   767   418   826   591   606   537   935   617     0 
  432   253   359   295   454   604   521     0   336   327   598   510   313   485   356   179   162   656   538   521   113   119   554   177   224   398   412   487   564   608   164   370   449   172   333   418   446     0 
  765   794   199   402   656   688   240   788     0   642   571   299   510   297   304   563   408   826   140   420   456   435   458   436   632   922   429   563   382   476   392   886   326   477   676   957   355     0 
  577   227   480   282   620   774   664   268   428     0   520   662   484   638   377   344   228   513   662   486   186   212   509   200   374   295   370   396   724   563   311   416   448   162   485   402   433     0 
 1127   759   798   486  1139  1271   992   815   705   378     0  1022   978  1004   543   873   612    65   931   409   622   642   379   565   919   710   403   265  1107   388   749   961   497   542  1029   905   467     0 
  477   569   100   373   381   450   194   546   178   562   663     0   224   164   334   287   272   840   226   528   294   267   570   320   352   725   468   599   258   611   165   621   421   358   388   712   439     0 
  680   522   253    68   641   748   451   537   163   305   356   477     0   458    59   419   137   533   407   240   185   182   279   129   486   616   157   285   560   330   241   667   153   160   576   698   155     0 
  217   566   416   631    69   176   392   512   487   749   945   336   122     0   626   258   490  1069   483   824   479   458   865   537   258   744   745   859   313   911   355   506   721   560   188   639   735     0 
  646   821   251   565   504   485    60   794   335   786   798   101   407   120     0   522   505  1026   110   648   537   511   688   548   578   979   629   767   151   714   418   856   544   590   580   957   571     0 
  264   325   363   439   276   432   463   283   386   506   755   431   157   407   470     0   290   835   513   658   260   248   695   326    71   500   559   652   461   747   190   335   570   337   161   438   574     0 
  554   399   257   149   534   659   449   407   200   291   466   457   368   434   194   290     0   585   437   370    52    45   406    50   354   514   269   370   530   459   137   532   290    87   450   572   289     0 
 1085   704   786   469  1105  1242   983   762   694   332   294  1010   947   990   536   835   585     0   928   423   590   612   398   536   878   649   399   262  1093   415   722   907   501   510   988   847   471     0 
  678   787   182   476   552   562   104   769   248   706   692   166   426   169   392   513   437   928     0   541   476   451   581   476   577   934   529   667   244   605   375   847   439   518   599   936   466     0 
  920   711   443   226   878   975   616   741   351   374   152   658   708   644   198   658   370   423   541     0   410   414    42   344   724   762   116   176   746    89   481   881   108   355   816   888    89     0 
  524   347   294   185   517   652   480   356   247   279   496   482   357   458   243   260    52   590   476   410     0    27   444    67   319   467   304   392   550   498   140   483   336    81   420   520   333     0 
  512   363   269   192   499   630   453   367   226   304   507   455   336   431   239   248    45   612   451   414    27     0   450    80   310   488   311   407   523   503   114   489   334   103   408   533   334     0 
  958   735   486   259   919  1017   658   767   394   383   115   700   748   686   240   695   406   398   581    42   444   450     0   377   760   777   143   166   788    55   521   909   151   385   854   911   131     0 
  590   393   298   118   578   707   494   409   232   242   429   504   414   482   188   326    50   536   476   344    67    80   377     0   386   493   236   327   578   432   186   542   275    42   487   569   270     0 
  208   308   432   502   258   424   520   255   457   546   815   483   186   460   538    71   354   878   577   724   319   310   760   386     0   486   622   708   503   813   261   279   638   392   111   395   641     0 
  633   178   753   574   739   907   919   237   714   398   762   904   657   879   672   500   514   649   934   762   467   488   777   493   486     0   649   637   950   830   562   327   737   457   577   215   720     0 
  823   595   398   120   795   905   589   625   304   269   201   622   625   604   140   559   269   399   529   116   304   311   143   236   622   649     0   138   707   198   392   766   114   242   719   772    86     0 
  915   622   534   230   904  1025   727   664   440   239   126   758   738   740   278   652   370   262   667   176   392   407   166   327   708   637   138     0   843   207   504   811   239   316   812   792   209     0 
  529   781   309   624   376   336   142   744   404   820   892    88   319   103   568   461   530  1093   244   746   550   523   788   578   503   950   707   843     0   821   413   781   639   616   480   897   662     0 
 1009   790   523   313   966  1060   687   823   434   434   121   732   796   720   286   747   459   415   605    89   498   503    55   432   813   830   198   207   821     0   570   964   191   440   905   966   177     0 
  442   413   200   277   402   522   358   398   200   418   593   351   233   327   287   190   137   722   375   481   140   114   521   186   261   562   392   504   413   570     0   495   386   216   339   567   394     0 
  338   203   689   657   477   642   797   148   692   592   933   762   462   739   726   335   532   907   847   881   483   489   909   542   279   327   766   811   781   964   495     0   817   526   319   143   812     0 
  828   663   335   166   777   870   510   684   244   375   255   551   607   536   100   570   290   501   439   108   336   334   151   275   638   737   114   239   639   191   386   817     0   297   724   840    30     0 
  599   366   340   132   598   732   535   388   274   205   426   544   438   521   217   337    87   510   518   355    81   103   385    42   392   457   242   316   616   440   216   526   297     0   497   543   288     0 
  104   400   480   599   164   333   526   340   523   657   915   480   174   460   625   161   450   988   599   816   420   408   854   487   111   577   719   812   480   905   339   319   724   497     0   453   731     0 
  481   177   767   674   615   782   898   169   753   558   918   869   581   845   757   438   572   847   936   888   520   533   911   569   395   215   772   792   897   966   567   143   840   543   453     0   829     0 
  835   652   357   156   790   886   536   676   264   351   230   575   619   560   109   574   289   471   466    89   333   334   131   270   641   720    86   209   662   177   394   812    30   288   731   829     0     0 
    0     0     0     0     0     0     0     0     0     0     0     0     0     0     0     0     0     0     0     0     0     0     0     0     0     0     0     0     0     0     0     0     0     0     0     0     0     0 
