DIMENSION: 27
N: 15
M: 5
K: 2

SERVICE: 
224 289 314 199 415 112 374 191 432 223 315 221 354 436 241 

DIST MATRIX: 
    0   742   447   468   373   571   391   650   387   211   553   427   461   412   202   833  1000   754   558   443   870   978   444   768   872   357   727     0 
  812     0   643   640   870   578   735   586   735   924   629   726   572   660   928   332   107   474   626  1063   483   404   905   760   758   781   355     0 
   93   658     0   333   248   435   254   624   249    99   416   289   398   279    92   706   909   620   420   361   735   923   324   632   736   219   605     0 
  370   278   197     0   426   178   288   477   287   475   225   284   269   210   480   264   481   247   225   624   360   603   472   464   523   333   153     0 
  467   452   243   224     0   121   312   690   315   529   152   284   478   279   536   197   580    66   148   584   180   772   424   270   313   358   167     0 
  289   375    94    97   324     0   186   532   186   382   145   182   293   112   388   324   583   258   146   521   378   696   371   409   484   232   223     0 
  482   898   442   429   267   453     0  1018   378   403   402   356   762   452   412   711  1082   566   404   191   623  1220   186   346   435   355   670     0 
  607   145   545   558   755   561   621     0   618   736   607   633   279   538   737   512   331   587   606   952   669   248   820   844   891   654   435     0 
  544   938   489   474   329   487   427  1071     0   468   436   406   815   503   476   728  1111   582   438   250   627  1262   247   337   416   412   697     0 
  143   591   344   367   352   466   314   513   309     0   460   352   310   306   217   704   849   642   464   485   761   830   433   705   803   296   595     0 
  322   780   316   310   109   364   234   871   237   246     0   227   615   317   255   651   986   517   318   128   600  1096    37   377   481   205   589     0 
  144   433   172   196   302   283   192   461   187   270   290     0   207   138   271   505   682   448   294   490   568   717   377   555   645   206   396     0 
  657    87   551   559   775   538   636   319   634   783   588   640     0   553   784   425   208   523   587   974   589   243   830   799   832   675   369     0 
  481   873   422   408   266   424   360  1004   365   412   373   339   748     0   421   675  1051   530   375   221   583  1197   185   304   394   347   638     0 
  338   843   382   379   154   444   293   908   295   234   395   294   655   376     0   734  1058   602   399    46   686  1152   116   459   562   255   667     0 
  614   368   400   387   602   296   484   666   486   697   340   463   514   430   704     0   415   146   336   779   166   654   618   429   431   532   113     0 
  824   260   677   679   907   629   769   519   768   943   681   764   550   689   946   415     0   550   679  1104   575   299   950   839   846   813   415     0 
  530   452   307   288   480   186   378   713   380   595   218   350   516   342   602   146   550     0   214   645   120   763   485   288   309   423   155     0 
  336   502   123    98   267    50   169   679   172   384     4   138   436   160   392   336   679   214     0   444   320   827   284   267   351   212   272     0 
  374   888   428   425   199   489   339   948   340   262   440   340   696   422   269   779  1104   645   444     0   727  1197   160   491   592   299   713     0 
  647   527   423   403   578   300   488   810   491   704   324   457   628   459   712   166   575   120   320   727     0   820   572   300   277   532   239     0 
  856   326   781   792   999   779   862   357   860   985   828   870   526   778   985   654   299   763   827  1197   820     0  1060  1042  1072   898   610     0 
  297   744   280   273    81   329   198   838   202   233   280   190   581   281   243   618   950   485   284   160   572  1060     0   362   468   172   554     0 
  565   720   384   359   406   297   390   937   395   565   270   353   702   418   575   429   839   288   267   491   300  1042   362     0   106   415   434     0 
  665   759   473   448   512   372   490  1000   495   671   354   453   776   509   680   431   846   309   351   592   277  1072   468   106     0   517   463     0 
  153   590   139   146   101   239    48   666    47   172   208    75   410   124   180   532   813   423   212   299   532   898   172   415   517     0   445     0 
  512   297   308   300   526   225   398   572   398   604   275   382   404   334   610   113   415   155   272   713   239   610   554   434   463   445     0     0 
    0     0     0     0     0     0     0     0     0     0     0     0     0     0     0     0     0     0     0     0     0     0     0     0     0     0     0     0 
