DIMENSION: 37
N: 15
M: 10
K: 2

SERVICE: 
224 289 314 199 415 112 374 191 432 223 315 221 354 436 241 

DIST MATRIX: 
    0   742   447   468   373   571   391   650   387   211   553   427   461   412   202   711   152   387   666   600   591   608   226   672   613   597   199   233   525   566   479   588   240   975   720   357   992     0 
  812     0   643   640   870   578   735   586   735   924   629   726   572   660   928   376  1002   637   339   511   413   598   781   332   715   447   885   771   483   652   540   466   802    79   984   781   247     0 
   93   658     0   333   248   435   254   624   249    99   416   289   398   279    92   587   114   327   570   469   496   582   129   570   476   476    67   148   438   428   364   522   108   881   602   219   917     0 
  370   278   197     0   426   178   288   477   287   475   225   284   269   210   480   141   557   291   171   123   137   455   355   144   344    28   439   352   170   257   101   277   358   446   621   333   532     0 
  467   452   243   224     0   121   312   690   315   529   152   284   478   279   536   150   621   487   356   106   346   669   485   317   205   187   510   492   384   160   274   489   451   540   474   358   670     0 
  289   375    94    97   324     0   186   532   186   382   145   182   293   112   388   205   468   289   268    99   218   504   291   245   269   103   350   295   220   178    79   340   275   548   536   232   633     0 
  482   898   442   429   267   453     0  1018   378   403   402   356   762   452   412   650   458   718   791   521   740   982   556   764   311   608   436   580   728   375   583   848   471  1043   140   355  1151     0 
  607   145   545   558   755   561   621     0   618   736   607   633   279   538   737   443   789   352   223   505   250   207   547   263   728   405   689   528   262   639   404   154   605   328  1002   654   267     0 
  544   938   489   474   329   487   427  1071     0   468   436   406   815   503   476   677   523   774   831   554   784  1036   617   802   334   645   500   641   776   407   630   896   532  1072   100   412  1186     0 
  143   591   344   367   352   466   314   513   309     0   460   352   310   306   217   581   227   236   516   483   442   470    97   524   544   464   181    92   374   480   344   437   159   824   707   296   840     0 
  322   780   316   310   109   364   234   871   237   246     0   227   615   317   255   568   312   566   674   430   616   833   397   652   271   503   276   421   593   298   454   710   311   949   266   205  1040     0 
  144   433   172   196   302   283   192   461   187   270   290     0   207   138   271   382   335   157   342   289   268   423   109   342   396   265   224   107   215   316   145   315   138   653   617   206   695     0 
  657    87   551   559   775   538   636   319   634   783   588   640     0   553   784   382   846   427   194   474   254   333   607   222   702   379   737   591   299   618   415   230   651   201   981   675   182     0 
  481   873   422   408   266   424   360  1004   365   412   373   339   748     0   421   617   474   707   766   492   718   969   554   738   276   581   442   577   709   345   563   829   469  1012   108   347  1123     0 
  338   843   382   379   154   444   293   908   295   234   395   294   655   376     0   646   275   599   738   508   676   868   414   719   358   574   275   439   646   381   514   759   331  1022   317   255  1105     0 
  494   309   288   279   505   203   377   575   378   585   254   361   399   315   591     0   672   429   223   138   235   560   489   182   344   117   555   488   293   276   238   376   480   395   619   425   521     0 
  192   767   387   402   247   502   309   736   307    93   473   340   512   358    85   672     0   441   676   546   603   694   242   673   507   567   118   262   548   477   463   635   201   986   577   265  1028     0 
  270   361   311   334   457   400   348   309   343   398   421   374    74   283   397   429   441     0   301   382   231   269   201   319   537   318   349   179   158   451   214   201   272   599   772   363   604     0 
  485   107   358   365   584   348   445   357   443   605   396   447   241   362   608   223   676   301     0   287    75   347   445    41   513   188   562   434   144   427   226   168   476   311   792   486   368     0 
  378   391   158   145   367    68   243   598   244   456   120   224   376   190   462   138   546   382   287     0   260   574   387   253   228   100   430   392   287   147   168   399   362   523   507   291   632     0 
  411   169   301   311   521   313   383   345   381   533   357   390   179   299   536   235   603   231    75   260     0   326   371    88   479   162   490   359    73   389   162   144   404   386   752   422   433     0 
  537   321   555   575   725   614   609    43   604   662   648   631   221   535   660   560   694   269   347   574   326     0   464   386   771   482   614   440   287   680   426   183   540   534  1025   628   463     0 
   77   530   247   271   289   369   225   505   220   199   365   262   270   210   197   489   242   201   445   387   371   464     0   448   453   373   150    25   310   385   254   393    85   756   635   215   788     0 
  482   138   338   342   566   316   427   398   426   598   366   426   266   346   601   182   673   319    41   253    88   386   448     0   481   157   557   439   161   396   214   205   472   313   760   470   388     0 
  405   618   227   203   266   166   230   801   234   416   123   192   556   259   425   344   507   537   513   228   479   771   453   481     0   325   415   469   489    91   345   608   388   739   280   257   858     0 
  383   294   196   195   425   160   288   504   288   483   209   281   297   214   488   117   567   318   188   100   162   482   373   157   325     0   449   372   198   240   121   303   370   448   604   335   543     0 
   81   656   271   287   181   389   200   655   196    49   364   233   416   241    48   555   118   349   562   430   490   614   150   557   415   449     0   174   439   373   345   535    86   871   535   160   919     0 
  101   515   258   282   313   378   244   482   239   222   377   280   250   221   220   488   262   179   434   392   359   440    25   439   469   372   174     0   296   399   252   374   109   744   657   236   771     0 
  358   220   287   303   493   328   359   313   356   485   366   372   108   277   486   293   548   158   144   287    73   287   310   161   489   198   439   296     0   398   147   121   353   450   754   392   480     0 
  347   533   145   120   257    80   174   710   178   384    33   140   466   180   393   276   477   451   427   147   389   680   385   396    91   240   373   399   398     0   254   517   330   668   364   214   779     0 
  273   329   141   156   360   191   221   456   219   385   222   229   214   138   388   238   463   214   226   168   162   426   254   214   345   121   345   252   147   254     0   268   262   527   607   260   593     0 
  453   177   407   424   607   445   477   201   473   582   485   492   127   396   582   376   635   201   168   399   144   183   393   205   608   303   535   374   121   517   268     0   451   416   874   506   404     0 
   17   570   207   228   204   330   159   580   154   132   315   196   335   172   133   480   201   272   476   362   404   540    85   472   388   370    86   109   353   330   262   451     0   785   552   137   833     0 
  794   240   642   643   872   591   734   518   733   911   643   728   530   655   915   395   986   599   311   523   386   534   756   313   739   448   871   744   450   668   527   416   785     0  1013   779   171     0 
  566   897   470   452   355   444   425  1058   430   510   396   397   805   491   519   619   577   772   792   507   752  1025   635   760   280   604   535   657   754   364   607   874   552  1013     0   421  1137     0 
  153   590   139   146   101   239    48   666    47   172   208    75   410   124   180   425   265   363   486   291   422   628   215   470   257   335   160   236   392   214   260   506   137   779   421     0   853     0 
  839   264   725   731   952   699   812   436   811   964   750   814   531   729   966   521  1028   604   368   632   433   463   788   388   858   543   919   771   480   779   593   404   833   171  1137   853     0     0 
    0     0     0     0     0     0     0     0     0     0     0     0     0     0     0     0     0     0     0     0     0     0     0     0     0     0     0     0     0     0     0     0     0     0     0     0     0     0 
