DIMENSION: 27
N: 15
M: 5
K: 2

SERVICE: 
371 389 429 179 213 749 115 62 245 409 304 235 329 86 426 

DIST MATRIX: 
    0   423   438   306    43   187    75   148   395   462   225   468   381   475   125   592   586   799   175   403   305   726   751   170   378   113   404     0 
  443     0   537   855   798   721   744   796   570   545   659   522   547   574   821   922   624   181   667   412   963   801   142   725   436   754   626     0 
  432   399     0   763   769   663   719   813   645   640   600   406   616   674   771   776   750   370   679   432   881   941   316   745   446   760   707     0 
  552   611   361     0   441   331   451   625   774   832   352   375   745   858   359   114   982   978   577   620   253  1158   913   618   596   573   812     0 
  357   420   263    96     0    91   214   390   541   601   127   291   514   626   144   343   749   811   337   420   198   920   750   379   393   336   575     0 
  460   397   646   912   782     0   727   722   442   394   693   642   434   412   829  1048   421    72   613   400  1001   574   118   652   428   696   483     0 
  188   246   275   309   168   130     0   246   324   384   101   303   296   409   198   543   532   637   140   233   376   707   583   202   206   184   361     0 
  377   421   489   392   127   259   129     0   337   403   283   518   329   412   211   676   516   775   141   395   390   646   732   104   373    55   336     0 
  491   453   734   874   653   695   610   513     0   183   663   746   270   160   728  1097    57   447   467   427   921   207   457   464   443   521   229     0 
  730   696   972  1078   834   903   800   667   459     0   879   986   491   378   916  1321   256   652   660   669  1108    83   677   637   682   693   419     0 
  415   461   514   388   129   271   148    89   377   443     0   543   370   450   207   676   551   817   183   436   372   673   774   145   413    97   373     0 
  347   408   209   126   272   134   264   442   562   619   140     0   532   646   210   303   770   790   373   413   245   948   727   422   387   384   602     0 
  298   351   378   304    66   150    21   158   348   414   171   408     0   431   138   577   548   731   124   332   331   702   681   147   306   101   367     0 
  279   249   522   668   469   490   420   369    79    51   452   536    78     0   536   883   195   404   283   219   727   393   382   304   232   355   127     0 
  258   291    52   383   452   317   415   563   545   580   264    24   509   614     0   424   730   598   446   317   504   928   532   513   304   502   601     0 
  620   675   402   291   550   431   556   732   862   916   442   407   831   945   470     0  1069  1021   675   689   363  1250   955   721   666   678   904     0 
  474   442   716   836   608   659   567   462   208   153   630   731   238   124   685  1069     0   483   424   414   879   200   487   416   426   473   182     0 
  457   395   621   905   794   749   739   750   483   441   690   614   470   462   835  1021   483     0   634   404  1000   643    67   680   432   720   529     0 
  247   284   407   418   188   246   143   134   224   290   237   433   207   307   261   675   424   634     0   257   455   584   591    69   236    87   244     0 
   69    35   307   516   393   349   338   388   241   266   294   319   206   300   431   689   414   404   257     0   601   612   350   318    28   342   302     0 
  543   606   454   123   274   252   312   451   677   743   310   481   656   761   194   363   879  1000   455   601     0  1029   941   471   573   416   698     0 
  670   642   911  1002   755   829   723   585   391   348   808   927   425   314   838  1250   200   643   584   612  1029     0   660   558   624   614   346     0 
  400   338   555   843   744   691   688   712   458   423   631   547   441   449   780   955   487    67   591   350   941   660     0   640   378   677   509     0 
  315   347   474   451   197   290   168    72   233   300   293   500   226   309   280   721   416   680    69   318   471   558   640     0   300    57   235     0 
   48    48   290   488   367   321   312   369   244   276   267   304   209   310   403   666   426   432   236    28   573   624   378   300     0   321   304     0 
  328   369   458   402   142   250   122    62   287   354   263   487   277   365   227   678   473   720    87   342   416   614   677    57   321     0   292     0 
  347   336   578   660   426   484   387   285    63    89   462   597    96    80   504   904   182   529   244   302   698   346   509   235   304   292     0     0 
    0     0     0     0     0     0     0     0     0     0     0     0     0     0     0     0     0     0     0     0     0     0     0     0     0     0     0     0 
