DIMENSION: 37
N: 15
M: 10
K: 2

SERVICE: 
74 13 384 76 121 182 306 179 76 134 242 656 293 384 137 

DIST MATRIX: 
    0   704   759   535   159   667   335   535   638   419   494   263   702   588   224   765   287   492   241   966   395   389   842   164  1052   613   736   253   139  1204   188   621   945   157  1031   480   341     0 
  724     0   219   439   666   300   520   262    99   430   476   515   209   148   473    82   408   206   672   429   348   380   350   672   496   315   276   526   670   556   610    75   273   594   349   502   583     0 
 1056   323     0   687   988   525   821   544   396   720   759   831   425   451   804   272   740   535   996   433   662   688   448  1001   445   542   425   852  1001   349   938   406   177   919   143   765   879     0 
  668   409   622     0   487   654   280   179   316   187   708   342   594   280   429   488   401   327   726   842   254   236   754   682   909    99   212   596   666   942   640   372   661   450   717   156   310     0 
  300   781   893   473     0   829   280   553   696   387   699   262   840   641   340   855   399   573   475  1116   430   404   996   398  1200   594   730   459   374  1322   414   702  1045   198  1125   396   239     0 
  832   425   197   815   889     0   822   635   501   765   380   780   215   529   670   369   615   506   692   156   652   691    80   735   233   715   690   594   748   451   678   437   351   812   415   859   886     0 
  108   698   763   508   124   677     0   519   629   394   514   238   707   577   216   761   281   485   273   974   379   370   851   196  1060   592   718   271   171  1207   214   615   944   130  1029   451   308     0 
  515   440   619    85   333   616   127     0   343    37   616   188   580   292   289   521   276   282   587   849   148   114   746   537   925   192   328   467   520   994   500   378   709   295   778    72   168     0 
  609   168   356   280   516   386   356    99     0   264   480   359   325    21   346   249   287    96   596   582   190   218   487   578   655   180   216   448   571   723   520   107   438   449   512   338   418     0 
  528   552   733   139   313   725   130   291   455     0   705   212   692   405   346   634   352   394   632   963   250   211   859   572  1039   281   414   530   551  1105   546   492   820   302   887    56   120     0 
  408   340   366   436   417   291   368   302   307   343     0   313   310   276   198   385   144   169   345   581   228   263   459   345   665   409   479   198   345   810   282   262   555   341   643   447   429     0 
  465   735   625   866   655   482   735   752   737   756   247     0   579   717   516   745   517   616   280   727   656   683   621   357   802   858   925   332   381  1020   342   677   851   606   935   855   777     0 
  964   461   249   884  1005   302   918   703   551   850   520   884     0   590   785   389   727   590   831    36   743   782   129   871    92   769   720   726   882   319   812   497   298   928   336   938   983     0 
  922   235   190   668   893   332   756   496   332   667   574   746   238     0   688   155   623   433   837   258   582   616   248   853   298   534   455   701   856   320   789   306    42   818   130   736   819     0 
  264   486   503   488   327   405   356   400   443   375   255   280   446   404     0   533   137   296   206   704   283   304   581   197   790   502   595    60   197   950   135   406   702   258   789   473   404     0 
  789    82   175   518   743   289   601   343   179   512   498   594   187   230   545     0   480   283   724   361   428   461   297   730   422   389   331   580   730   475   667   153   191   670   271   583   664     0 
  322   417   496   351   279   433   235   275   353   239   357   171   442   305    65   480     0   205   330   718   147   167   598   297   802   372   476   195   288   932   246   334   664   202   748   339   292     0 
  526   214   342   316   461   336   331   149   150   260   392   313   299   109   269   283   205     0   502   573   155   192   466   487   652   252   310   353   482   750   428   131   473   388   553   353   396     0 
  186   684   664   669   384   541   501   602   648   550   315   419   607   611   298   724   330   502     0   836   476   490   714    77   920   701   800   148   101  1105    87   607   878   346   967   638   531     0 
  964   435   231   862   996   300   903   681   527   832   528   872   279   568   778   361   718   573   836     0   727   766   124   873    86   744   691   727   884   296   813   475   262   919   300   918   968     0 
  446   352   496   211   327   476   177   140   266   117   469   169   451   211   186   428   147   155   476   727     0    39   617   439   807   227   342   342   427   901   392   276   620   262   697   220   241     0 
  444   384   535   184   306   515   141   153   294    80   503   146   490   239   194   461   167   192   490   766    39     0   656   448   844   224   348   362   433   935   404   310   653   247   729   183   205     0 
  841   359   133   767   876   176   791   585   441   726   409   756   167   475   657   297   598   466   714   124   617   656     0   750   209   659   624   603   761   400   690   382   272   799   339   816   856     0 
  112   682   687   620   310   575   442   572   636   500   365   360   630   594   254   730   297   487    77   873   439   448   750     0   958   666   773   152    25  1133    63   602   894   278   982   582   466     0 
 1050   501   311   933  1080   385   983   753   595   909   610   954   361   639   862   422   802   652   920    86   807   844   209   958     0   811   747   812   969   236   898   548   290  1003   304   992  1048     0 
  669   310   526   144   515   566   315   107   218   209   643   358   501   187   413   389   372   252   701   744   227   224   659   666   811     0   136   562   654   844   618   278   562   466   620   225   360     0 
  788   266   494   275   648   567   450   203   204   344   693   489   483   209   526   331   476   310   800   691   342   348   624   773   747   136     0   655   764   748   720   273   476   594   521   358   496     0 
  238   537   536   545   346   427   403   460   500   430   243   324   479   462   184   580   195   353   148   727   342   362   603   152   812   562   655     0   159   982    89   459   742   284   831   526   446     0 
   91   681   694   603   286   585   422   562   632   483   381   341   637   588   241   730   288   482   101   884   427   433   761    25   969   654   764   159     0  1140    71   600   898   255   986   563   444     0 
 1214   555   447   983  1206   565  1076   815   651   986   808  1064   504   703   996   475   932   750  1105   296   901   935   400  1133   236   844   748   982  1140     0  1071   625   285  1131   227  1053  1139     0 
  157   621   625   582   313   514   416   521   577   463   313   334   568   536   211   667   246   428    87   813   392   404   690    63   898   618   720    89    71  1071     0   541   831   266   919   551   448     0 
  651    83   250   387   592   296   450   206    69   365   435   441   223    93   399   153   334   131   607   475   276   310   382   602   548   278   273   459   600   625   541     0   344   519   423   444   514     0 
  963   270   227   699   933   369   793   530   366   702   613   785   277   419   729   191   664   473   878   262   620   653   272   894   290   562   476   742   898   285   831   344     0   858    88   768   855     0 
  226   600   697   379    77   631   178   399   523   265   513   108   643   469   143   670   202   388   346   919   262   247   799   278  1003   466   594   284   255  1131   266   519   858     0   941   323   190     0 
 1051   345   312   761  1014   453   868   599   437   773   699   864   364   491   813   271   748   553   967   300   697   729   339   982   304   620   521   831   986   227   919   423    88   941     0   834   929     0 
  548   501   688    83   346   688   145   240   404   104   686   223   650   355   344   583   339   353   638   918   220   183   816   582   992   225   358   526   563  1053   551   444   768   323   834     0   158     0 
  413   585   737   234   193   706    65   335   492   159   647   124   691   438   266   664   292   396   531   968   241   205   856   466  1048   360   496   446   444  1139   448   514   855   190   929   158     0     0 
    0     0     0     0     0     0     0     0     0     0     0     0     0     0     0     0     0     0     0     0     0     0     0     0     0     0     0     0     0     0     0     0     0     0     0     0     0     0 
