DIMENSION: 47
N: 15
M: 15
K: 2

SERVICE: 
196 443 380 481 396 120 81 250 209 183 268 188 471 321 490 

DIST MATRIX: 
    0   379   392   510   199   359   458   328   431   585   827   418   114   395   532   140   350   701   192   622   627   330   328   799   295   650   688   293   512   203   442   504   580   433   514   651   463   545   923   373   835   774   312   362   310   468   454     0 
  807     0   569   262   832   974   769   495   487    54   331   785   679   763   359   582   375   176   448   207   262   399   329   166   932   289    79   373   219   434   393   525   205   354   169   127   710   138   295   997   391   137   446   275   695   602   852     0 
  489   250     0   260   513   662   555   263   342   268   551   549   370   524   334   282   184   407   127   345   369   191    91   483   612   399   372   115   225   113   282   415   305   224   208   351   516   235   610   682   578   458   205    49   424   424   610     0 
  664   203   692     0   749   914   870   270   642   290   652   862   644   837   582   576   486   493   384   494   542   499   395   399   826   575   299   428   122   389   565   707   471   124   179   437   830   195   573   925   708   400   254   310   466   307   922     0 
  254   254   649   656     0   559   740   189   662   622   948   702   396   679   715   408   535   797   304   743   768   525   466   811   431   797   696   456   478   329   641   741   703   347   511   738   740   545   967   554   976   797   229   444    28   227   737     0 
  195   638   562   772    94     0   518   576   635   873  1088   458   263   448   771   365   606   976   482   890   887   582   606  1088    34   905   977   567   798   492   678   693   849   707   803   930   561   834  1206   106  1086  1062   577   650   461   674   451     0 
  596   808   277   596   448   418     0   776   368   807   846    67   368    92   529   376   474   801   562   704   671   452   548  1001   526   672   919   507   837   550   460   369   675   824   808   781   153   825  1053   459   812   965   739   631   789   935    43     0 
  432   253   359   295   454   604   521     0   336   327   598   510   313   485   356   229   185   458    71   390   409   184   105   542   553   438   431   105   275    54   291   412   349   248   264   404   489   292   668   624   620   516   195   105   388   418   569     0 
  765   794   199   402   656   688   240   788     0   642   571   299   510   297   304   450   367   567   566   478   432   361   461   797   758   421   742   440   734   544   286   143   463   774   688   567   175   693   808   728   524   759   736   541   876   957   348     0 
  577   227   480   282   620   774   664   268   428     0   520   662   484   638   377   399   272   363   229   328   367   287   183   386   714   399   271   221   109   222   351   493   295   160    93   303   621   123   530   792   561   366   215    98   462   402   725     0 
 1127   759   798   486  1139  1271   992   815   705   378     0  1022   978  1004   543   877   644   274   766   370   401   670   627   204  1244   404   308   668   528   750   617   710   404   666   487   307   923   454    30  1298   339   204   769   591  1017   905  1090     0 
  477   569   100   373   381   450   194   546   178   562   663     0   224   164   334   166   228   586   323   490   469   204   295   764   488   479   675   254   584   307   246   230   455   576   555   556   170   573   836   486   646   730   502   378   601   712   253     0 
  680   522   253    68   641   748   451   537   163   305   356   477     0   458    59   370   134   273   355   176   156   154   193   475   752   172   408   204   409   330    71   196   145   476   358   251   387   360   525   780   353   438   480   245   685   698   545     0 
  217   566   416   631    69   176   392   512   487   749   945   336   122     0   626   224   465   838   371   750   744   440   475   965   172   761   857   433   695   376   532   546   710   621   691   795   426   721  1074   198   941   937   499   527   449   639   345     0 
  646   821   251   565   504   485    60   794   335   786   798   101   407   120     0   398   458   763   575   667   631   439   539   972   587   629   897   501   831   560   429   323   642   829   797   748   111   812  1014   526   760   936   754   624   824   957   112     0 
  328   435   252   408   272   395   338   400   294   533   724   309   102   285   411     0   242   614   194   526   522   218   254   748   382   541   644   210   504   187   318   366   486   462   490   571   332   516   851   421   723   718   365   316   435   560   358     0 
  546   432   210   166   513   630   403   434   159   334   482   412   344   389   185   242     0   376   231   285   281    26    94   537   623   302   447    81   378   206   107   231   245   406   340   337   353   354   620   659   486   504   379   176   562   601   479     0 
  888   588   526   214   882  1006   721   631   432   205   160   750   716   731   274   614   376     0   529    97   136   401   373   241   989   149   233   410   382   509   344   444   131   507   326    60   653   301   252  1034   216   203   577   358   820   758   817     0 
  362   246   373   360   391   546   514   225   367   395   667   495   262   470   411   194   231   529     0   459   475   222   167   608   487   503   496   152   324    25   338   446   418   268   322   475   491   353   737   563   686   584   179   175   332   393   549     0 
  813   555   428   120   796   915   624   589   336   212   208   653   628   634   179   526   285    97   459     0    55   310   296   319   905    83   281   328   374   438   247   351    42   484   316    90   557   300   349   944   235   281   532   299   768   730   720     0 
  821   591   399   118   794   904   590   622   305   264   202   623   624   605   142   522   281   136   475    55     0   304   309   370   903    33   336   336   422   453   223   310    72   525   364   143   522   350   383   935   211   331   564   325   793   768   690     0 
  526   434   194   191   489   605   383   433   153   358   506   390   320   367   202   218    26   401   222   310   304     0   104   562   599   324   471    79   394   198   118   229   271   415   358   363   335   373   646   634   508   529   379   189   553   601   456     0 
  517   340   298   193   512   648   482   348   253   281   503   483   353   459   251   254    94   373   167   296   309   104     0   494   618   336   393    45   292   144   192   325   254   312   260   324   437   279   600   672   520   464   291    85   493   513   547     0 
  963   565   724   407   995  1140   924   624   638   216   345   944   845   922   494   748   537   241   608   319   370   562   494     0  1094   388   116   539   334   596   544   665   335   471   301   230   862   267   175  1162   419    38   582   439   828   704  1011     0 
  177   631   588   788   111   150   550   568   658   880  1105   490   281   479   791   382   623   989   487   905   903   599   618  1094     0   923   982   579   799   498   698   718   864   703   806   942   592   838  1217   130  1105  1069   572   657   442   658   485     0 
  845   624   404   143   813   919   591   653   310   295   185   626   642   610   146   541   302   149   503    83    33   324   336   388   923     0   362   360   454   480   234   307   105   558   396   167   521   382   388   951   185   350   596   356   823   800   693     0 
  848   452   646   341   885  1033   845   510   565   113   377   859   738   837   438   644   447   233   496   281   336   471   393   116   982   362     0   438   220   485   471   604   283   358   186   195   787   152   278  1054   443   104   467   330   714   598   926     0 
  486   355   265   218   472   605   443   354   232   326   534   442   310   417   260   210    81   410   152   328   336    79    45   539   579   360   438     0   331   127   188   308   287   338   302   363   402   322   642   630   545   509   300   124   483   522   505     0 
  650   231   588   359   710   869   773   291   530   178   542   772   584   747   461   504   378   382   324   374   422   394   292   334   799   454   220   331     0   321   449   592   350   138    58   324   729    81   497   885   594   324   251   207   495   384   834     0 
  380   262   353   337   400   552   499   245   344   381   645   482   263   457   387   187   206   509    25   438   453   198   144   596   498   480   485   127   321     0   313   422   396   276   315   456   474   345   722   571   664   571   197   159   356   414   538     0 
  639   533   183   137   587   686   381   539    94   364   419   406   416   387    93   318   107   344   338   247   223   118   192   544   698   234   471   188   449   313     0   143   216   499   402   321   318   408   596   719   409   507   483   263   669   705   474     0 
  693   662   131   263   610   676   288   662    79   501   477   330   447   317   172   366   231   444   446   351   310   229   325   665   718   307   604   308   592   422   143     0   330   636   545   436   216   551   693   713   444   627   608   402   769   830   394     0 
  771   520   399    82   755   875   596   553   307   199   249   622   588   603   159   486   245   131   418    42    72   271   254   335   864   105   283   287   350   396   216   330     0   453   292   107   531   280   382   905   273   297   496   259   729   697   690     0 
  542    94   603   441   625   791   770   158   565   308   667   757   524   732   534   462   406   507   268   484   525   415   312   471   703   558   358   338   138   276   499   636   453     0   185   448   736   216   636   801   713   462   132   235   361   250   814     0 
  665   274   550   305   713   867   741   328   487   123   486   743   577   719   408   490   340   326   322   316   364   358   260   301   806   396   186   302    58   315   402   545   292   185     0   267   692    34   457   885   537   286   282   179   530   435   807     0 
  836   528   504   185   836   964   702   571   414   148   220   727   672   707   264   571   337    60   475    90   143   363   324   230   942   167   195   363   324   456   321   436   107   448   267     0   638   244   282   992   271   192   517   302   761   698   795     0 
  619   736   143   454   495   514    72   715   224   677   694   125   367   122   380   332   353   653   491   557   522   335   437   862   592   521   787   402   729   474   318   216   531   736   692   638     0   706   905   554   659   825   670   523   767   882   181     0 
  699   306   563   302   743   896   756   361   496    97   461   761   605   737   406   516   354   301   353   300   350   373   279   267   838   382   152   322    81   345   408   551   280   216    34   244   706     0   423   915   515   252   316   202   564   464   826     0 
 1099   728   778   464  1112  1246   973   785   685   348   264  1002   952   983   524   851   620   252   737   349   383   646   600   175  1217   388   278   642   497   722   596   693   382   636   457   282   905   423     0  1272   336   174   738   563   987   875  1069     0 
  301   736   582   825   176    41   501   676   664   946  1136   438   320   434   812   421   659  1034   563   944   935   634   672  1162   130   951  1054   630   885   571   719   713   905   801   885   992   554   915  1272     0  1127  1134   674   724   567   779   416     0 
 1030   788   562   328   994  1094   731   824   470   418    75   775   823   761   316   723   486   216   686   235   211   508   520   419  1105   185   443   545   594   664   409   444   273   713   537   271   659   515   336  1127     0   387   768   533  1002   962   838     0 
  941   555   688   371   969  1111   888   613   601   190   314   908   816   887   456   718   504   203   584   281   331   529   464    38  1069   350   104   509   324   571   507   627   297   462   286   192   825   252   174  1134   387     0   568   412   816   701   976     0 
  410    70   549   462   498   665   693    58   531   395   732   672   412   647   539   365   379   577   179   532   564   379   291   582   572   596   467   300   251   197   483   608   496   132   282   517   670   316   738   674   768   568     0   241   249   223   724     0 
  537   278   383   221   556   702   566   299   333   223   504   566   408   541   303   316   176   358   175   299   325   189    85   439   657   356   330   124   207   159   263   402   259   235   179   302   523   202   563   724   533   412   241     0   469   455   629     0 
  266   267   677   682   414   574   767   204   690   643   972   727   421   705   742   435   562   820   332   768   793   553   493   828   442   823   714   483   495   356   669   769   729   361   530   761   767   564   987   567  1002   816   249   469     0   221   761     0 
  481   177   767   674   615   782   898   169   753   558   918   869   581   845   757   560   601   758   393   730   768   601   513   704   658   800   598   522   384   414   705   830   697   250   435   698   882   464   875   779   962   701   223   455   221     0   914     0 
  560   793   292   609   410   375   109   758   385   813   870    68   341    89   548   358   479   817   549   720   690   456   547  1011   485   693   926   505   834   538   474   394   690   814   807   795   181   826  1069   416   838   976   724   629   761   914     0     0 
    0     0     0     0     0     0     0     0     0     0     0     0     0     0     0     0     0     0     0     0     0     0     0     0     0     0     0     0     0     0     0     0     0     0     0     0     0     0     0     0     0     0     0     0     0     0     0     0 
