DIMENSION: 37
N: 15
M: 10
K: 2

SERVICE: 
371 389 429 179 213 749 115 62 245 409 304 235 329 86 426 

DIST MATRIX: 
    0   423   438   306    43   187    75   148   395   462   225   468   381   475   125   223   646   557   435   177   425   747   535   396   174   265   540   545   461   169   344   568   491   603   419   113   740     0 
  443     0   537   855   798   721   744   796   570   545   659   522   547   574   821   703   449   274   562   643   499   353   311   587   757   590   424   291   427   681   478   421   392   836   945   754   802     0 
  432   399     0   763   769   663   719   813   645   640   600   406   616   674   771   737   283   352   650   644   578   525   258   664   698   620   301   252   506   638   499   543   310   951   835   760   945     0 
  552   611   361     0   441   331   451   625   774   832   352   375   745   858   359   663   500   751   813   539   765  1014   594   785   321   629   476   617   756   392   610   876   509  1058   110   573  1170     0 
  357   420   263    96     0    91   214   390   541   601   127   291   514   626   144   424   468   569   581   301   540   816   456   551    84   394   390   475   541   154   394   662   381   818   213   336   933     0 
  460   397   646   912   782     0   727   722   442   394   693   642   434   412   829   615   632   249   419   606   381   109   419   455   783   523   566   395   325   694   444   251   502   636  1021   696   572     0 
  188   246   275   309   168   130     0   246   324   384   101   303   296   409   198   232   471   391   363    94   323   615   346   334   158   177   360   357   332    67   189   451   303   616   430   184   720     0 
  377   421   489   392   127   259   129     0   337   403   283   518   329   412   211   154   690   541   376   166   379   704   551   335   253   228   578   557   425   223   330   522   518   518   505    55   660     0 
  491   453   734   874   653   695   610   513     0   183   663   746   270   160   728   412   824   395   204   491   250   276   582   239   717   392   719   565   281   631   411   194   633   258   995   521   211     0 
  730   696   972  1078   834   903   800   667   459     0   879   986   491   378   916   585  1070   639   422   694   484   471   828   446   920   602   964   810   525   840   645   438   878   236  1200   693    68     0 
  415   461   514   388   129   271   148    89   377   443     0   543   370   450   207   192   718   583   415   205   420   746   588   374   260   270   608   595   468   245   371   564   552   541   496    97   688     0 
  347   408   209   126   272   134   264   442   562   619   140     0   532   646   210   463   407   553   601   332   552   810   421   574   141   418   338   442   545   187   398   666   341   855   219   384   960     0 
  298   351   378   304    66   150    21   158   348   414   171   408     0   431   138   196   583   487   389   112   370   686   463   352   152   208   474   473   399   111   275   510   421   590   424   101   716     0 
  279   249   522   668   469   490   420   369    79    51   452   536    78     0   536   260   629   239    63   295    37   300   393    92   515   196   518   380    85   426   197   117   432   365   789   355   402     0 
  258   291    52   383   452   317   415   563   545   580   264    24   509   614     0   532   160   398   573   399   504   666   210   562   348   436    82   234   463   318   348   568   127   874   453   502   937     0 
  314   338   496   499   249   333   217   109   186   251   329   521   183   258   331     0   672   429   223   138   235   560   489   182   344   117   555   488   293   276   238   376   480   395   619   110   521     0 
  371   382   212   527   611   477   573   715   655   678   423   181   620   713   586   672     0   441   676   546   603   694   242   673   507   567   118   262   548   477   463   635   201   986   577   654  1028     0 
  212   149   407   663   550   503   495   525   301   289   445   408   276   322   588   429   441     0   301   382   231   269   201   319   537   318   349   179   158   451   214   201   272   599   772   487   604     0 
  315   294   554   670   452   492   407   331    41    28   461   571    69    45   525   223   676   301     0   287    75   347   445    41   513   188   562   434   144   427   226   168   476   311   792   327   368     0 
  212   255   360   385   178   209   126   172   246   310   194   387   223   331   241   138   546   382   287     0   260   574   387   253   228   100   430   392   287   147   168   399   362   523   507   116   632     0 
  246   221   488   632   435   453   386   343    70    76   415   503    53   111   501   235   603   231    75   260     0   326   371    88   479   162   490   359    73   389   162   144   404   386   752   326   433     0 
  463   403   676   911   752   740   699   668   377   320   689   677   377   331   808   560   694   269   347   574   326     0   464   386   771   482   614   440   287   680   426   183   540   534  1025   651   463     0 
  177   158   233   543   513   417   462   557   429   444   354   225   396   479   522   489   242   201   445   387   371   464     0   448   453   373   150    25   310   385   254   393    85   756   635   503   788     0 
  306   293   540   638   414   460   371   289    19    69   433   558    53    79   489   182   673   319    41   253    88   386   448     0   481   157   557   439   161   396   214   205   472   313   760   287   388     0 
  326   389   295   158   131    36   131   307   473   536    99   326   448   558    79   344   507   537   513   228   479   771   453   481     0   325   415   469   489    91   345   608   388   739   280   252   858     0 
  201   220   406   482   274   304   224   207   148   211   278   428   123   233   341   117   567   318   188   100   162   482   373   157   325     0   449   372   198   240   121   303   370   448   604   173   543     0 
  254   269   129   464   508   382   466   600   539   566   324   105   504   601   492   555   118   349   562   430   490   614   150   557   415   449     0   174   439   373   345   535    86   871   535   540   919     0 
  181   153   257   564   524   433   472   561   420   431   370   250   387   466   537   488   262   179   434   392   359   440    25   439   469   372   174     0   296   399   252   374   109   744   657   508   771     0 
  213   172   454   636   465   460   412   397   143   136   414   465   121   171   522   293   548   158   144   287    73   287   310   161   489   198   439   296     0   398   147   121   353   450   754   371   480     0 
  242   303   270   243   135    64    97   265   387   448    60   300   360   472   140   276   477   451   427   147   389   680   385   396    91   240   373   399   398     0   254   517   330   668   364   204   779     0 
   92   100   328   489   338   315   284   320   197   236   267   345   162   269   385   238   463   214   226   168   162   426   254   214   345   121   345   252   147   254     0   268   262   527   607   276   593     0 
  329   279   565   756   576   580   525   485   195   142   535   573   194   162   638   376   635   201   168   399   144   183   393   205   608   303   535   374   121   517   268     0   451   416   874   469   404     0 
  171   183   148   465   463   352   416   534   454   480   290   141   419   515   461   480   201   272   476   362   404   540    85   472   388   370    86   109   353   330   262   451     0   785   552   476   833     0 
  619   604   849   894   636   728   611   457   331   314   717   869   367   279   721   395   986   599   311   523   386   534   756   313   739   448   871   744   450   668   527   416   785     0  1013   494   171     0 
  563   625   410   122   380   300   402   565   751   813   339   430   725   836   294   619   577   772   792   507   752  1025   635   760   280   604   535   657   754   364   607   874   552  1013     0   520  1137     0 
  328   369   458   402   142   250   122    62   287   354   263   487   277   365   227   110   654   487   327   116   326   651   503   287   252   173   540   508   371   204   276   469   476   494   520     0   628     0 
  680   650   921  1015   769   841   736   600   402   357   820   936   435   324   852   521  1028   604   368   632   433   463   788   388   858   543   919   771   480   779   593   404   833   171  1137   628     0     0 
    0     0     0     0     0     0     0     0     0     0     0     0     0     0     0     0     0     0     0     0     0     0     0     0     0     0     0     0     0     0     0     0     0     0     0     0     0     0 
