DIMENSION: 27
N: 15
M: 5
K: 2

SERVICE: 
318 395 85 77 343 324 256 452 281 175 189 141 456 68 131 

DIST MATRIX: 
    0   749   926   534   432  1059   702   888   872   282   406   688   324   810   575   680   429   978   485   346   832   211   969   941   538   545   748     0 
  449     0   407   142   203   615   273   375   402   272   232   382   323   397   106   237   651   559   145   601   311   498   450   580   562   191   335     0 
  732   415     0   364   473   427   305    94   240   590   507   458   614   341   293   285   926   421   401   892    15   809   128   510   785   382   336     0 
  467   495   479     0   256   716   248   457   500   198   276   476   344   500   208   219   553   661   220   507   379   414   522   682   459   280   305     0 
  564   137   296   456     0   290   500   228   109   585   371   191   472    71   232   467   981   225   291   926   278   808   321   260   894   228   552     0 
  508    46   469   578   358     0   654   400   253   643   375    85   451   125   335   618  1050   230   339   986   454   853   489   168   994   268   710     0 
  913   864   592   379   705   958     0   625   758   561   728   872   793   825   594   292   638   943   656   653   522   666   619  1013   430   698   203     0 
  993   782   395   470   744   772   297     0   611   717   775   815   867   713   580   323   907   784   677   906   373   882   405   881   711   690   253     0 
  621   164   506   690   485   254   749   441     0   769   501   210   574   179   449   715  1176   165   464  1112   515   979   516    51  1115   392   802     0 
  315   431   549   229   125   706   396   509   505     0   134   392   191   465   198   363   582   635   130   519   457   394   592   629   543   202   455     0 
  123   381   719   537   216   709   691   658   573   431     0   309   143   469   382   656   800   617   281   722   652   574   755   549   820   282   753     0 
  303   201   522   433   142   523   558   459   372   434   152     0   227   276   218   521   839   436   154   771   463   633   556   393   807   108   620     0 
  549   133   303   445   326   306   493   235   124   569   355   182     0    80   217   460   967   239   275   911   279   793   330   269   881   211   546     0 
  616   162   278   496   397   238   525   209    63   636   426   228   526     0   280   493  1030   180   345   976   278   860   296   237   936   282   574     0 
  439   418   434   128   202   644   275   403   430   244   228   401   313   424     0   240   622   586   152   572   337   469   477   605   536   206   336     0 
  678   572   365   147   440   695    37   374   484   398   468   581   552   538   306     0   662   667   381   639   272   585   403   726   504   413    99     0 
  714  1013  1011   563   697  1266   661  1001  1052   407   690   973   662  1039   750   662     0  1206   712    83   911   230  1053  1210   213   784   674     0 
  733   237   389   676   548    95   697   333   185   807   572   308   662   170   456   667  1206     0   507  1150   426  1029   389   126  1117   438   742     0 
  332   301   469   281    72   581   417   419   387   305   106   267   214   337   108   381   712   507     0   649   388   523   509   499   660    72   479     0 
  633   950   977   528   629  1214   643   961  1002   344   620   906   585   982   696   639    83  1150   649     0   876   149  1019  1148   249   721   664     0 
  720   412   101   349   460   436   293   104   244   575   495   453   601   340   280   272   911   426   388   876     0   794   143   512   771   371   326     0 
  484   819   894   454   494  1098   598   869   892   226   481   771   439   859   583   585   230  1029   523   149   794     0   937  1018   330   594   631     0 
  835   455    43   491   580   367   417    97   239   717   614   512   722   364   404   403  1053   389   509  1019   143   937     0   499   906   478   438     0 
  670   198   493   711   524   210   759   430   271   804   542   253   619   189   474   726  1210   126   499  1148   512  1018   499     0  1142   426   810     0 
  760   952   867   442   668  1164   495   869   947   389   671   926   677   959   668   504   213  1117   660   249   771   330   906  1142     0   729   495     0 
  357   229   441   333   115   515   451   384   330   378   145   198   251   268   110   413   784   438    72   721   371   594   478   426   729     0   512     0 
  770   664   406   228   537   760    62   430   557   466   564   676   645   623   404    99   674   742   479   664   326   631   438   810   495   512     0     0 
    0     0     0     0     0     0     0     0     0     0     0     0     0     0     0     0     0     0     0     0     0     0     0     0     0     0     0     0 
