DIMENSION: 27
N: 15
M: 5
K: 2

SERVICE: 
196 443 380 481 396 120 81 250 209 183 268 188 471 321 490 

DIST MATRIX: 
    0   379   392   510   199   359   458   328   431   585   827   418   114   395   532   751   873   514   479   236   976   695   437   330   492   468   724     0 
  807     0   569   262   832   974   769   495   487    54   331   785   679   763   359   355   241   160   708   699   366   171   201   923   238   602   196     0 
  489   250     0   260   513   662   555   263   342   268   551   549   370   524   334   503   559   206   523   405   670   400   121   617   228   424   431     0 
  664   203   692     0   749   914   870   270   642   290   652   862   644   837   582   661   520   191   836   503   660   488   266   885   444   307   516     0 
  254   254   649   656     0   559   740   189   662   622   948   702   396   679   715   901   914   518   755    67  1040   791   490   561   626   227   822     0 
  195   638   562   772    94     0   518   576   635   873  1088   458   263   448   771  1000  1158   804   581   381  1255   970   726   161   761   674   997     0 
  596   808   277   596   448   418     0   776   368   807   846    67   368    92   529   732  1018   801   166   712  1065   797   700   345   610   935   813     0 
  432   253   359   295   454   604   521     0   336   327   598   510   313   485   356   542   617   263   497   361   725   452   180   560   267   418   482     0 
  765   794   199   402   656   688   240   788     0   642   571   299   510   297   304   453   783   679   156   815   802   565   585   612   431   957   572     0 
  577   227   480   282   620   774   664   268   428     0   520   662   484   638   377   497   477    93   625   464   600   357    63   732   245   402   388     0 
 1127   759   798   486  1139  1271   992   815   705   378     0  1022   978  1004   543   379    84   480   915  1024    71   278   522  1213   485   905   260     0 
  477   569   100   373   381   450   194   546   178   562   663     0   224   164   334   561   796   549   183   534   863   581   448   380   378   712   602     0 
  680   522   253    68   641   748   451   537   163   305   356   477     0   458    59   268   488   348   383   650   549   269   263   683    94   698   288     0 
  217   566   416   631    69   176   392   512   487   749   945   336   122     0   626   854  1027   691   446   366  1119   832   605   142   622   639   859     0 
  646   821   251   565   504   485    60   794   335   786   798   101   407   120     0   682   982   790   117   749  1022   760   689   411   583   957   774     0 
  946   723   477   247   908  1008   651   755   385   373   118   693   737   678   229     0   359   473   567   902   351   188   435   939   275   899   172     0 
 1047   674   742   425  1064  1199   938   731   650   295   262   965   905   946   492   359     0   396   865   940   141   222   441  1143   419   822   211     0 
  668   283   543   294   713   866   734   336   478   113   475   737   575   713   397   473   396     0   687   547   526   309   101   823   258   445   339     0 
  638   746   145   450   515   534    87   726   221   676   683   143   385   141   373   567   865   687     0   714   905   643   587   458   470   894   657     0 
  187   300   616   655   331   492   693   233   638   646   957   651   344   630   706   902   940   547   714     0  1063   804   507   496   628   294   835     0 
 1158   807   796   493  1161  1286   984   861   701   418   234  1019   996  1002   537   351   141   526   905  1063     0   286   557  1225   497   959   262     0 
  882   582   521   209   876  1000   717   625   428   199   166   745   710   726   270   188   222   309   643   804   286     0   301   939   211   752    31     0 
  606   288   442   220   633   781   633   325   381   148   462   636   487   612   318   435   441   101   587   507   557   301     0   733   183   464   333     0 
  326   708   472   733   166    76   384   654   558   874  1038   322   248   317   711   939  1143   823   458   496  1225   939   733     0   729   777   964     0 
  683   461   333    37   667   789   533   486   249   211   336   553   500   532   139   275   419   258   470   628   497   211   183   729     0   638   237     0 
  481   177   767   674   615   782   898   169   753   558   918   869   581   845   757   899   822   445   894   294   959   752   464   777   638     0   782     0 
  912   613   539   231   903  1025   732   656   445   228   137   763   737   745   284   172   211   339   657   835   262    31   333   964   237   782     0     0 
    0     0     0     0     0     0     0     0     0     0     0     0     0     0     0     0     0     0     0     0     0     0     0     0     0     0     0     0 
