0.85
95.172
3
82 102
93 113
96 116
80
80 0
34 0
20 0
24 0
23 0
100 0
81 1
26 1
101 1
82 2
102 2
83 3
30 3
103 3
84 4
27 4
104 4
85 5
33 5
38 5
28 5
105 5
86 6
4 6
106 6
87 7
35 7
107 7
88 8
36 8
1 8
22 8
17 8
11 8
108 8
89 9
5 9
18 9
12 9
16 9
109 9
90 10
32 10
2 10
7 10
19 10
6 10
110 10
91 11
10 11
13 11
111 11
92 12
31 12
25 12
112 12
93 13
113 13
94 14
14 14
37 14
114 14
95 15
9 15
115 15
96 16
116 16
97 17
8 17
3 17
117 17
98 18
0 18
29 18
118 18
99 19
39 19
21 19
15 19
119 19
60
80 34
34 20
20 24
24 23
23 100
81 26
26 101
82 102
83 30
30 103
84 27
27 104
85 33
33 38
38 28
28 105
86 4
4 106
87 35
35 107
88 36
36 1
1 22
22 17
17 11
11 108
89 5
5 18
18 12
12 16
16 109
90 32
32 2
2 7
7 19
19 6
6 110
91 10
10 13
13 111
92 31
31 25
25 112
93 113
94 14
14 37
37 114
95 9
9 115
96 116
97 8
8 3
3 117
98 0
0 29
29 118
99 39
39 21
21 15
15 119
