0.8
339.927
0
60
180 0
29 0
31 0
4 0
21 0
5 0
190 0
181 1
11 1
16 1
39 1
10 1
191 1
182 2
3 2
6 2
28 2
27 2
32 2
192 2
183 3
1 3
14 3
22 3
18 3
17 3
193 3
184 4
23 4
38 4
194 4
185 5
2 5
26 5
8 5
7 5
195 5
186 6
37 6
12 6
20 6
15 6
24 6
196 6
187 7
35 7
33 7
19 7
25 7
197 7
188 8
34 8
13 8
30 8
0 8
198 8
189 9
36 9
9 9
199 9
50
180 29
29 31
31 4
4 21
21 5
5 190
181 11
11 16
16 39
39 10
10 191
182 3
3 6
6 28
28 27
27 32
32 192
183 1
1 14
14 22
22 18
18 17
17 193
184 23
23 38
38 194
185 2
2 26
26 8
8 7
7 195
186 37
37 12
12 20
20 15
15 24
24 196
187 35
35 33
33 19
19 25
25 197
188 34
34 13
13 30
30 0
0 198
189 36
36 9
9 199
