1.46
164.372
3
113 138
118 143
119 144
100
100 0
49 0
125 0
101 1
18 1
39 1
126 1
102 2
47 2
127 2
103 3
6 3
31 3
128 3
104 4
12 4
33 4
9 4
129 4
105 5
48 5
36 5
130 5
106 6
46 6
30 6
131 6
107 7
8 7
42 7
20 7
132 7
108 8
3 8
7 8
133 8
109 9
23 9
1 9
134 9
110 10
34 10
0 10
135 10
111 11
5 11
17 11
136 11
112 12
37 12
41 12
10 12
43 12
137 12
113 13
138 13
114 14
26 14
13 14
15 14
40 14
139 14
115 15
2 15
4 15
140 15
116 16
38 16
27 16
21 16
141 16
117 17
32 17
44 17
19 17
142 17
118 18
143 18
119 19
144 19
120 20
16 20
24 20
145 20
121 21
35 21
22 21
25 21
29 21
11 21
146 21
122 22
28 22
147 22
123 23
45 23
148 23
124 24
14 24
149 24
75
100 49
49 125
101 18
18 39
39 126
102 47
47 127
103 6
6 31
31 128
104 12
12 33
33 9
9 129
105 48
48 36
36 130
106 46
46 30
30 131
107 8
8 42
42 20
20 132
108 3
3 7
7 133
109 23
23 1
1 134
110 34
34 0
0 135
111 5
5 17
17 136
112 37
37 41
41 10
10 43
43 137
113 138
114 26
26 13
13 15
15 40
40 139
115 2
2 4
4 140
116 38
38 27
27 21
21 141
117 32
32 44
44 19
19 142
118 143
119 144
120 16
16 24
24 145
121 35
35 22
22 25
25 29
29 11
11 146
122 28
28 147
123 45
45 148
124 14
14 149
