1.81
491.256
0
80
120 0
23 0
57 0
6 0
43 0
39 0
37 0
42 0
130 0
121 1
2 1
16 1
3 1
34 1
35 1
4 1
131 1
122 2
53 2
36 2
18 2
11 2
8 2
55 2
132 2
123 3
12 3
29 3
56 3
7 3
47 3
133 3
124 4
14 4
0 4
31 4
49 4
1 4
134 4
125 5
22 5
26 5
52 5
27 5
17 5
41 5
135 5
126 6
9 6
51 6
46 6
33 6
40 6
45 6
10 6
19 6
136 6
127 7
13 7
30 7
48 7
58 7
44 7
15 7
137 7
128 8
5 8
28 8
59 8
50 8
138 8
129 9
38 9
21 9
24 9
25 9
32 9
20 9
54 9
139 9
70
120 23
23 57
57 6
6 43
43 39
39 37
37 42
42 130
121 2
2 16
16 3
3 34
34 35
35 4
4 131
122 53
53 36
36 18
18 11
11 8
8 55
55 132
123 12
12 29
29 56
56 7
7 47
47 133
124 14
14 0
0 31
31 49
49 1
1 134
125 22
22 26
26 52
52 27
27 17
17 41
41 135
126 9
9 51
51 46
46 33
33 40
40 45
45 10
10 19
19 136
127 13
13 30
30 48
48 58
58 44
44 15
15 137
128 5
5 28
28 59
59 50
50 138
129 38
38 21
21 24
24 25
25 32
32 20
20 54
54 139
