0.28
68.115
0
52
80 0
3 0
13 0
16 0
86 0
81 1
14 1
38 1
21 1
29 1
4 1
33 1
35 1
87 1
82 2
19 2
18 2
36 2
9 2
7 2
1 2
88 2
83 3
11 3
26 3
32 3
2 3
22 3
5 3
27 3
8 3
89 3
84 4
6 4
39 4
25 4
30 4
10 4
24 4
12 4
37 4
15 4
90 4
85 5
20 5
17 5
34 5
31 5
0 5
23 5
28 5
91 5
46
80 3
3 13
13 16
16 86
81 14
14 38
38 21
21 29
29 4
4 33
33 35
35 87
82 19
19 18
18 36
36 9
9 7
7 1
1 88
83 11
11 26
26 32
32 2
2 22
22 5
5 27
27 8
8 89
84 6
6 39
39 25
25 30
30 10
10 24
24 12
12 37
37 15
15 90
85 20
20 17
17 34
34 31
31 0
0 23
23 28
28 91
