1.08
701.431
0
82
100 0
44 0
1 0
116 0
101 1
27 1
4 1
48 1
20 1
22 1
117 1
102 2
12 2
40 2
38 2
118 2
103 3
26 3
33 3
119 3
104 4
49 4
23 4
47 4
18 4
15 4
120 4
105 5
17 5
14 5
2 5
121 5
106 6
37 6
16 6
32 6
122 6
107 7
28 7
5 7
42 7
123 7
108 8
31 8
43 8
124 8
109 9
13 9
3 9
7 9
125 9
110 10
10 10
11 10
9 10
30 10
126 10
111 11
0 11
6 11
45 11
127 11
112 12
36 12
46 12
29 12
24 12
34 12
128 12
113 13
25 13
39 13
35 13
129 13
114 14
21 14
19 14
130 14
115 15
8 15
41 15
131 15
66
100 44
44 1
1 116
101 27
27 4
4 48
48 20
20 22
22 117
102 12
12 40
40 38
38 118
103 26
26 33
33 119
104 49
49 23
23 47
47 18
18 15
15 120
105 17
17 14
14 2
2 121
106 37
37 16
16 32
32 122
107 28
28 5
5 42
42 123
108 31
31 43
43 124
109 13
13 3
3 7
7 125
110 10
10 11
11 9
9 30
30 126
111 0
0 6
6 45
45 127
112 36
36 46
46 29
29 24
24 34
34 128
113 25
25 39
39 35
35 129
114 21
21 19
19 130
115 8
8 41
41 131
