0.93
78.766
0
74
100 0
33 0
29 0
17 0
112 0
101 1
15 1
35 1
36 1
3 1
113 1
102 2
9 2
48 2
45 2
38 2
28 2
32 2
114 2
103 3
16 3
21 3
47 3
6 3
46 3
8 3
115 3
104 4
49 4
7 4
23 4
10 4
116 4
105 5
13 5
31 5
44 5
14 5
40 5
117 5
106 6
5 6
39 6
34 6
30 6
1 6
43 6
118 6
107 7
27 7
42 7
12 7
37 7
119 7
108 8
2 8
11 8
120 8
109 9
41 9
22 9
0 9
121 9
110 10
19 10
25 10
122 10
111 11
26 11
4 11
18 11
24 11
20 11
123 11
62
100 33
33 29
29 17
17 112
101 15
15 35
35 36
36 3
3 113
102 9
9 48
48 45
45 38
38 28
28 32
32 114
103 16
16 21
21 47
47 6
6 46
46 8
8 115
104 49
49 7
7 23
23 10
10 116
105 13
13 31
31 44
44 14
14 40
40 117
106 5
5 39
39 34
34 30
30 1
1 43
43 118
107 27
27 42
42 12
12 37
37 119
108 2
2 11
11 120
109 41
41 22
22 0
0 121
110 19
19 25
25 122
111 26
26 4
4 18
18 24
24 20
20 123
