0.47
80.938
0
56
140 0
20 0
6 0
10 0
32 0
28 0
148 0
141 1
33 1
5 1
18 1
27 1
35 1
149 1
142 2
36 2
38 2
2 2
1 2
150 2
143 3
3 3
24 3
23 3
9 3
31 3
151 3
144 4
22 4
11 4
30 4
34 4
152 4
145 5
4 5
7 5
39 5
17 5
8 5
153 5
146 6
26 6
16 6
37 6
15 6
12 6
154 6
147 7
29 7
21 7
14 7
13 7
19 7
0 7
25 7
155 7
48
140 20
20 6
6 10
10 32
32 28
28 148
141 33
33 5
5 18
18 27
27 35
35 149
142 36
36 38
38 2
2 1
1 150
143 3
3 24
24 23
23 9
9 31
31 151
144 22
22 11
11 30
30 34
34 152
145 4
4 7
7 39
39 17
17 8
8 153
146 26
26 16
16 37
37 15
15 12
12 154
147 29
29 21
21 14
14 13
13 19
19 0
0 25
25 155
