1.91
170.406
2
106 131
119 144
100
100 0
2 0
14 0
125 0
101 1
44 1
16 1
48 1
126 1
102 2
26 2
127 2
103 3
27 3
22 3
49 3
128 3
104 4
46 4
42 4
129 4
105 5
28 5
7 5
130 5
106 6
131 6
107 7
41 7
1 7
21 7
132 7
108 8
0 8
24 8
37 8
133 8
109 9
4 9
6 9
134 9
110 10
31 10
135 10
111 11
30 11
8 11
136 11
112 12
10 12
137 12
113 13
33 13
38 13
138 13
114 14
47 14
12 14
139 14
115 15
35 15
45 15
140 15
116 16
40 16
15 16
18 16
39 16
141 16
117 17
19 17
17 17
32 17
142 17
118 18
43 18
11 18
3 18
143 18
119 19
144 19
120 20
13 20
25 20
145 20
121 21
20 21
146 21
122 22
5 22
29 22
34 22
147 22
123 23
36 23
148 23
124 24
23 24
9 24
149 24
75
100 2
2 14
14 125
101 44
44 16
16 48
48 126
102 26
26 127
103 27
27 22
22 49
49 128
104 46
46 42
42 129
105 28
28 7
7 130
106 131
107 41
41 1
1 21
21 132
108 0
0 24
24 37
37 133
109 4
4 6
6 134
110 31
31 135
111 30
30 8
8 136
112 10
10 137
113 33
33 38
38 138
114 47
47 12
12 139
115 35
35 45
45 140
116 40
40 15
15 18
18 39
39 141
117 19
19 17
17 32
32 142
118 43
43 11
11 3
3 143
119 144
120 13
13 25
25 145
121 20
20 146
122 5
5 29
29 34
34 147
123 36
36 148
124 23
23 9
9 149
