1.15
404.791
0
70
190 0
36 0
38 0
5 0
32 0
40 0
45 0
24 0
200 0
191 1
39 1
11 1
7 1
47 1
201 1
192 2
26 2
18 2
19 2
41 2
33 2
202 2
193 3
16 3
30 3
14 3
22 3
42 3
9 3
203 3
194 4
37 4
29 4
10 4
48 4
12 4
204 4
195 5
27 5
8 5
28 5
17 5
205 5
196 6
49 6
13 6
20 6
25 6
31 6
206 6
197 7
44 7
43 7
46 7
35 7
34 7
207 7
198 8
15 8
6 8
21 8
23 8
208 8
199 9
1 9
4 9
0 9
2 9
3 9
209 9
60
190 36
36 38
38 5
5 32
32 40
40 45
45 24
24 200
191 39
39 11
11 7
7 47
47 201
192 26
26 18
18 19
19 41
41 33
33 202
193 16
16 30
30 14
14 22
22 42
42 9
9 203
194 37
37 29
29 10
10 48
48 12
12 204
195 27
27 8
8 28
28 17
17 205
196 49
49 13
13 20
20 25
25 31
31 206
197 44
44 43
43 46
46 35
35 34
34 207
198 15
15 6
6 21
21 23
23 208
199 1
1 4
4 0
0 2
2 3
3 209
