1.93
128.481
0
96
120 0
15 0
13 0
36 0
41 0
7 0
38 0
138 0
121 1
42 1
33 1
8 1
139 1
122 2
59 2
5 2
52 2
140 2
123 3
35 3
6 3
32 3
31 3
141 3
124 4
46 4
12 4
1 4
142 4
125 5
20 5
143 5
126 6
21 6
144 6
127 7
43 7
19 7
145 7
128 8
10 8
146 8
129 9
44 9
27 9
58 9
147 9
130 10
16 10
37 10
14 10
28 10
148 10
131 11
4 11
34 11
22 11
50 11
149 11
132 12
57 12
54 12
11 12
26 12
150 12
133 13
47 13
3 13
17 13
9 13
51 13
151 13
134 14
55 14
0 14
25 14
24 14
23 14
152 14
135 15
56 15
29 15
40 15
153 15
136 16
2 16
18 16
45 16
39 16
154 16
137 17
53 17
30 17
49 17
48 17
155 17
78
120 15
15 13
13 36
36 41
41 7
7 38
38 138
121 42
42 33
33 8
8 139
122 59
59 5
5 52
52 140
123 35
35 6
6 32
32 31
31 141
124 46
46 12
12 1
1 142
125 20
20 143
126 21
21 144
127 43
43 19
19 145
128 10
10 146
129 44
44 27
27 58
58 147
130 16
16 37
37 14
14 28
28 148
131 4
4 34
34 22
22 50
50 149
132 57
57 54
54 11
11 26
26 150
133 47
47 3
3 17
17 9
9 51
51 151
134 55
55 0
0 25
25 24
24 23
23 152
135 56
56 29
29 40
40 153
136 2
2 18
18 45
45 39
39 154
137 53
53 30
30 49
49 48
48 155
