7.45
236.027
0
130
200 0
82 0
76 0
75 0
80 0
20 0
88 0
2 0
96 0
27 0
42 0
215 0
201 1
89 1
0 1
92 1
65 1
37 1
99 1
216 1
202 2
94 2
9 2
77 2
217 2
203 3
23 3
28 3
84 3
17 3
93 3
68 3
90 3
218 3
204 4
5 4
1 4
74 4
67 4
85 4
15 4
38 4
95 4
219 4
205 5
41 5
81 5
70 5
3 5
44 5
22 5
220 5
206 6
62 6
60 6
39 6
18 6
61 6
47 6
29 6
45 6
221 6
207 7
98 7
73 7
26 7
49 7
46 7
66 7
222 7
208 8
31 8
79 8
4 8
33 8
52 8
32 8
223 8
209 9
83 9
14 9
6 9
35 9
59 9
78 9
224 9
210 10
21 10
53 10
50 10
34 10
54 10
8 10
69 10
56 10
225 10
211 11
87 11
40 11
58 11
48 11
25 11
72 11
16 11
226 11
212 12
13 12
43 12
10 12
86 12
12 12
11 12
64 12
227 12
213 13
71 13
97 13
7 13
36 13
63 13
19 13
228 13
214 14
24 14
57 14
91 14
55 14
51 14
30 14
229 14
115
200 82
82 76
76 75
75 80
80 20
20 88
88 2
2 96
96 27
27 42
42 215
201 89
89 0
0 92
92 65
65 37
37 99
99 216
202 94
94 9
9 77
77 217
203 23
23 28
28 84
84 17
17 93
93 68
68 90
90 218
204 5
5 1
1 74
74 67
67 85
85 15
15 38
38 95
95 219
205 41
41 81
81 70
70 3
3 44
44 22
22 220
206 62
62 60
60 39
39 18
18 61
61 47
47 29
29 45
45 221
207 98
98 73
73 26
26 49
49 46
46 66
66 222
208 31
31 79
79 4
4 33
33 52
52 32
32 223
209 83
83 14
14 6
6 35
35 59
59 78
78 224
210 21
21 53
53 50
50 34
34 54
54 8
8 69
69 56
56 225
211 87
87 40
40 58
58 48
48 25
25 72
72 16
16 226
212 13
13 43
43 10
10 86
86 12
12 11
11 64
64 227
213 71
71 97
97 7
7 36
36 63
63 19
19 228
214 24
24 57
57 91
91 55
55 51
51 30
30 229
