0.18
71.483
0
60
60 0
14 0
23 0
75 0
61 1
13 1
76 1
62 2
19 2
21 2
77 2
63 3
8 3
78 3
64 4
9 4
0 4
79 4
65 5
27 5
20 5
22 5
25 5
80 5
66 6
7 6
12 6
5 6
81 6
67 7
24 7
82 7
68 8
6 8
83 8
69 9
3 9
18 9
84 9
70 10
10 10
15 10
2 10
85 10
71 11
11 11
26 11
86 11
72 12
16 12
4 12
1 12
87 12
73 13
17 13
88 13
74 14
29 14
28 14
89 14
45
60 14
14 23
23 75
61 13
13 76
62 19
19 21
21 77
63 8
8 78
64 9
9 0
0 79
65 27
27 20
20 22
22 25
25 80
66 7
7 12
12 5
5 81
67 24
24 82
68 6
6 83
69 3
3 18
18 84
70 10
10 15
15 2
2 85
71 11
11 26
26 86
72 16
16 4
4 1
1 87
73 17
17 88
74 29
29 28
28 89
