0.39
24.374
0
50
180 0
19 0
32 0
15 0
33 0
27 0
11 0
16 0
185 0
181 1
34 1
9 1
22 1
21 1
12 1
3 1
29 1
35 1
36 1
10 1
186 1
182 2
1 2
25 2
6 2
2 2
30 2
31 2
7 2
8 2
187 2
183 3
38 3
17 3
18 3
20 3
13 3
26 3
188 3
184 4
37 4
0 4
5 4
24 4
39 4
4 4
14 4
28 4
23 4
189 4
45
180 19
19 32
32 15
15 33
33 27
27 11
11 16
16 185
181 34
34 9
9 22
22 21
21 12
12 3
3 29
29 35
35 36
36 10
10 186
182 1
1 25
25 6
6 2
2 30
30 31
31 7
7 8
8 187
183 38
38 17
17 18
18 20
20 13
13 26
26 188
184 37
37 0
0 5
5 24
24 39
39 4
4 14
14 28
28 23
23 189
