2.37
887.031
0
96
120 0
26 0
34 0
138 0
121 1
29 1
21 1
46 1
37 1
139 1
122 2
50 2
8 2
35 2
140 2
123 3
43 3
14 3
38 3
53 3
141 3
124 4
40 4
3 4
22 4
142 4
125 5
9 5
23 5
17 5
59 5
143 5
126 6
51 6
27 6
2 6
144 6
127 7
57 7
15 7
18 7
145 7
128 8
32 8
39 8
54 8
10 8
146 8
129 9
24 9
4 9
28 9
147 9
130 10
16 10
1 10
7 10
148 10
131 11
20 11
31 11
149 11
132 12
19 12
56 12
36 12
150 12
133 13
48 13
11 13
5 13
41 13
151 13
134 14
13 14
45 14
49 14
47 14
152 14
135 15
12 15
6 15
44 15
0 15
153 15
136 16
42 16
52 16
154 16
137 17
58 17
30 17
55 17
25 17
33 17
155 17
78
120 26
26 34
34 138
121 29
29 21
21 46
46 37
37 139
122 50
50 8
8 35
35 140
123 43
43 14
14 38
38 53
53 141
124 40
40 3
3 22
22 142
125 9
9 23
23 17
17 59
59 143
126 51
51 27
27 2
2 144
127 57
57 15
15 18
18 145
128 32
32 39
39 54
54 10
10 146
129 24
24 4
4 28
28 147
130 16
16 1
1 7
7 148
131 20
20 31
31 149
132 19
19 56
56 36
36 150
133 48
48 11
11 5
5 41
41 151
134 13
13 45
45 49
49 47
47 152
135 12
12 6
6 44
44 0
0 153
136 42
42 52
52 154
137 58
58 30
30 55
55 25
25 33
33 155
