1.37
114.23
4
102 127
103 128
112 137
123 148
100
100 0
26 0
7 0
25 0
1 0
38 0
125 0
101 1
40 1
126 1
102 2
127 2
103 3
128 3
104 4
3 4
15 4
129 4
105 5
17 5
43 5
130 5
106 6
49 6
131 6
107 7
36 7
48 7
10 7
46 7
12 7
132 7
108 8
28 8
21 8
13 8
133 8
109 9
27 9
134 9
110 10
47 10
35 10
135 10
111 11
5 11
39 11
34 11
136 11
112 12
137 12
113 13
44 13
19 13
138 13
114 14
6 14
16 14
8 14
41 14
139 14
115 15
18 15
20 15
37 15
140 15
116 16
24 16
29 16
141 16
117 17
14 17
33 17
31 17
142 17
118 18
30 18
23 18
22 18
143 18
119 19
4 19
2 19
144 19
120 20
42 20
0 20
145 20
121 21
32 21
146 21
122 22
45 22
9 22
147 22
123 23
148 23
124 24
11 24
149 24
75
100 26
26 7
7 25
25 1
1 38
38 125
101 40
40 126
102 127
103 128
104 3
3 15
15 129
105 17
17 43
43 130
106 49
49 131
107 36
36 48
48 10
10 46
46 12
12 132
108 28
28 21
21 13
13 133
109 27
27 134
110 47
47 35
35 135
111 5
5 39
39 34
34 136
112 137
113 44
44 19
19 138
114 6
6 16
16 8
8 41
41 139
115 18
18 20
20 37
37 140
116 24
24 29
29 141
117 14
14 33
33 31
31 142
118 30
30 23
23 22
22 143
119 4
4 2
2 144
120 42
42 0
0 145
121 32
32 146
122 45
45 9
9 147
123 148
124 11
11 149
