1.86
119.888
0
96
120 0
19 0
52 0
2 0
31 0
44 0
138 0
121 1
41 1
23 1
1 1
139 1
122 2
57 2
40 2
26 2
140 2
123 3
36 3
13 3
15 3
141 3
124 4
29 4
55 4
4 4
142 4
125 5
48 5
38 5
143 5
126 6
32 6
144 6
127 7
17 7
12 7
47 7
145 7
128 8
9 8
30 8
146 8
129 9
35 9
10 9
147 9
130 10
46 10
45 10
8 10
20 10
148 10
131 11
49 11
59 11
3 11
54 11
149 11
132 12
0 12
7 12
42 12
150 12
133 13
51 13
14 13
151 13
134 14
50 14
21 14
18 14
152 14
135 15
53 15
39 15
25 15
27 15
153 15
136 16
24 16
33 16
16 16
5 16
28 16
11 16
6 16
154 16
137 17
58 17
22 17
43 17
37 17
34 17
56 17
155 17
78
120 19
19 52
52 2
2 31
31 44
44 138
121 41
41 23
23 1
1 139
122 57
57 40
40 26
26 140
123 36
36 13
13 15
15 141
124 29
29 55
55 4
4 142
125 48
48 38
38 143
126 32
32 144
127 17
17 12
12 47
47 145
128 9
9 30
30 146
129 35
35 10
10 147
130 46
46 45
45 8
8 20
20 148
131 49
49 59
59 3
3 54
54 149
132 0
0 7
7 42
42 150
133 51
51 14
14 151
134 50
50 21
21 18
18 152
135 53
53 39
39 25
25 27
27 153
136 24
24 33
33 16
16 5
5 28
28 11
11 6
6 154
137 58
58 22
22 43
43 37
37 34
34 56
56 155
