0.48
80.983
0
54
180 0
22 0
33 0
29 0
13 0
12 0
34 0
187 0
181 1
31 1
6 1
30 1
23 1
39 1
38 1
9 1
188 1
182 2
16 2
17 2
18 2
189 2
183 3
35 3
15 3
32 3
37 3
0 3
190 3
184 4
26 4
2 4
4 4
36 4
20 4
25 4
19 4
191 4
185 5
11 5
5 5
24 5
27 5
1 5
3 5
192 5
186 6
14 6
8 6
28 6
21 6
7 6
10 6
193 6
47
180 22
22 33
33 29
29 13
13 12
12 34
34 187
181 31
31 6
6 30
30 23
23 39
39 38
38 9
9 188
182 16
16 17
17 18
18 189
183 35
35 15
15 32
32 37
37 0
0 190
184 26
26 2
2 4
4 36
36 20
20 25
25 19
19 191
185 11
11 5
5 24
24 27
27 1
1 3
3 192
186 14
14 8
8 28
28 21
21 7
7 10
10 193
