0.48
95.974
1
91 111
80
80 0
18 0
100 0
81 1
37 1
101 1
82 2
21 2
12 2
29 2
102 2
83 3
3 3
4 3
103 3
84 4
8 4
104 4
85 5
15 5
24 5
35 5
105 5
86 6
9 6
26 6
106 6
87 7
20 7
5 7
27 7
107 7
88 8
6 8
11 8
14 8
108 8
89 9
13 9
0 9
34 9
109 9
90 10
36 10
25 10
39 10
110 10
91 11
111 11
92 12
22 12
38 12
112 12
93 13
31 13
10 13
113 13
94 14
2 14
1 14
114 14
95 15
23 15
30 15
7 15
115 15
96 16
17 16
116 16
97 17
32 17
28 17
117 17
98 18
33 18
118 18
99 19
19 19
16 19
119 19
60
80 18
18 100
81 37
37 101
82 21
21 12
12 29
29 102
83 3
3 4
4 103
84 8
8 104
85 15
15 24
24 35
35 105
86 9
9 26
26 106
87 20
20 5
5 27
27 107
88 6
6 11
11 14
14 108
89 13
13 0
0 34
34 109
90 36
36 25
25 39
39 110
91 111
92 22
22 38
38 112
93 31
31 10
10 113
94 2
2 1
1 114
95 23
23 30
30 7
7 115
96 17
17 116
97 32
32 28
28 117
98 33
33 118
99 19
19 16
16 119
