0.52
32.198
0
60
80 0
36 0
1 0
22 0
17 0
11 0
90 0
81 1
10 1
5 1
26 1
16 1
91 1
82 2
32 2
2 2
31 2
7 2
19 2
6 2
92 2
83 3
8 3
3 3
93 3
84 4
34 4
20 4
24 4
23 4
30 4
94 4
85 5
33 5
38 5
28 5
95 5
86 6
4 6
9 6
27 6
96 6
87 7
35 7
25 7
97 7
88 8
14 8
21 8
18 8
12 8
13 8
98 8
89 9
39 9
0 9
29 9
15 9
37 9
99 9
50
80 36
36 1
1 22
22 17
17 11
11 90
81 10
10 5
5 26
26 16
16 91
82 32
32 2
2 31
31 7
7 19
19 6
6 92
83 8
8 3
3 93
84 34
34 20
20 24
24 23
23 30
30 94
85 33
33 38
38 28
28 95
86 4
4 9
9 27
27 96
87 35
35 25
25 97
88 14
14 21
21 18
18 12
12 13
13 98
89 39
39 0
0 29
29 15
15 37
37 99
