0.86
378.92
0
66
170 0
15 0
17 0
32 0
49 0
13 0
30 0
178 0
171 1
36 1
18 1
25 1
42 1
46 1
14 1
179 1
172 2
12 2
3 2
5 2
1 2
38 2
180 2
173 3
21 3
45 3
39 3
6 3
7 3
37 3
181 3
174 4
23 4
22 4
8 4
20 4
41 4
24 4
0 4
182 4
175 5
47 5
11 5
27 5
35 5
33 5
34 5
16 5
26 5
183 5
176 6
4 6
44 6
43 6
28 6
2 6
184 6
177 7
9 7
19 7
48 7
31 7
29 7
10 7
40 7
185 7
58
170 15
15 17
17 32
32 49
49 13
13 30
30 178
171 36
36 18
18 25
25 42
42 46
46 14
14 179
172 12
12 3
3 5
5 1
1 38
38 180
173 21
21 45
45 39
39 6
6 7
7 37
37 181
174 23
23 22
22 8
8 20
20 41
41 24
24 0
0 182
175 47
47 11
11 27
27 35
35 33
33 34
34 16
16 26
26 183
176 4
4 44
44 43
43 28
28 2
2 184
177 9
9 19
19 48
48 31
31 29
29 10
10 40
40 185
