0.4
81.621
0
54
120 0
34 0
10 0
29 0
37 0
8 0
35 0
11 0
127 0
121 1
31 1
22 1
33 1
14 1
0 1
128 1
122 2
19 2
23 2
30 2
38 2
129 2
123 3
3 3
5 3
28 3
26 3
27 3
12 3
36 3
130 3
124 4
17 4
20 4
39 4
1 4
4 4
131 4
125 5
16 5
13 5
6 5
15 5
2 5
132 5
126 6
9 6
25 6
7 6
21 6
32 6
18 6
24 6
133 6
47
120 34
34 10
10 29
29 37
37 8
8 35
35 11
11 127
121 31
31 22
22 33
33 14
14 0
0 128
122 19
19 23
23 30
30 38
38 129
123 3
3 5
5 28
28 26
26 27
27 12
12 36
36 130
124 17
17 20
20 39
39 1
1 4
4 131
125 16
16 13
13 6
6 15
15 2
2 132
126 9
9 25
25 7
7 21
21 32
32 18
18 24
24 133
