0.24
108.356
0
60
60 0
22 0
25 0
75 0
61 1
14 1
7 1
76 1
62 2
4 2
17 2
13 2
77 2
63 3
10 3
3 3
21 3
16 3
78 3
64 4
20 4
79 4
65 5
2 5
1 5
80 5
66 6
9 6
29 6
26 6
81 6
67 7
28 7
82 7
68 8
5 8
12 8
83 8
69 9
23 9
84 9
70 10
11 10
15 10
85 10
71 11
18 11
86 11
72 12
27 12
8 12
87 12
73 13
24 13
88 13
74 14
6 14
0 14
19 14
89 14
45
60 22
22 25
25 75
61 14
14 7
7 76
62 4
4 17
17 13
13 77
63 10
10 3
3 21
21 16
16 78
64 20
20 79
65 2
2 1
1 80
66 9
9 29
29 26
26 81
67 28
28 82
68 5
5 12
12 83
69 23
23 84
70 11
11 15
15 85
71 18
18 86
72 27
27 8
8 87
73 24
24 88
74 6
6 0
0 19
19 89
