1.68
111.524
0
78
120 0
14 0
23 0
21 0
1 0
28 0
34 0
129 0
121 1
49 1
27 1
55 1
7 1
10 1
45 1
32 1
41 1
26 1
130 1
122 2
15 2
16 2
6 2
8 2
48 2
18 2
131 2
123 3
30 3
35 3
46 3
43 3
13 3
54 3
132 3
124 4
44 4
12 4
19 4
59 4
29 4
5 4
133 4
125 5
25 5
56 5
47 5
58 5
50 5
20 5
134 5
126 6
36 6
53 6
52 6
57 6
33 6
2 6
3 6
135 6
127 7
31 7
40 7
37 7
42 7
9 7
22 7
0 7
136 7
128 8
11 8
24 8
17 8
51 8
38 8
4 8
39 8
137 8
69
120 14
14 23
23 21
21 1
1 28
28 34
34 129
121 49
49 27
27 55
55 7
7 10
10 45
45 32
32 41
41 26
26 130
122 15
15 16
16 6
6 8
8 48
48 18
18 131
123 30
30 35
35 46
46 43
43 13
13 54
54 132
124 44
44 12
12 19
19 59
59 29
29 5
5 133
125 25
25 56
56 47
47 58
58 50
50 20
20 134
126 36
36 53
53 52
52 57
57 33
33 2
2 3
3 135
127 31
31 40
40 37
37 42
42 9
9 22
22 0
0 136
128 11
11 24
24 17
17 51
51 38
38 4
4 39
39 137
