0.76
71.394
0
64
170 0
3 0
21 0
23 0
5 0
10 0
24 0
177 0
171 1
45 1
0 1
47 1
48 1
25 1
30 1
2 1
22 1
33 1
178 1
172 2
17 2
37 2
44 2
31 2
4 2
16 2
179 2
173 3
43 3
18 3
15 3
12 3
1 3
40 3
180 3
174 4
39 4
28 4
36 4
41 4
46 4
49 4
13 4
181 4
175 5
6 5
34 5
20 5
9 5
7 5
32 5
19 5
14 5
27 5
182 5
176 6
8 6
26 6
29 6
35 6
42 6
11 6
38 6
183 6
57
170 3
3 21
21 23
23 5
5 10
10 24
24 177
171 45
45 0
0 47
47 48
48 25
25 30
30 2
2 22
22 33
33 178
172 17
17 37
37 44
44 31
31 4
4 16
16 179
173 43
43 18
18 15
15 12
12 1
1 40
40 180
174 39
39 28
28 36
36 41
41 46
46 49
49 13
13 181
175 6
6 34
34 20
20 9
9 7
7 32
32 19
19 14
14 27
27 182
176 8
8 26
26 29
29 35
35 42
42 11
11 38
38 183
