3.79
163.984
0
104
160 0
30 0
35 0
59 0
6 0
37 0
48 0
172 0
161 1
75 1
68 1
49 1
27 1
19 1
17 1
28 1
65 1
31 1
15 1
173 1
162 2
45 2
11 2
1 2
174 2
163 3
62 3
23 3
13 3
66 3
51 3
175 3
164 4
53 4
20 4
61 4
16 4
72 4
64 4
176 4
165 5
50 5
70 5
24 5
60 5
0 5
43 5
22 5
42 5
177 5
166 6
74 6
10 6
39 6
76 6
3 6
14 6
67 6
178 6
167 7
5 7
34 7
44 7
25 7
21 7
7 7
18 7
2 7
179 7
168 8
58 8
54 8
36 8
56 8
77 8
71 8
69 8
33 8
180 8
169 9
41 9
79 9
38 9
40 9
29 9
4 9
78 9
52 9
181 9
170 10
55 10
26 10
57 10
8 10
46 10
182 10
171 11
47 11
32 11
63 11
12 11
9 11
73 11
183 11
92
160 30
30 35
35 59
59 6
6 37
37 48
48 172
161 75
75 68
68 49
49 27
27 19
19 17
17 28
28 65
65 31
31 15
15 173
162 45
45 11
11 1
1 174
163 62
62 23
23 13
13 66
66 51
51 175
164 53
53 20
20 61
61 16
16 72
72 64
64 176
165 50
50 70
70 24
24 60
60 0
0 43
43 22
22 42
42 177
166 74
74 10
10 39
39 76
76 3
3 14
14 67
67 178
167 5
5 34
34 44
44 25
25 21
21 7
7 18
18 2
2 179
168 58
58 54
54 36
36 56
56 77
77 71
71 69
69 33
33 180
169 41
41 79
79 38
38 40
40 29
29 4
4 78
78 52
52 181
170 55
55 26
26 57
57 8
8 46
46 182
171 47
47 32
32 63
63 12
12 9
9 73
73 183
