0.68
47.103
0
54
140 0
29 0
36 0
28 0
8 0
31 0
33 0
30 0
147 0
141 1
21 1
11 1
17 1
15 1
26 1
148 1
142 2
35 2
5 2
16 2
22 2
149 2
143 3
19 3
23 3
34 3
32 3
12 3
7 3
3 3
150 3
144 4
25 4
24 4
13 4
38 4
4 4
151 4
145 5
1 5
6 5
39 5
0 5
37 5
20 5
9 5
152 5
146 6
10 6
18 6
27 6
14 6
2 6
153 6
47
140 29
29 36
36 28
28 8
8 31
31 33
33 30
30 147
141 21
21 11
11 17
17 15
15 26
26 148
142 35
35 5
5 16
16 22
22 149
143 19
19 23
23 34
34 32
32 12
12 7
7 3
3 150
144 25
25 24
24 13
13 38
38 4
4 151
145 1
1 6
6 39
39 0
0 37
37 20
20 9
9 152
146 10
10 18
18 27
27 14
14 2
2 153
