1.89
138.613
0
96
120 0
39 0
10 0
47 0
0 0
21 0
14 0
138 0
121 1
20 1
46 1
16 1
28 1
139 1
122 2
3 2
44 2
140 2
123 3
27 3
24 3
141 3
124 4
30 4
42 4
6 4
49 4
142 4
125 5
4 5
26 5
18 5
50 5
143 5
126 6
31 6
144 6
127 7
45 7
7 7
48 7
52 7
145 7
128 8
53 8
41 8
146 8
129 9
58 9
43 9
22 9
147 9
130 10
13 10
56 10
15 10
2 10
25 10
148 10
131 11
55 11
19 11
33 11
40 11
37 11
149 11
132 12
17 12
54 12
34 12
5 12
150 12
133 13
11 13
51 13
12 13
151 13
134 14
32 14
35 14
152 14
135 15
59 15
57 15
8 15
9 15
153 15
136 16
29 16
36 16
154 16
137 17
23 17
38 17
1 17
155 17
78
120 39
39 10
10 47
47 0
0 21
21 14
14 138
121 20
20 46
46 16
16 28
28 139
122 3
3 44
44 140
123 27
27 24
24 141
124 30
30 42
42 6
6 49
49 142
125 4
4 26
26 18
18 50
50 143
126 31
31 144
127 45
45 7
7 48
48 52
52 145
128 53
53 41
41 146
129 58
58 43
43 22
22 147
130 13
13 56
56 15
15 2
2 25
25 148
131 55
55 19
19 33
33 40
40 37
37 149
132 17
17 54
54 34
34 5
5 150
133 11
11 51
51 12
12 151
134 32
32 35
35 152
135 59
59 57
57 8
8 9
9 153
136 29
29 36
36 154
137 23
23 38
38 1
1 155
