0.42
56.471
0
52
160 0
22 0
32 0
12 0
29 0
21 0
15 0
166 0
161 1
16 1
38 1
3 1
8 1
5 1
13 1
33 1
167 1
162 2
36 2
30 2
20 2
25 2
31 2
37 2
23 2
168 2
163 3
17 3
0 3
39 3
14 3
27 3
18 3
2 3
169 3
164 4
34 4
11 4
35 4
10 4
6 4
170 4
165 5
19 5
9 5
4 5
1 5
26 5
28 5
24 5
7 5
171 5
46
160 22
22 32
32 12
12 29
29 21
21 15
15 166
161 16
16 38
38 3
3 8
8 5
5 13
13 33
33 167
162 36
36 30
30 20
20 25
25 31
31 37
37 23
23 168
163 17
17 0
0 39
39 14
14 27
27 18
18 2
2 169
164 34
34 11
11 35
35 10
10 6
6 170
165 19
19 9
9 4
4 1
1 26
26 28
28 24
24 7
7 171
