2.38
160.917
0
96
120 0
13 0
22 0
138 0
121 1
50 1
41 1
52 1
11 1
139 1
122 2
38 2
15 2
7 2
140 2
123 3
48 3
57 3
141 3
124 4
8 4
18 4
46 4
142 4
125 5
53 5
45 5
30 5
1 5
143 5
126 6
54 6
5 6
31 6
29 6
144 6
127 7
19 7
16 7
39 7
9 7
51 7
58 7
145 7
128 8
37 8
36 8
4 8
146 8
129 9
34 9
24 9
23 9
147 9
130 10
35 10
33 10
0 10
6 10
56 10
55 10
148 10
131 11
21 11
149 11
132 12
3 12
59 12
150 12
133 13
10 13
25 13
151 13
134 14
12 14
32 14
28 14
40 14
43 14
152 14
135 15
47 15
49 15
27 15
44 15
2 15
153 15
136 16
20 16
26 16
154 16
137 17
42 17
17 17
14 17
155 17
78
120 13
13 22
22 138
121 50
50 41
41 52
52 11
11 139
122 38
38 15
15 7
7 140
123 48
48 57
57 141
124 8
8 18
18 46
46 142
125 53
53 45
45 30
30 1
1 143
126 54
54 5
5 31
31 29
29 144
127 19
19 16
16 39
39 9
9 51
51 58
58 145
128 37
37 36
36 4
4 146
129 34
34 24
24 23
23 147
130 35
35 33
33 0
0 6
6 56
56 55
55 148
131 21
21 149
132 3
3 59
59 150
133 10
10 25
25 151
134 12
12 32
32 28
28 40
40 43
43 152
135 47
47 49
49 27
27 44
44 2
2 153
136 20
20 26
26 154
137 42
42 17
17 14
14 155
