1.76
403.349
0
74
190 0
43 0
23 0
5 0
202 0
191 1
30 1
8 1
34 1
18 1
203 1
192 2
26 2
33 2
13 2
204 2
193 3
37 3
38 3
14 3
15 3
11 3
205 3
194 4
48 4
44 4
46 4
206 4
195 5
9 5
0 5
47 5
28 5
19 5
207 5
196 6
35 6
17 6
27 6
208 6
197 7
24 7
41 7
16 7
1 7
4 7
39 7
209 7
198 8
6 8
12 8
3 8
21 8
210 8
199 9
45 9
32 9
2 9
20 9
29 9
211 9
200 10
40 10
49 10
36 10
212 10
201 11
31 11
22 11
42 11
7 11
25 11
10 11
213 11
62
190 43
43 23
23 5
5 202
191 30
30 8
8 34
34 18
18 203
192 26
26 33
33 13
13 204
193 37
37 38
38 14
14 15
15 11
11 205
194 48
48 44
44 46
46 206
195 9
9 0
0 47
47 28
28 19
19 207
196 35
35 17
17 27
27 208
197 24
24 41
41 16
16 1
1 4
4 39
39 209
198 6
6 12
12 3
3 21
21 210
199 45
45 32
32 2
2 20
20 29
29 211
200 40
40 49
49 36
36 212
201 31
31 22
22 42
42 7
7 25
25 10
10 213
