0.72
302.51
0
56
120 0
39 0
34 0
12 0
10 0
128 0
121 1
2 1
35 1
19 1
3 1
18 1
129 1
122 2
33 2
15 2
30 2
37 2
130 2
123 3
21 3
24 3
11 3
5 3
20 3
131 3
124 4
14 4
25 4
9 4
38 4
7 4
8 4
132 4
125 5
31 5
4 5
27 5
36 5
28 5
22 5
133 5
126 6
32 6
23 6
16 6
0 6
17 6
26 6
134 6
127 7
13 7
6 7
29 7
1 7
135 7
48
120 39
39 34
34 12
12 10
10 128
121 2
2 35
35 19
19 3
3 18
18 129
122 33
33 15
15 30
30 37
37 130
123 21
21 24
24 11
11 5
5 20
20 131
124 14
14 25
25 9
9 38
38 7
7 8
8 132
125 31
31 4
4 27
27 36
36 28
28 22
22 133
126 32
32 23
23 16
16 0
0 17
17 26
26 134
127 13
13 6
6 29
29 1
1 135
