0.91
99.069
0
66
190 0
29 0
37 0
1 0
30 0
24 0
4 0
198 0
191 1
14 1
11 1
36 1
38 1
199 1
192 2
46 2
16 2
32 2
13 2
49 2
200 2
193 3
33 3
31 3
7 3
8 3
27 3
3 3
9 3
45 3
201 3
194 4
48 4
21 4
17 4
5 4
19 4
2 4
6 4
15 4
34 4
40 4
202 4
195 5
42 5
23 5
28 5
41 5
26 5
203 5
196 6
20 6
10 6
18 6
47 6
25 6
22 6
204 6
197 7
12 7
44 7
35 7
43 7
0 7
39 7
205 7
58
190 29
29 37
37 1
1 30
30 24
24 4
4 198
191 14
14 11
11 36
36 38
38 199
192 46
46 16
16 32
32 13
13 49
49 200
193 33
33 31
31 7
7 8
8 27
27 3
3 9
9 45
45 201
194 48
48 21
21 17
17 5
5 19
19 2
2 6
6 15
15 34
34 40
40 202
195 42
42 23
23 28
28 41
41 26
26 203
196 20
20 10
10 18
18 47
47 25
25 22
22 204
197 12
12 44
44 35
35 43
43 0
0 39
39 205
