0.86
96.246
0
74
100 0
26 0
13 0
15 0
7 0
112 0
101 1
18 1
27 1
21 1
113 1
102 2
6 2
23 2
31 2
47 2
114 2
103 3
5 3
17 3
14 3
3 3
49 3
115 3
104 4
12 4
33 4
9 4
116 4
105 5
45 5
48 5
36 5
117 5
106 6
35 6
22 6
25 6
29 6
11 6
118 6
107 7
28 7
42 7
20 7
40 7
119 7
108 8
37 8
41 8
10 8
43 8
46 8
30 8
120 8
109 9
16 9
24 9
121 9
110 10
38 10
32 10
44 10
34 10
0 10
1 10
122 10
111 11
8 11
2 11
4 11
19 11
39 11
123 11
62
100 26
26 13
13 15
15 7
7 112
101 18
18 27
27 21
21 113
102 6
6 23
23 31
31 47
47 114
103 5
5 17
17 14
14 3
3 49
49 115
104 12
12 33
33 9
9 116
105 45
45 48
48 36
36 117
106 35
35 22
22 25
25 29
29 11
11 118
107 28
28 42
42 20
20 40
40 119
108 37
37 41
41 10
10 43
43 46
46 30
30 120
109 16
16 24
24 121
110 38
38 32
32 44
44 34
34 0
0 1
1 122
111 8
8 2
2 4
4 19
19 39
39 123
