0.87
79.06
0
64
150 0
48 0
41 0
44 0
15 0
10 0
14 0
27 0
157 0
151 1
46 1
22 1
23 1
36 1
24 1
37 1
43 1
12 1
158 1
152 2
19 2
42 2
17 2
16 2
4 2
25 2
33 2
38 2
40 2
159 2
153 3
32 3
9 3
30 3
160 3
154 4
13 4
29 4
34 4
8 4
0 4
1 4
161 4
155 5
45 5
21 5
31 5
3 5
20 5
35 5
28 5
26 5
11 5
162 5
156 6
2 6
7 6
6 6
18 6
47 6
49 6
39 6
5 6
163 6
57
150 48
48 41
41 44
44 15
15 10
10 14
14 27
27 157
151 46
46 22
22 23
23 36
36 24
24 37
37 43
43 12
12 158
152 19
19 42
42 17
17 16
16 4
4 25
25 33
33 38
38 40
40 159
153 32
32 9
9 30
30 160
154 13
13 29
29 34
34 8
8 0
0 1
1 161
155 45
45 21
21 31
31 3
3 20
20 35
35 28
28 26
26 11
11 162
156 2
2 7
7 6
6 18
18 47
47 49
49 39
39 5
5 163
