0.82
49.33
0
54
160 0
8 0
28 0
36 0
13 0
38 0
35 0
17 0
167 0
161 1
15 1
6 1
37 1
2 1
29 1
20 1
18 1
168 1
162 2
9 2
34 2
11 2
5 2
27 2
169 2
163 3
23 3
21 3
14 3
39 3
26 3
31 3
170 3
164 4
33 4
3 4
24 4
16 4
12 4
171 4
165 5
22 5
0 5
1 5
10 5
172 5
166 6
4 6
25 6
19 6
30 6
7 6
32 6
173 6
47
160 8
8 28
28 36
36 13
13 38
38 35
35 17
17 167
161 15
15 6
6 37
37 2
2 29
29 20
20 18
18 168
162 9
9 34
34 11
11 5
5 27
27 169
163 23
23 21
21 14
14 39
39 26
26 31
31 170
164 33
33 3
3 24
24 16
16 12
12 171
165 22
22 0
0 1
1 10
10 172
166 4
4 25
25 19
19 30
30 7
7 32
32 173
