0.29
57.967
0
50
120 0
18 0
15 0
22 0
5 0
3 0
14 0
125 0
121 1
23 1
31 1
16 1
38 1
26 1
35 1
29 1
21 1
126 1
122 2
2 2
37 2
10 2
32 2
28 2
6 2
30 2
4 2
11 2
36 2
7 2
127 2
123 3
12 3
25 3
27 3
24 3
1 3
34 3
20 3
128 3
124 4
39 4
13 4
17 4
33 4
8 4
9 4
0 4
19 4
129 4
45
120 18
18 15
15 22
22 5
5 3
3 14
14 125
121 23
23 31
31 16
16 38
38 26
26 35
35 29
29 21
21 126
122 2
2 37
37 10
10 32
32 28
28 6
6 30
30 4
4 11
11 36
36 7
7 127
123 12
12 25
25 27
27 24
24 1
1 34
34 20
20 128
124 39
39 13
13 17
17 33
33 8
8 9
9 0
0 19
19 129
