0.92
86.322
0
66
150 0
22 0
49 0
36 0
32 0
45 0
16 0
158 0
151 1
8 1
39 1
24 1
11 1
9 1
31 1
37 1
159 1
152 2
20 2
10 2
29 2
13 2
48 2
25 2
4 2
41 2
160 2
153 3
34 3
17 3
43 3
19 3
44 3
5 3
30 3
33 3
161 3
154 4
28 4
2 4
15 4
26 4
162 4
155 5
47 5
21 5
35 5
46 5
12 5
163 5
156 6
23 6
6 6
27 6
40 6
7 6
42 6
14 6
164 6
157 7
38 7
3 7
18 7
1 7
0 7
165 7
58
150 22
22 49
49 36
36 32
32 45
45 16
16 158
151 8
8 39
39 24
24 11
11 9
9 31
31 37
37 159
152 20
20 10
10 29
29 13
13 48
48 25
25 4
4 41
41 160
153 34
34 17
17 43
43 19
19 44
44 5
5 30
30 33
33 161
154 28
28 2
2 15
15 26
26 162
155 47
47 21
21 35
35 46
46 12
12 163
156 23
23 6
6 27
27 40
40 7
7 42
42 14
14 164
157 38
38 3
3 18
18 1
1 0
0 165
