0.5
54.956
0
54
180 0
2 0
6 0
3 0
28 0
14 0
33 0
187 0
181 1
39 1
25 1
36 1
18 1
35 1
29 1
30 1
27 1
188 1
182 2
20 2
21 2
13 2
1 2
189 2
183 3
0 3
37 3
16 3
9 3
17 3
190 3
184 4
7 4
10 4
32 4
11 4
12 4
34 4
191 4
185 5
4 5
19 5
15 5
38 5
8 5
192 5
186 6
26 6
23 6
24 6
31 6
22 6
5 6
193 6
47
180 2
2 6
6 3
3 28
28 14
14 33
33 187
181 39
39 25
25 36
36 18
18 35
35 29
29 30
30 27
27 188
182 20
20 21
21 13
13 1
1 189
183 0
0 37
37 16
16 9
9 17
17 190
184 7
7 10
10 32
32 11
11 12
12 34
34 191
185 4
4 19
19 15
15 38
38 8
8 192
186 26
26 23
23 24
24 31
31 22
22 5
5 193
