0.68
462.855
0
64
80 0
23 0
19 0
18 0
92 0
81 1
12 1
37 1
93 1
82 2
24 2
30 2
33 2
5 2
17 2
94 2
83 3
28 3
13 3
9 3
21 3
95 3
84 4
26 4
15 4
20 4
25 4
96 4
85 5
4 5
31 5
3 5
97 5
86 6
14 6
11 6
29 6
98 6
87 7
2 7
0 7
8 7
99 7
88 8
38 8
27 8
10 8
100 8
89 9
32 9
36 9
22 9
101 9
90 10
39 10
7 10
16 10
102 10
91 11
6 11
34 11
35 11
1 11
103 11
52
80 23
23 19
19 18
18 92
81 12
12 37
37 93
82 24
24 30
30 33
33 5
5 17
17 94
83 28
28 13
13 9
9 21
21 95
84 26
26 15
15 20
20 25
25 96
85 4
4 31
31 3
3 97
86 14
14 11
11 29
29 98
87 2
2 0
0 8
8 99
88 38
38 27
27 10
10 100
89 32
32 36
36 22
22 101
90 39
39 7
7 16
16 102
91 6
6 34
34 35
35 1
1 103
