0.34
56.139
0
52
80 0
6 0
27 0
20 0
36 0
39 0
18 0
86 0
81 1
28 1
13 1
30 1
34 1
23 1
4 1
32 1
31 1
87 1
82 2
8 2
1 2
22 2
24 2
29 2
88 2
83 3
21 3
10 3
33 3
5 3
9 3
35 3
16 3
89 3
84 4
0 4
37 4
14 4
38 4
3 4
15 4
25 4
19 4
90 4
85 5
11 5
12 5
26 5
17 5
2 5
7 5
91 5
46
80 6
6 27
27 20
20 36
36 39
39 18
18 86
81 28
28 13
13 30
30 34
34 23
23 4
4 32
32 31
31 87
82 8
8 1
1 22
22 24
24 29
29 88
83 21
21 10
10 33
33 5
5 9
9 35
35 16
16 89
84 0
0 37
37 14
14 38
38 3
3 15
15 25
25 19
19 90
85 11
11 12
12 26
26 17
17 2
2 7
7 91
