0.76
85.827
0
66
170 0
44 0
36 0
39 0
26 0
15 0
17 0
24 0
178 0
171 1
23 1
25 1
47 1
3 1
33 1
179 1
172 2
20 2
28 2
46 2
37 2
10 2
22 2
180 2
173 3
13 3
2 3
14 3
27 3
41 3
4 3
11 3
181 3
174 4
29 4
5 4
38 4
182 4
175 5
30 5
7 5
9 5
34 5
35 5
45 5
18 5
49 5
183 5
176 6
0 6
32 6
42 6
21 6
19 6
184 6
177 7
12 7
16 7
48 7
31 7
8 7
43 7
40 7
1 7
6 7
185 7
58
170 44
44 36
36 39
39 26
26 15
15 17
17 24
24 178
171 23
23 25
25 47
47 3
3 33
33 179
172 20
20 28
28 46
46 37
37 10
10 22
22 180
173 13
13 2
2 14
14 27
27 41
41 4
4 11
11 181
174 29
29 5
5 38
38 182
175 30
30 7
7 9
9 34
34 35
35 45
45 18
18 49
49 183
176 0
0 32
32 42
42 21
21 19
19 184
177 12
12 16
16 48
48 31
31 8
8 43
43 40
40 1
1 6
6 185
