1.27
521.045
2
82 102
90 110
80
80 0
38 0
27 0
10 0
100 0
81 1
12 1
37 1
101 1
82 2
102 2
83 3
28 3
13 3
9 3
21 3
103 3
84 4
26 4
15 4
104 4
85 5
19 5
18 5
105 5
86 6
14 6
11 6
106 6
87 7
2 7
0 7
8 7
107 7
88 8
1 8
108 8
89 9
7 9
16 9
109 9
90 10
110 10
91 11
6 11
32 11
36 11
111 11
92 12
4 12
31 12
3 12
112 12
93 13
20 13
113 13
94 14
24 14
30 14
25 14
114 14
95 15
33 15
5 15
17 15
115 15
96 16
34 16
35 16
116 16
97 17
23 17
117 17
98 18
22 18
118 18
99 19
39 19
29 19
119 19
60
80 38
38 27
27 10
10 100
81 12
12 37
37 101
82 102
83 28
28 13
13 9
9 21
21 103
84 26
26 15
15 104
85 19
19 18
18 105
86 14
14 11
11 106
87 2
2 0
0 8
8 107
88 1
1 108
89 7
7 16
16 109
90 110
91 6
6 32
32 36
36 111
92 4
4 31
31 3
3 112
93 20
20 113
94 24
24 30
30 25
25 114
95 33
33 5
5 17
17 115
96 34
34 35
35 116
97 23
23 117
98 22
22 118
99 39
39 29
29 119
