6.54
231.703
0
130
200 0
3 0
21 0
92 0
59 0
80 0
2 0
76 0
52 0
215 0
201 1
7 1
53 1
32 1
68 1
93 1
13 1
90 1
22 1
216 1
202 2
8 2
28 2
75 2
46 2
69 2
48 2
62 2
15 2
217 2
203 3
94 3
20 3
0 3
23 3
58 3
51 3
17 3
218 3
204 4
84 4
81 4
88 4
18 4
38 4
19 4
99 4
219 4
205 5
65 5
86 5
30 5
220 5
206 6
85 6
10 6
14 6
9 6
34 6
221 6
207 7
97 7
78 7
64 7
54 7
44 7
36 7
63 7
47 7
222 7
208 8
72 8
37 8
60 8
55 8
95 8
4 8
67 8
24 8
6 8
223 8
209 9
66 9
33 9
39 9
1 9
41 9
70 9
224 9
210 10
42 10
35 10
31 10
45 10
89 10
225 10
211 11
83 11
56 11
25 11
57 11
96 11
5 11
73 11
226 11
212 12
26 12
29 12
61 12
87 12
43 12
40 12
227 12
213 13
12 13
79 13
11 13
74 13
49 13
71 13
98 13
228 13
214 14
82 14
27 14
50 14
91 14
16 14
77 14
229 14
115
200 3
3 21
21 92
92 59
59 80
80 2
2 76
76 52
52 215
201 7
7 53
53 32
32 68
68 93
93 13
13 90
90 22
22 216
202 8
8 28
28 75
75 46
46 69
69 48
48 62
62 15
15 217
203 94
94 20
20 0
0 23
23 58
58 51
51 17
17 218
204 84
84 81
81 88
88 18
18 38
38 19
19 99
99 219
205 65
65 86
86 30
30 220
206 85
85 10
10 14
14 9
9 34
34 221
207 97
97 78
78 64
64 54
54 44
44 36
36 63
63 47
47 222
208 72
72 37
37 60
60 55
55 95
95 4
4 67
67 24
24 6
6 223
209 66
66 33
33 39
39 1
1 41
41 70
70 224
210 42
42 35
35 31
31 45
45 89
89 225
211 83
83 56
56 25
25 57
57 96
96 5
5 73
73 226
212 26
26 29
29 61
61 87
87 43
43 40
40 227
213 12
12 79
79 11
11 74
74 49
49 71
71 98
98 228
214 82
82 27
27 50
50 91
91 16
16 77
77 229
