0.58
516.64
3
80 100
90 110
94 114
80
80 0
100 0
81 1
23 1
15 1
101 1
82 2
8 2
20 2
2 2
102 2
83 3
9 3
6 3
103 3
84 4
16 4
30 4
104 4
85 5
5 5
105 5
86 6
32 6
24 6
10 6
19 6
106 6
87 7
35 7
36 7
37 7
107 7
88 8
0 8
108 8
89 9
39 9
18 9
11 9
109 9
90 10
110 10
91 11
26 11
28 11
29 11
111 11
92 12
21 12
13 12
38 12
112 12
93 13
14 13
31 13
22 13
113 13
94 14
114 14
95 15
4 15
115 15
96 16
12 16
116 16
97 17
34 17
33 17
117 17
98 18
27 18
1 18
25 18
118 18
99 19
17 19
7 19
3 19
119 19
60
80 100
81 23
23 15
15 101
82 8
8 20
20 2
2 102
83 9
9 6
6 103
84 16
16 30
30 104
85 5
5 105
86 32
32 24
24 10
10 19
19 106
87 35
35 36
36 37
37 107
88 0
0 108
89 39
39 18
18 11
11 109
90 110
91 26
26 28
28 29
29 111
92 21
21 13
13 38
38 112
93 14
14 31
31 22
22 113
94 114
95 4
4 115
96 12
12 116
97 34
34 33
33 117
98 27
27 1
1 25
25 118
99 17
17 7
7 3
3 119
