0.88
424.856
0
70
100 0
39 0
18 0
9 0
40 0
36 0
45 0
110 0
101 1
32 1
42 1
28 1
17 1
26 1
111 1
102 2
24 2
31 2
1 2
33 2
29 2
11 2
112 2
103 3
49 3
8 3
15 3
0 3
113 3
104 4
34 4
48 4
19 4
47 4
46 4
14 4
114 4
105 5
3 5
12 5
5 5
2 5
7 5
115 5
106 6
21 6
41 6
27 6
22 6
116 6
107 7
37 7
13 7
43 7
44 7
117 7
108 8
38 8
35 8
4 8
6 8
118 8
109 9
16 9
20 9
10 9
23 9
25 9
30 9
119 9
60
100 39
39 18
18 9
9 40
40 36
36 45
45 110
101 32
32 42
42 28
28 17
17 26
26 111
102 24
24 31
31 1
1 33
33 29
29 11
11 112
103 49
49 8
8 15
15 0
0 113
104 34
34 48
48 19
19 47
47 46
46 14
14 114
105 3
3 12
12 5
5 2
2 7
7 115
106 21
21 41
41 27
27 22
22 116
107 37
37 13
13 43
43 44
44 117
108 38
38 35
35 4
4 6
6 118
109 16
16 20
20 10
10 23
23 25
25 30
30 119
