0.64
122.998
1
91 111
80
80 0
24 0
25 0
100 0
81 1
20 1
101 1
82 2
26 2
1 2
3 2
102 2
83 3
19 3
8 3
22 3
103 3
84 4
17 4
7 4
33 4
104 4
85 5
6 5
105 5
86 6
15 6
31 6
14 6
106 6
87 7
30 7
23 7
107 7
88 8
21 8
38 8
4 8
108 8
89 9
13 9
109 9
90 10
12 10
110 10
91 11
111 11
92 12
35 12
32 12
28 12
34 12
112 12
93 13
2 13
5 13
10 13
9 13
113 13
94 14
18 14
114 14
95 15
36 15
37 15
0 15
115 15
96 16
11 16
29 16
116 16
97 17
39 17
117 17
98 18
27 18
118 18
99 19
16 19
119 19
60
80 24
24 25
25 100
81 20
20 101
82 26
26 1
1 3
3 102
83 19
19 8
8 22
22 103
84 17
17 7
7 33
33 104
85 6
6 105
86 15
15 31
31 14
14 106
87 30
30 23
23 107
88 21
21 38
38 4
4 108
89 13
13 109
90 12
12 110
91 111
92 35
35 32
32 28
28 34
34 112
93 2
2 5
5 10
10 9
9 113
94 18
18 114
95 36
36 37
37 0
0 115
96 11
11 29
29 116
97 39
39 117
98 27
27 118
99 16
16 119
