1.05
409.151
0
68
100 0
24 0
14 0
17 0
15 0
109 0
101 1
22 1
29 1
46 1
35 1
33 1
45 1
30 1
16 1
110 1
102 2
23 2
5 2
40 2
18 2
6 2
38 2
49 2
111 2
103 3
32 3
12 3
4 3
39 3
20 3
112 3
104 4
19 4
34 4
43 4
3 4
44 4
113 4
105 5
2 5
13 5
9 5
0 5
114 5
106 6
8 6
37 6
28 6
7 6
41 6
10 6
11 6
115 6
107 7
31 7
1 7
48 7
26 7
27 7
47 7
116 7
108 8
21 8
25 8
42 8
36 8
117 8
60
100 24
24 14
14 17
17 15
15 109
101 22
22 29
29 46
46 35
35 33
33 45
45 30
30 16
16 110
102 23
23 5
5 40
40 18
18 6
6 38
38 49
49 111
103 32
32 12
12 4
4 39
39 20
20 112
104 19
19 34
34 43
43 3
3 44
44 113
105 2
2 13
13 9
9 0
0 114
106 8
8 37
37 28
28 7
7 41
41 10
10 11
11 115
107 31
31 1
1 48
48 26
26 43
43 27
27 47
47 116
108 21
21 25
25 42
42 36
36 117
