2.66
732.922
2
112 137
119 144
100
100 0
25 0
8 0
125 0
101 1
33 1
12 1
11 1
126 1
102 2
32 2
46 2
127 2
103 3
44 3
34 3
18 3
128 3
104 4
40 4
35 4
129 4
105 5
10 5
130 5
106 6
29 6
2 6
17 6
48 6
131 6
107 7
45 7
20 7
4 7
132 7
108 8
36 8
15 8
28 8
133 8
109 9
26 9
39 9
43 9
134 9
110 10
22 10
6 10
135 10
111 11
13 11
136 11
112 12
137 12
113 13
41 13
7 13
42 13
138 13
114 14
9 14
23 14
139 14
115 15
27 15
14 15
140 15
116 16
49 16
141 16
117 17
37 17
1 17
142 17
118 18
16 18
21 18
143 18
119 19
144 19
120 20
5 20
38 20
3 20
145 20
121 21
0 21
146 21
122 22
47 22
147 22
123 23
19 23
31 23
30 23
148 23
124 24
24 24
149 24
75
100 25
25 8
8 125
101 33
33 12
12 11
11 126
102 32
32 46
46 127
103 44
44 34
34 18
18 128
104 40
40 35
35 129
105 10
10 130
106 29
29 2
2 17
17 48
48 131
107 45
45 20
20 4
4 132
108 36
36 15
15 28
28 133
109 26
26 39
39 43
43 134
110 22
22 6
6 135
111 13
13 136
112 137
113 41
41 7
7 42
42 138
114 9
9 23
23 139
115 27
27 14
14 140
116 49
49 141
117 37
37 1
1 142
118 16
16 21
21 143
119 144
120 5
5 38
38 3
3 145
121 0
0 146
122 47
47 147
123 19
19 31
31 30
30 148
124 24
24 149
