0.91
434.061
0
68
150 0
47 0
14 0
42 0
6 0
159 0
151 1
48 1
5 1
31 1
38 1
0 1
37 1
160 1
152 2
34 2
8 2
20 2
39 2
21 2
16 2
161 2
153 3
28 3
7 3
32 3
17 3
35 3
45 3
15 3
162 3
154 4
23 4
12 4
36 4
10 4
46 4
22 4
163 4
155 5
2 5
4 5
11 5
24 5
26 5
27 5
3 5
164 5
156 6
40 6
41 6
25 6
49 6
44 6
13 6
165 6
157 7
9 7
1 7
18 7
29 7
19 7
166 7
158 8
33 8
30 8
43 8
167 8
59
150 47
47 14
14 42
42 6
6 159
151 48
48 5
5 31
31 38
38 0
0 37
37 160
152 34
34 8
8 20
20 39
39 21
21 16
16 161
153 28
28 7
7 32
32 17
17 35
35 45
45 15
15 162
154 23
23 12
12 36
36 10
10 46
46 22
22 163
155 2
2 4
4 11
11 24
24 26
26 27
27 3
3 164
156 40
40 41
41 25
25 49
49 44
44 13
13 165
157 9
9 1
1 18
18 29
29 19
19 166
158 33
33 30
30 43
43 167
