0.56
45.67
0
54
180 0
0 0
37 0
38 0
24 0
22 0
26 0
187 0
181 1
29 1
8 1
20 1
12 1
188 1
182 2
21 2
19 2
39 2
16 2
1 2
7 2
189 2
183 3
25 3
31 3
28 3
10 3
190 3
184 4
30 4
14 4
34 4
35 4
23 4
18 4
4 4
27 4
191 4
185 5
6 5
9 5
5 5
3 5
32 5
192 5
186 6
15 6
13 6
2 6
33 6
17 6
11 6
36 6
193 6
47
180 0
0 37
37 38
38 24
24 22
22 26
26 187
181 29
29 8
8 20
20 12
12 188
182 21
21 19
19 39
39 16
16 1
1 7
7 189
183 25
25 31
31 28
28 10
10 190
184 30
30 14
14 34
34 35
35 23
23 18
18 4
4 27
27 191
185 6
6 9
9 5
5 3
3 32
32 192
186 15
15 13
13 2
2 33
33 17
17 11
11 36
36 193
