0.41
55.143
1
67 82
60
60 0
21 0
26 0
75 0
61 1
22 1
76 1
62 2
10 2
77 2
63 3
5 3
20 3
2 3
23 3
78 3
64 4
9 4
13 4
79 4
65 5
18 5
8 5
80 5
66 6
3 6
15 6
0 6
19 6
81 6
67 7
82 7
68 8
14 8
27 8
83 8
69 9
12 9
84 9
70 10
28 10
24 10
85 10
71 11
1 11
6 11
86 11
72 12
7 12
11 12
87 12
73 13
4 13
17 13
88 13
74 14
25 14
29 14
16 14
89 14
45
60 21
21 26
26 75
61 22
22 76
62 10
10 77
63 5
5 20
20 2
2 23
23 78
64 9
9 13
13 79
65 18
18 8
8 80
66 3
3 15
15 0
0 19
19 81
67 82
68 14
14 27
27 83
69 12
12 84
70 28
28 24
24 85
71 1
1 6
6 86
72 7
7 11
11 87
73 4
4 17
17 88
74 25
25 29
29 16
16 89
