0.45
73.456
0
60
80 0
24 0
32 0
28 0
34 0
90 0
81 1
11 1
18 1
20 1
29 1
91 1
82 2
26 2
2 2
1 2
12 2
9 2
33 2
92 2
83 3
39 3
3 3
13 3
93 3
84 4
17 4
7 4
31 4
14 4
94 4
85 5
36 5
37 5
0 5
27 5
95 5
86 6
15 6
5 6
10 6
25 6
96 6
87 7
35 7
6 7
30 7
23 7
97 7
88 8
21 8
38 8
4 8
98 8
89 9
19 9
8 9
16 9
22 9
99 9
50
80 24
24 32
32 28
28 34
34 90
81 11
11 18
18 20
20 29
29 91
82 26
26 2
2 1
1 12
12 9
9 33
33 92
83 39
39 3
3 13
13 93
84 17
17 7
7 31
31 14
14 94
85 36
36 37
37 0
0 27
27 95
86 15
15 5
5 10
10 25
25 96
87 35
35 6
6 30
30 23
23 97
88 21
21 38
38 4
4 98
89 19
19 8
8 16
16 22
22 99
