9.59
1376.62
0
152
200 0
95 0
4 0
36 0
20 0
82 0
226 0
201 1
58 1
76 1
92 1
227 1
202 2
24 2
37 2
71 2
228 2
203 3
40 3
89 3
90 3
33 3
229 3
204 4
15 4
8 4
96 4
51 4
230 4
205 5
94 5
29 5
52 5
46 5
231 5
206 6
41 6
34 6
83 6
232 6
207 7
55 7
32 7
62 7
233 7
208 8
7 8
80 8
64 8
38 8
234 8
209 9
43 9
27 9
0 9
39 9
73 9
47 9
19 9
235 9
210 10
93 10
1 10
56 10
236 10
211 11
45 11
84 11
13 11
74 11
49 11
237 11
212 12
26 12
3 12
79 12
238 12
213 13
70 13
42 13
10 13
239 13
214 14
85 14
48 14
25 14
22 14
98 14
28 14
240 14
215 15
77 15
60 15
241 15
216 16
18 16
63 16
6 16
68 16
242 16
217 17
30 17
88 17
87 17
21 17
243 17
218 18
91 18
57 18
2 18
66 18
244 18
219 19
11 19
23 19
5 19
245 19
220 20
12 20
31 20
78 20
50 20
246 20
221 21
9 21
99 21
54 21
65 21
247 21
222 22
97 22
69 22
35 22
248 22
223 23
16 23
14 23
75 23
72 23
86 23
249 23
224 24
53 24
17 24
59 24
44 24
250 24
225 25
81 25
61 25
67 25
251 25
127
200 95
95 4
4 36
36 20
20 82
82 226
201 58
58 76
76 92
92 227
202 24
24 37
37 71
71 228
203 40
40 89
89 90
90 33
33 229
204 15
15 8
8 96
96 51
51 230
205 94
94 29
29 52
52 46
46 231
206 41
41 34
34 83
83 232
207 55
55 32
32 62
62 233
208 7
7 80
80 64
64 38
38 234
209 43
43 27
27 0
0 39
39 73
73 47
47 19
19 235
210 93
93 1
1 56
56 236
211 45
45 84
84 13
13 74
74 49
49 237
212 26
26 3
3 79
79 238
213 70
70 42
42 10
10 239
214 85
85 48
48 25
25 22
22 98
98 28
28 240
215 77
77 60
60 241
216 18
18 63
63 6
6 68
68 242
217 30
30 88
88 87
87 21
21 243
218 91
91 57
57 2
2 66
66 244
219 11
11 23
23 5
5 245
220 12
12 31
31 78
78 50
50 246
221 9
9 99
99 54
54 65
65 247
222 97
97 69
69 35
35 248
223 16
16 14
14 75
75 72
72 86
86 249
224 53
53 17
17 59
59 44
44 250
225 81
81 61
61 90
90 67
67 251
