0.27
388.371
0
60
60 0
7 0
20 0
0 0
75 0
61 1
14 1
12 1
1 1
76 1
62 2
19 2
8 2
5 2
77 2
63 3
10 3
4 3
78 3
64 4
17 4
3 4
79 4
65 5
2 5
80 5
66 6
11 6
15 6
81 6
67 7
22 7
18 7
82 7
68 8
13 8
26 8
24 8
83 8
69 9
6 9
27 9
84 9
70 10
28 10
85 10
71 11
16 11
29 11
86 11
72 12
25 12
21 12
87 12
73 13
23 13
88 13
74 14
9 14
89 14
45
60 7
7 20
20 0
0 75
61 14
14 12
12 1
1 76
62 19
19 8
8 5
5 77
63 10
10 4
4 78
64 17
17 3
3 79
65 2
2 80
66 11
11 15
15 81
67 22
22 18
18 82
68 13
13 26
26 24
24 83
69 6
6 27
27 84
70 28
28 85
71 16
16 29
29 86
72 25
25 21
21 87
73 23
23 88
74 9
9 89
