1.03
401.411
0
70
150 0
33 0
15 0
43 0
19 0
18 0
36 0
160 0
151 1
26 1
34 1
30 1
17 1
161 1
152 2
35 2
46 2
20 2
45 2
8 2
1 2
12 2
162 2
153 3
23 3
2 3
13 3
38 3
5 3
163 3
154 4
29 4
47 4
22 4
16 4
32 4
44 4
164 4
155 5
27 5
25 5
14 5
165 5
156 6
37 6
48 6
11 6
40 6
41 6
24 6
166 6
157 7
49 7
39 7
6 7
0 7
167 7
158 8
10 8
4 8
28 8
9 8
42 8
168 8
159 9
3 9
31 9
7 9
21 9
169 9
60
150 33
33 15
15 43
43 19
19 18
18 36
36 160
151 26
26 34
34 30
30 17
17 161
152 35
35 46
46 20
20 45
45 8
8 1
1 12
12 162
153 23
23 2
2 13
13 38
38 5
5 163
154 29
29 47
47 22
22 16
16 32
32 44
44 164
155 27
27 25
25 14
14 165
156 37
37 48
48 11
11 40
40 41
41 24
24 166
157 49
49 39
39 6
6 0
0 167
158 10
10 4
4 28
28 9
9 42
42 168
159 3
3 31
31 7
7 21
21 169
