0.23
433.883
0
60
60 0
5 0
15 0
10 0
75 0
61 1
0 1
18 1
76 1
62 2
11 2
8 2
77 2
63 3
4 3
21 3
28 3
78 3
64 4
12 4
79 4
65 5
2 5
29 5
80 5
66 6
19 6
23 6
81 6
67 7
7 7
22 7
3 7
82 7
68 8
25 8
13 8
83 8
69 9
26 9
14 9
84 9
70 10
20 10
9 10
85 10
71 11
6 11
86 11
72 12
16 12
87 12
73 13
27 13
17 13
88 13
74 14
24 14
1 14
89 14
45
60 5
5 15
15 10
10 75
61 0
0 18
18 76
62 11
11 8
8 77
63 4
4 21
21 28
28 78
64 12
12 79
65 2
2 29
29 80
66 19
19 23
23 81
67 7
7 22
22 3
3 82
68 25
25 13
13 83
69 26
26 14
14 84
70 20
20 9
9 85
71 6
6 86
72 16
16 87
73 27
27 17
17 88
74 24
24 1
1 89
