0.77
324.573
0
66
130 0
11 0
16 0
43 0
19 0
5 0
48 0
138 0
131 1
1 1
35 1
17 1
27 1
20 1
15 1
22 1
139 1
132 2
12 2
0 2
29 2
45 2
14 2
8 2
140 2
133 3
21 3
42 3
7 3
40 3
26 3
23 3
141 3
134 4
2 4
6 4
36 4
33 4
4 4
28 4
142 4
135 5
41 5
49 5
44 5
30 5
9 5
10 5
37 5
143 5
136 6
39 6
18 6
25 6
13 6
47 6
144 6
137 7
31 7
24 7
38 7
32 7
34 7
3 7
46 7
145 7
58
130 11
11 16
16 43
43 19
19 5
5 48
48 138
131 1
1 35
35 17
17 27
27 20
20 15
15 22
22 139
132 12
12 0
0 29
29 45
45 14
14 8
8 140
133 21
21 42
42 7
7 40
40 26
26 23
23 141
134 2
2 6
6 36
36 33
33 4
4 28
28 142
135 41
41 49
49 44
44 30
30 9
9 10
10 37
37 143
136 39
39 18
18 25
25 13
13 47
47 144
137 31
31 24
24 38
38 32
32 34
34 3
3 46
46 145
