9.1
207.275
0
152
200 0
63 0
50 0
88 0
226 0
201 1
35 1
66 1
33 1
21 1
227 1
202 2
68 2
10 2
228 2
203 3
20 3
53 3
85 3
38 3
19 3
14 3
229 3
204 4
6 4
34 4
32 4
90 4
67 4
40 4
230 4
205 5
55 5
25 5
69 5
231 5
206 6
41 6
92 6
232 6
207 7
58 7
45 7
91 7
94 7
233 7
208 8
98 8
5 8
86 8
11 8
15 8
51 8
54 8
234 8
209 9
16 9
44 9
96 9
29 9
235 9
210 10
1 10
43 10
236 10
211 11
24 11
0 11
237 11
212 12
48 12
79 12
23 12
17 12
30 12
77 12
71 12
238 12
213 13
72 13
78 13
49 13
8 13
31 13
18 13
239 13
214 14
83 14
7 14
80 14
64 14
240 14
215 15
97 15
27 15
62 15
99 15
241 15
216 16
39 16
61 16
242 16
217 17
9 17
93 17
46 17
65 17
243 17
218 18
28 18
60 18
87 18
2 18
73 18
244 18
219 19
42 19
75 19
22 19
245 19
220 20
70 20
57 20
74 20
13 20
246 20
221 21
3 21
36 21
47 21
247 21
222 22
81 22
95 22
248 22
223 23
56 23
59 23
84 23
82 23
52 23
249 23
224 24
4 24
37 24
250 24
225 25
12 25
76 25
89 25
26 25
251 25
126
200 63
63 50
50 88
88 226
201 35
35 66
66 33
33 21
21 227
202 68
68 10
10 228
203 20
20 53
53 85
85 38
38 19
19 14
14 229
204 6
6 34
34 32
32 90
90 67
67 40
40 230
205 55
55 25
25 69
69 231
206 41
41 92
92 232
207 58
58 45
45 91
91 94
94 233
208 98
98 5
5 86
86 11
11 15
15 51
51 54
54 234
209 16
16 44
44 96
96 29
29 235
210 1
1 43
43 236
211 24
24 0
0 237
212 48
48 79
79 23
23 17
17 30
30 77
77 71
71 238
213 72
72 78
78 49
49 8
8 31
31 18
18 239
214 83
83 7
7 80
80 64
64 240
215 97
97 27
27 62
62 99
99 241
216 39
39 61
61 242
217 9
9 93
93 46
46 65
65 243
218 28
28 60
60 87
87 2
2 73
73 244
219 42
42 75
75 22
22 245
220 70
70 57
57 74
74 13
13 246
221 3
3 36
36 47
47 247
222 81
81 95
95 248
223 56
56 59
59 84
84 82
82 52
52 249
224 4
4 37
37 250
225 12
12 76
76 89
89 26
26 251
