1.17
708.753
0
82
100 0
1 0
5 0
6 0
10 0
116 0
101 1
44 1
24 1
48 1
27 1
117 1
102 2
8 2
20 2
2 2
118 2
103 3
12 3
37 3
17 3
119 3
104 4
47 4
35 4
26 4
15 4
120 4
105 5
36 5
39 5
43 5
121 5
106 6
46 6
3 6
30 6
122 6
107 7
19 7
41 7
23 7
123 7
108 8
13 8
11 8
124 8
109 9
22 9
31 9
9 9
125 9
110 10
0 10
38 10
126 10
111 11
40 11
4 11
127 11
112 12
33 12
45 12
32 12
7 12
16 12
128 12
113 13
18 13
28 13
21 13
129 13
114 14
25 14
29 14
34 14
130 14
115 15
49 15
14 15
42 15
131 15
66
100 1
1 5
5 6
6 10
10 116
101 44
44 24
24 48
48 27
27 117
102 8
8 20
20 2
2 118
103 12
12 37
37 17
17 119
104 47
47 35
35 26
26 15
15 120
105 36
36 39
39 43
43 121
106 46
46 3
3 30
30 122
107 19
19 41
41 23
23 123
108 13
13 11
11 124
109 22
22 31
31 9
9 125
110 0
0 38
38 126
111 40
40 4
4 127
112 33
33 45
45 32
32 7
7 16
16 128
113 18
18 28
28 21
21 129
114 25
25 29
29 34
34 130
115 49
49 14
14 42
42 131
