1
60.747
0
62
190 0
5 0
22 0
18 0
49 0
4 0
19 0
47 0
42 0
48 0
25 0
31 0
196 0
191 1
27 1
3 1
6 1
1 1
46 1
2 1
24 1
44 1
0 1
197 1
192 2
20 2
41 2
29 2
34 2
198 2
193 3
32 3
35 3
13 3
23 3
39 3
43 3
199 3
194 4
30 4
37 4
7 4
16 4
36 4
17 4
12 4
9 4
21 4
40 4
26 4
200 4
195 5
28 5
11 5
38 5
10 5
15 5
33 5
8 5
45 5
14 5
201 5
56
190 5
5 22
22 18
18 49
49 4
4 19
19 47
47 42
42 48
48 25
25 31
31 196
191 27
27 3
3 6
6 1
1 46
46 2
2 24
24 44
44 0
0 197
192 20
20 41
41 29
29 34
34 198
193 32
32 35
35 13
13 23
23 39
39 43
43 199
194 30
30 37
37 7
7 16
16 36
36 17
17 12
12 9
9 21
21 40
40 26
26 200
195 28
28 11
11 38
38 10
10 15
15 33
33 8
8 45
45 14
14 201
