3.7
153.197
0
124
160 0
0 0
10 0
20 0
182 0
161 1
55 1
74 1
64 1
18 1
183 1
162 2
71 2
58 2
73 2
41 2
22 2
3 2
14 2
184 2
163 3
47 3
78 3
23 3
66 3
68 3
185 3
164 4
21 4
17 4
2 4
186 4
165 5
59 5
49 5
70 5
51 5
31 5
187 5
166 6
24 6
12 6
40 6
25 6
188 6
167 7
37 7
60 7
189 7
168 8
8 8
7 8
15 8
76 8
36 8
190 8
169 9
62 9
48 9
57 9
13 9
52 9
69 9
16 9
191 9
170 10
11 10
79 10
34 10
54 10
192 10
171 11
77 11
193 11
172 12
38 12
75 12
44 12
194 12
173 13
28 13
63 13
195 13
174 14
65 14
9 14
39 14
61 14
196 14
175 15
67 15
1 15
35 15
197 15
176 16
27 16
32 16
72 16
198 16
177 17
56 17
26 17
29 17
199 17
178 18
45 18
19 18
200 18
179 19
30 19
33 19
201 19
180 20
43 20
5 20
53 20
50 20
4 20
202 20
181 21
6 21
46 21
42 21
203 21
102
160 0
0 10
10 20
20 182
161 55
55 74
74 64
64 18
18 183
162 71
71 58
58 73
73 41
41 22
22 3
3 14
14 184
163 47
47 78
78 23
23 66
66 68
68 185
164 21
21 17
17 2
2 186
165 59
59 49
49 70
70 51
51 31
31 187
166 24
24 12
12 40
40 25
25 188
167 37
37 60
60 189
168 8
8 7
7 15
15 76
76 36
36 190
169 62
62 48
48 57
57 13
13 52
52 69
69 16
16 191
170 11
11 79
79 34
34 54
54 192
171 77
77 193
172 38
38 75
75 44
44 194
173 28
28 63
63 195
174 65
65 9
9 39
39 61
61 196
175 67
67 1
1 35
35 197
176 27
27 32
32 72
72 198
177 56
56 26
26 29
29 199
178 45
45 19
19 200
179 30
30 33
33 201
180 43
43 5
5 53
53 50
50 4
4 202
181 6
6 46
46 42
42 203
