4.62
193.035
0
104
160 0
0 0
25 0
22 0
60 0
73 0
9 0
20 0
172 0
161 1
44 1
29 1
8 1
65 1
4 1
33 1
54 1
173 1
162 2
46 2
68 2
28 2
13 2
74 2
1 2
6 2
174 2
163 3
47 3
64 3
52 3
19 3
10 3
41 3
175 3
164 4
12 4
53 4
37 4
14 4
70 4
176 4
165 5
76 5
38 5
23 5
50 5
45 5
34 5
177 5
166 6
16 6
78 6
51 6
36 6
43 6
63 6
178 6
167 7
5 7
69 7
57 7
15 7
26 7
49 7
179 7
168 8
66 8
39 8
56 8
75 8
27 8
72 8
67 8
180 8
169 9
35 9
17 9
71 9
32 9
62 9
48 9
18 9
181 9
170 10
21 10
2 10
77 10
59 10
42 10
30 10
182 10
171 11
58 11
7 11
55 11
31 11
40 11
24 11
61 11
11 11
79 11
3 11
183 11
92
160 0
0 25
25 22
22 60
60 73
73 9
9 20
20 172
161 44
44 29
29 8
8 65
65 4
4 33
33 54
54 173
162 46
46 68
68 28
28 13
13 74
74 1
1 6
6 174
163 47
47 64
64 52
52 19
19 10
10 41
41 175
164 12
12 53
53 37
37 14
14 70
70 176
165 76
76 38
38 23
23 50
50 45
45 34
34 177
166 16
16 78
78 51
51 36
36 43
43 63
63 178
167 5
5 69
69 57
57 15
15 26
26 49
49 179
168 66
66 39
39 56
56 75
75 27
27 72
72 67
67 180
169 35
35 17
17 71
71 32
32 62
62 48
48 18
18 181
170 21
21 2
2 77
77 59
59 42
42 30
30 182
171 58
58 7
7 55
55 31
31 40
40 24
24 61
61 11
11 79
79 3
3 183
