0.34
77.276
0
52
80 0
36 0
39 0
11 0
7 0
30 0
28 0
20 0
86 0
81 1
5 1
8 1
14 1
25 1
26 1
3 1
22 1
87 1
82 2
0 2
6 2
23 2
16 2
27 2
31 2
88 2
83 3
38 3
21 3
13 3
9 3
1 3
2 3
37 3
18 3
89 3
84 4
24 4
17 4
35 4
12 4
4 4
32 4
19 4
90 4
85 5
33 5
15 5
29 5
10 5
34 5
91 5
46
80 36
36 39
39 11
11 7
7 30
30 28
28 20
20 86
81 5
5 8
8 14
14 25
25 26
26 3
3 22
22 87
82 0
0 6
6 23
23 16
16 27
27 31
31 88
83 38
38 21
21 13
13 9
9 1
1 2
2 37
37 18
18 89
84 24
24 17
17 35
35 12
12 4
4 32
32 19
19 90
85 33
33 15
15 29
29 10
10 34
34 91
