1.01
99.063
0
66
150 0
0 0
43 0
25 0
5 0
41 0
17 0
11 0
16 0
158 0
151 1
35 1
7 1
47 1
3 1
159 1
152 2
2 2
27 2
38 2
49 2
19 2
32 2
160 2
153 3
31 3
23 3
48 3
39 3
13 3
15 3
44 3
161 3
154 4
36 4
42 4
29 4
9 4
14 4
46 4
162 4
155 5
34 5
18 5
22 5
12 5
24 5
33 5
10 5
163 5
156 6
8 6
1 6
20 6
37 6
164 6
157 7
26 7
28 7
21 7
4 7
40 7
30 7
45 7
6 7
165 7
58
150 0
0 43
43 25
25 5
5 41
41 17
17 11
11 16
16 158
151 35
35 7
7 47
47 3
3 159
152 2
2 27
27 38
38 49
49 19
19 32
32 160
153 31
31 23
23 48
48 39
39 13
13 15
15 44
44 161
154 36
36 42
42 29
29 9
9 14
14 46
46 162
155 34
34 18
18 22
22 12
12 24
24 33
33 10
10 163
156 8
8 1
1 20
20 37
37 164
157 26
26 28
28 21
21 4
4 40
40 30
30 45
45 6
6 165
