0.59
262.905
0
58
120 0
31 0
22 0
1 0
2 0
18 0
129 0
121 1
7 1
15 1
35 1
38 1
130 1
122 2
17 2
16 2
10 2
23 2
25 2
131 2
123 3
28 3
13 3
26 3
8 3
19 3
132 3
124 4
30 4
37 4
32 4
21 4
133 4
125 5
27 5
24 5
34 5
20 5
29 5
134 5
126 6
5 6
4 6
33 6
14 6
135 6
127 7
36 7
9 7
6 7
11 7
136 7
128 8
39 8
0 8
12 8
3 8
137 8
49
120 31
31 22
22 1
1 2
2 18
18 129
121 7
7 15
15 35
35 38
38 130
122 17
17 16
16 10
10 23
23 25
25 131
123 28
28 13
13 26
26 8
8 19
19 132
124 30
30 37
37 32
32 21
21 133
125 27
27 24
24 34
34 20
20 29
29 134
126 5
5 4
4 33
33 14
14 135
127 36
36 9
9 6
6 11
11 136
128 39
39 0
0 12
12 3
3 137
