2.04
902.854
0
96
120 0
27 0
5 0
138 0
121 1
45 1
2 1
29 1
53 1
139 1
122 2
24 2
1 2
12 2
52 2
140 2
123 3
49 3
4 3
19 3
141 3
124 4
17 4
44 4
13 4
142 4
125 5
48 5
36 5
18 5
10 5
143 5
126 6
55 6
56 6
20 6
15 6
144 6
127 7
28 7
57 7
37 7
32 7
58 7
145 7
128 8
14 8
0 8
8 8
146 8
129 9
7 9
40 9
23 9
147 9
130 10
26 10
46 10
50 10
148 10
131 11
42 11
25 11
149 11
132 12
33 12
34 12
6 12
150 12
133 13
35 13
54 13
31 13
16 13
151 13
134 14
21 14
11 14
152 14
135 15
30 15
22 15
47 15
3 15
9 15
39 15
153 15
136 16
38 16
51 16
43 16
154 16
137 17
41 17
59 17
155 17
78
120 27
27 5
5 138
121 45
45 2
2 29
29 53
53 139
122 24
24 1
1 12
12 52
52 140
123 49
49 4
4 19
19 141
124 17
17 44
44 13
13 142
125 48
48 36
36 18
18 10
10 143
126 55
55 56
56 20
20 15
15 144
127 28
28 57
57 37
37 32
32 58
58 145
128 14
14 0
0 8
8 146
129 7
7 40
40 23
23 147
130 26
26 46
46 50
50 148
131 42
42 25
25 149
132 33
33 34
34 6
6 150
133 35
35 54
54 31
31 16
16 151
134 21
21 11
11 152
135 30
30 22
22 47
47 3
3 9
9 39
39 153
136 38
38 51
51 43
43 154
137 41
41 59
59 155
