0.81
365.47
0
66
130 0
35 0
27 0
4 0
48 0
10 0
5 0
138 0
131 1
42 1
0 1
3 1
45 1
46 1
30 1
139 1
132 2
25 2
47 2
31 2
32 2
34 2
140 2
133 3
2 3
40 3
15 3
17 3
11 3
19 3
41 3
141 3
134 4
21 4
7 4
16 4
14 4
12 4
20 4
22 4
1 4
142 4
135 5
13 5
8 5
43 5
49 5
37 5
6 5
143 5
136 6
24 6
29 6
9 6
28 6
23 6
44 6
144 6
137 7
38 7
18 7
26 7
36 7
39 7
33 7
145 7
59
130 35
35 27
27 4
4 48
48 10
10 5
5 138
131 42
42 0
0 3
3 45
45 46
46 30
30 139
132 25
25 47
47 31
31 48
48 32
32 34
34 140
133 2
2 40
40 15
15 17
17 11
11 19
19 41
41 141
134 21
21 7
7 16
16 14
14 12
12 20
20 22
22 1
1 142
135 13
13 8
8 43
43 49
49 37
37 6
6 143
136 24
24 29
29 9
9 28
28 23
23 44
44 144
137 38
38 18
18 26
26 36
36 39
39 33
33 145
