8.23
1466.98
0
152
200 0
29 0
63 0
1 0
226 0
201 1
17 1
88 1
37 1
227 1
202 2
4 2
65 2
53 2
61 2
228 2
203 3
86 3
87 3
90 3
71 3
43 3
229 3
204 4
47 4
230 4
205 5
84 5
6 5
77 5
231 5
206 6
12 6
49 6
68 6
232 6
207 7
14 7
33 7
23 7
233 7
208 8
46 8
83 8
234 8
209 9
51 9
0 9
31 9
81 9
235 9
210 10
2 10
24 10
42 10
236 10
211 11
15 11
73 11
55 11
21 11
237 11
212 12
8 12
34 12
41 12
95 12
238 12
213 13
26 13
39 13
7 13
97 13
48 13
239 13
214 14
16 14
93 14
18 14
38 14
240 14
215 15
56 15
50 15
78 15
40 15
25 15
241 15
216 16
9 16
20 16
58 16
80 16
242 16
217 17
36 17
99 17
69 17
89 17
10 17
243 17
218 18
3 18
28 18
67 18
45 18
244 18
219 19
66 19
85 19
11 19
13 19
245 19
220 20
76 20
59 20
5 20
79 20
246 20
221 21
72 21
70 21
92 21
52 21
247 21
222 22
75 22
54 22
35 22
94 22
62 22
248 22
223 23
98 23
64 23
30 23
57 23
44 23
249 23
224 24
22 24
27 24
96 24
82 24
250 24
225 25
74 25
91 25
19 25
60 25
32 25
251 25
126
200 29
29 63
63 1
1 226
201 17
17 88
88 37
37 227
202 4
4 65
65 53
53 61
61 228
203 86
86 87
87 90
90 71
71 43
43 229
204 47
47 230
205 84
84 6
6 77
77 231
206 12
12 49
49 68
68 232
207 14
14 33
33 23
23 233
208 46
46 83
83 234
209 51
51 0
0 31
31 81
81 235
210 2
2 24
24 42
42 236
211 15
15 73
73 55
55 21
21 237
212 8
8 34
34 41
41 95
95 238
213 26
26 39
39 7
7 97
97 48
48 239
214 16
16 93
93 18
18 38
38 240
215 56
56 50
50 78
78 40
40 25
25 241
216 9
9 20
20 58
58 80
80 242
217 36
36 99
99 69
69 89
89 10
10 243
218 3
3 28
28 67
67 45
45 244
219 66
66 85
85 11
11 13
13 245
220 76
76 59
59 5
5 79
79 246
221 72
72 70
70 92
92 52
52 247
222 75
75 54
54 35
35 94
94 62
62 248
223 98
98 64
64 30
30 57
57 44
44 249
224 22
22 27
27 96
96 82
82 250
225 74
74 91
91 19
19 60
60 32
32 251
