1.53
129.182
2
105 130
121 146
100
100 0
33 0
25 0
125 0
101 1
12 1
126 1
102 2
38 2
28 2
24 2
20 2
127 2
103 3
16 3
21 3
47 3
6 3
46 3
128 3
104 4
49 4
7 4
23 4
10 4
129 4
105 5
130 5
106 6
5 6
39 6
43 6
131 6
107 7
14 7
132 7
108 8
32 8
133 8
109 9
41 9
22 9
0 9
134 9
110 10
8 10
135 10
111 11
9 11
48 11
136 11
112 12
1 12
137 12
113 13
45 13
18 13
138 13
114 14
2 14
11 14
139 14
115 15
13 15
140 15
116 16
15 16
29 16
17 16
141 16
117 17
27 17
42 17
142 17
118 18
35 18
37 18
143 18
119 19
36 19
3 19
144 19
120 20
34 20
30 20
145 20
121 21
146 21
122 22
31 22
44 22
40 22
147 22
123 23
19 23
148 23
124 24
26 24
4 24
149 24
75
100 33
33 25
25 125
101 12
12 126
102 38
38 28
28 24
24 20
20 127
103 16
16 21
21 47
47 6
6 46
46 128
104 49
49 7
7 23
23 10
10 129
105 130
106 5
5 39
39 43
43 131
107 14
14 132
108 32
32 133
109 41
41 22
22 0
0 134
110 8
8 135
111 9
9 48
48 136
112 1
1 137
113 45
45 18
18 138
114 2
2 11
11 139
115 13
13 140
116 15
15 29
29 17
17 141
117 27
27 42
42 142
118 35
35 37
37 143
119 36
36 3
3 144
120 34
34 30
30 145
121 146
122 31
31 44
44 40
40 147
123 19
19 148
124 26
26 4
4 149
