0.71
73.976
0
66
100 0
4 0
48 0
45 0
6 0
41 0
108 0
101 1
24 1
9 1
3 1
20 1
10 1
8 1
44 1
109 1
102 2
36 2
31 2
37 2
7 2
1 2
110 2
103 3
29 3
12 3
33 3
43 3
34 3
49 3
42 3
15 3
111 3
104 4
21 4
5 4
19 4
13 4
18 4
16 4
30 4
38 4
112 4
105 5
22 5
28 5
17 5
46 5
35 5
39 5
2 5
113 5
106 6
27 6
11 6
47 6
26 6
114 6
107 7
0 7
23 7
40 7
14 7
32 7
25 7
115 7
58
100 4
4 48
48 45
45 6
6 41
41 108
101 24
24 9
9 3
3 20
20 10
10 8
8 44
44 109
102 36
36 31
31 37
37 7
7 1
1 110
103 29
29 12
12 33
33 43
43 34
34 49
49 42
42 15
15 111
104 21
21 5
5 19
19 13
13 18
18 16
16 30
30 38
38 112
105 22
22 28
28 17
17 46
46 35
35 39
39 2
2 113
106 27
27 11
11 47
47 26
26 114
107 0
0 23
23 40
40 14
14 32
32 25
25 115
