0.62
327.871
0
58
160 0
17 0
33 0
18 0
28 0
0 0
169 0
161 1
22 1
15 1
37 1
170 1
162 2
20 2
6 2
38 2
29 2
5 2
171 2
163 3
34 3
4 3
35 3
13 3
172 3
164 4
14 4
26 4
11 4
16 4
173 4
165 5
3 5
8 5
9 5
25 5
174 5
166 6
24 6
12 6
19 6
21 6
175 6
167 7
36 7
30 7
10 7
27 7
1 7
176 7
168 8
23 8
2 8
31 8
39 8
32 8
7 8
177 8
49
160 17
17 33
33 18
18 28
28 0
0 169
161 22
22 15
15 37
37 170
162 20
20 6
6 38
38 29
29 5
5 171
163 34
34 4
4 35
35 13
13 172
164 14
14 26
26 11
11 16
16 173
165 3
3 8
8 9
9 25
25 174
166 24
24 12
12 19
19 21
21 175
167 36
36 30
30 10
10 27
27 1
1 176
168 23
23 2
2 31
31 39
39 32
32 7
7 177
