0.56
338.42
0
58
140 0
12 0
20 0
27 0
16 0
10 0
8 0
149 0
141 1
37 1
9 1
29 1
36 1
25 1
7 1
150 1
142 2
32 2
19 2
35 2
21 2
151 2
143 3
31 3
4 3
13 3
22 3
0 3
152 3
144 4
24 4
15 4
34 4
18 4
11 4
30 4
153 4
145 5
14 5
6 5
28 5
154 5
146 6
23 6
2 6
155 6
147 7
38 7
39 7
26 7
5 7
156 7
148 8
1 8
17 8
33 8
3 8
157 8
49
140 12
12 20
20 27
27 16
16 10
10 8
8 149
141 37
37 9
9 29
29 36
36 25
25 7
7 150
142 32
32 19
19 35
35 21
21 151
143 31
31 4
4 13
13 22
22 0
0 152
144 24
24 15
15 34
34 18
18 11
11 30
30 153
145 14
14 6
6 28
28 154
146 23
23 2
2 155
147 38
38 39
39 26
26 5
5 156
148 1
1 17
17 33
33 3
3 157
