1.09
362.48
0
66
170 0
21 0
7 0
16 0
14 0
12 0
20 0
22 0
1 0
178 0
171 1
24 1
35 1
27 1
4 1
48 1
10 1
5 1
179 1
172 2
25 2
47 2
31 2
32 2
34 2
180 2
173 3
2 3
40 3
15 3
17 3
11 3
19 3
41 3
181 3
174 4
29 4
9 4
28 4
23 4
44 4
182 4
175 5
13 5
8 5
43 5
49 5
37 5
6 5
183 5
176 6
42 6
0 6
3 6
45 6
46 6
30 6
184 6
177 7
38 7
18 7
26 7
36 7
39 7
33 7
185 7
59
170 21
21 7
7 16
16 14
14 12
12 20
20 22
22 1
1 178
171 24
24 35
35 27
27 4
4 48
48 10
10 5
5 179
172 25
25 47
47 31
31 48
48 32
32 34
34 180
173 2
2 40
40 15
15 17
17 11
11 19
19 41
41 181
174 29
29 9
9 28
28 23
23 44
44 182
175 13
13 8
8 43
43 49
49 37
37 6
6 183
176 42
42 0
0 3
3 45
45 46
46 30
30 184
177 38
38 18
18 26
26 36
36 39
39 33
33 185
