0.88
100.532
0
74
100 0
2 0
14 0
112 0
101 1
44 1
36 1
45 1
16 1
48 1
113 1
102 2
31 2
26 2
42 2
114 2
103 3
43 3
19 3
27 3
22 3
11 3
49 3
115 3
104 4
20 4
46 4
5 4
23 4
9 4
47 4
12 4
116 4
105 5
28 5
7 5
1 5
8 5
39 5
21 5
117 5
106 6
13 6
25 6
10 6
118 6
107 7
41 7
17 7
3 7
32 7
119 7
108 8
33 8
38 8
120 8
109 9
4 9
6 9
121 9
110 10
35 10
0 10
24 10
37 10
122 10
111 11
30 11
40 11
15 11
18 11
29 11
34 11
123 11
62
100 2
2 14
14 112
101 44
44 36
36 45
45 16
16 48
48 113
102 31
31 26
26 42
42 114
103 43
43 19
19 27
27 22
22 11
11 49
49 115
104 20
20 46
46 5
5 23
23 9
9 47
47 12
12 116
105 28
28 7
7 1
1 8
8 39
39 21
21 117
106 13
13 25
25 10
10 118
107 41
41 17
17 3
3 32
32 119
108 33
33 38
38 120
109 4
4 6
6 121
110 35
35 0
0 24
24 37
37 122
111 30
30 40
40 15
15 18
18 29
29 34
34 123
