0.86
85.444
0
66
130 0
37 0
14 0
13 0
43 0
23 0
49 0
27 0
41 0
138 0
131 1
19 1
15 1
28 1
36 1
46 1
44 1
2 1
139 1
132 2
21 2
20 2
8 2
7 2
47 2
9 2
140 2
133 3
39 3
30 3
11 3
12 3
32 3
141 3
134 4
4 4
18 4
38 4
26 4
6 4
35 4
142 4
135 5
25 5
31 5
48 5
24 5
34 5
22 5
143 5
136 6
40 6
45 6
33 6
29 6
1 6
10 6
16 6
144 6
137 7
17 7
42 7
3 7
5 7
0 7
145 7
58
130 37
37 14
14 13
13 43
43 23
23 49
49 27
27 41
41 138
131 19
19 15
15 28
28 36
36 46
46 44
44 2
2 139
132 21
21 20
20 8
8 7
7 47
47 9
9 140
133 39
39 30
30 11
11 12
12 32
32 141
134 4
4 18
18 38
38 26
26 6
6 35
35 142
135 25
25 31
31 48
48 24
24 34
34 22
22 143
136 40
40 45
45 33
33 29
29 1
1 10
10 16
16 144
137 17
17 42
42 3
3 5
5 0
0 145
