0.62
308.469
0
56
180 0
12 0
20 0
35 0
1 0
34 0
0 0
5 0
188 0
181 1
37 1
16 1
29 1
14 1
4 1
36 1
189 1
182 2
2 2
30 2
3 2
24 2
23 2
11 2
190 2
183 3
39 3
25 3
38 3
22 3
26 3
191 3
184 4
8 4
17 4
32 4
15 4
192 4
185 5
7 5
6 5
28 5
19 5
193 5
186 6
33 6
27 6
10 6
13 6
194 6
187 7
31 7
9 7
18 7
21 7
195 7
48
180 12
12 20
20 35
35 1
1 34
34 0
0 5
5 188
181 37
37 16
16 29
29 14
14 4
4 36
36 189
182 2
2 30
30 3
3 24
24 23
23 11
11 190
183 39
39 25
25 38
38 22
22 26
26 191
184 8
8 17
17 32
32 15
15 192
185 7
7 6
6 28
28 19
19 193
186 33
33 27
27 10
10 13
13 194
187 31
31 9
9 18
18 21
21 195
