0.79
106.839
0
66
150 0
9 0
24 0
7 0
17 0
49 0
5 0
12 0
44 0
158 0
151 1
32 1
29 1
159 1
152 2
45 2
38 2
18 2
47 2
34 2
23 2
33 2
160 2
153 3
40 3
1 3
30 3
22 3
161 3
154 4
31 4
37 4
42 4
162 4
155 5
13 5
26 5
20 5
41 5
39 5
16 5
3 5
163 5
156 6
0 6
15 6
10 6
27 6
6 6
28 6
4 6
35 6
164 6
157 7
25 7
19 7
46 7
48 7
8 7
36 7
11 7
2 7
43 7
14 7
21 7
165 7
59
150 9
9 24
24 7
7 17
17 49
49 5
5 12
12 44
44 158
151 32
32 29
29 159
152 45
45 38
38 18
18 47
47 36
36 34
34 23
23 33
33 160
153 40
40 1
1 30
30 22
22 161
154 31
31 37
37 42
42 162
155 13
13 26
26 20
20 41
41 39
39 16
16 3
3 163
156 0
0 15
15 10
10 27
27 6
6 28
28 4
4 35
35 164
157 25
25 19
19 46
46 48
48 8
8 36
36 11
11 2
2 43
43 14
14 21
21 165
