0.62
321.536
0
58
140 0
23 0
34 0
18 0
149 0
141 1
15 1
17 1
31 1
24 1
21 1
150 1
142 2
32 2
11 2
22 2
3 2
151 2
143 3
27 3
10 3
28 3
6 3
1 3
39 3
152 3
144 4
4 4
16 4
5 4
30 4
153 4
145 5
26 5
36 5
9 5
7 5
33 5
154 5
146 6
35 6
14 6
13 6
12 6
19 6
155 6
147 7
2 7
29 7
20 7
156 7
148 8
25 8
0 8
37 8
8 8
38 8
157 8
49
140 23
23 34
34 18
18 149
141 15
15 17
17 31
31 24
24 21
21 150
142 32
32 11
11 22
22 3
3 151
143 27
27 10
10 28
28 6
6 1
1 39
39 152
144 4
4 16
16 5
5 30
30 153
145 26
26 36
36 9
9 7
7 33
33 154
146 35
35 14
14 13
13 12
12 19
19 155
147 2
2 29
29 20
20 156
148 25
25 0
0 37
37 8
8 38
38 157
