0.81
80.951
0
66
190 0
28 0
23 0
36 0
49 0
198 0
191 1
8 1
27 1
18 1
48 1
39 1
24 1
10 1
21 1
199 1
192 2
44 2
19 2
38 2
37 2
11 2
29 2
200 2
193 3
45 3
0 3
43 3
12 3
31 3
201 3
194 4
41 4
9 4
14 4
16 4
3 4
32 4
17 4
35 4
202 4
195 5
25 5
47 5
33 5
1 5
6 5
203 5
196 6
13 6
22 6
4 6
5 6
34 6
2 6
42 6
204 6
197 7
30 7
40 7
26 7
15 7
20 7
46 7
7 7
205 7
58
190 28
28 23
23 36
36 49
49 198
191 8
8 27
27 18
18 48
48 39
39 24
24 10
10 21
21 199
192 44
44 19
19 38
38 37
37 11
11 29
29 200
193 45
45 0
0 43
43 12
12 31
31 201
194 41
41 9
9 14
14 16
16 3
3 32
32 17
17 35
35 202
195 25
25 47
47 33
33 1
1 6
6 203
196 13
13 22
22 4
4 5
5 34
34 2
2 42
42 204
197 30
30 40
40 26
26 15
15 20
20 46
46 7
7 205
