5.21
630.239
0
106
160 0
12 0
63 0
19 0
77 0
2 0
66 0
4 0
173 0
161 1
21 1
57 1
43 1
73 1
39 1
8 1
174 1
162 2
53 2
58 2
5 2
48 2
44 2
20 2
175 2
163 3
72 3
7 3
23 3
29 3
34 3
68 3
176 3
164 4
47 4
64 4
13 4
6 4
35 4
14 4
177 4
165 5
49 5
17 5
32 5
71 5
178 5
166 6
24 6
79 6
28 6
40 6
41 6
46 6
56 6
179 6
167 7
52 7
36 7
51 7
54 7
3 7
22 7
180 7
168 8
37 8
62 8
31 8
9 8
70 8
69 8
33 8
38 8
65 8
181 8
169 9
45 9
15 9
16 9
1 9
78 9
76 9
74 9
182 9
170 10
25 10
50 10
18 10
26 10
10 10
183 10
171 11
67 11
42 11
30 11
0 11
60 11
59 11
184 11
172 12
55 12
27 12
61 12
11 12
75 12
185 12
93
160 12
12 63
63 19
19 77
77 2
2 66
66 4
4 173
161 21
21 57
57 43
43 73
73 39
39 8
8 174
162 53
53 58
58 5
5 48
48 44
44 20
20 175
163 72
72 7
7 23
23 29
29 34
34 68
68 176
164 47
47 64
64 13
13 6
6 35
35 14
14 177
165 49
49 17
17 32
32 71
71 178
166 24
24 79
79 28
28 40
40 41
41 46
46 56
56 179
167 52
52 36
36 51
51 54
54 3
3 22
22 180
168 37
37 62
62 31
31 9
9 70
70 69
69 33
33 38
38 65
65 181
169 45
45 15
15 16
16 1
1 78
78 76
76 74
74 182
170 25
25 50
50 18
18 26
26 10
10 183
171 67
67 42
42 30
30 0
0 60
60 59
59 184
172 55
55 27
27 61
61 11
11 75
75 185
