1.36
133.833
0
78
120 0
27 0
29 0
25 0
54 0
12 0
2 0
39 0
9 0
129 0
121 1
4 1
19 1
34 1
130 1
122 2
17 2
18 2
42 2
55 2
32 2
38 2
23 2
131 2
123 3
49 3
20 3
47 3
58 3
10 3
132 3
124 4
44 4
14 4
26 4
21 4
24 4
57 4
45 4
36 4
30 4
133 4
125 5
40 5
3 5
35 5
52 5
22 5
43 5
41 5
0 5
51 5
134 5
126 6
28 6
6 6
5 6
59 6
48 6
46 6
135 6
127 7
50 7
16 7
1 7
15 7
7 7
13 7
136 7
128 8
8 8
37 8
33 8
53 8
56 8
31 8
11 8
137 8
69
120 27
27 29
29 25
25 54
54 12
12 2
2 39
39 9
9 129
121 4
4 19
19 34
34 130
122 17
17 18
18 42
42 55
55 32
32 38
38 23
23 131
123 49
49 20
20 47
47 58
58 10
10 132
124 44
44 14
14 26
26 21
21 24
24 57
57 45
45 36
36 30
30 133
125 40
40 3
3 35
35 52
52 22
22 43
43 41
41 0
0 51
51 134
126 28
28 6
6 5
5 59
59 48
48 46
46 135
127 50
50 16
16 1
1 15
15 7
7 13
13 136
128 8
8 37
37 33
33 53
53 56
56 31
31 11
11 137
