0.8
108.521
0
66
100 0
47 0
5 0
20 0
28 0
7 0
30 0
19 0
108 0
101 1
15 1
3 1
27 1
9 1
43 1
33 1
6 1
109 1
102 2
37 2
10 2
39 2
11 2
25 2
36 2
18 2
110 2
103 3
14 3
4 3
24 3
35 3
46 3
22 3
111 3
104 4
26 4
49 4
29 4
41 4
45 4
21 4
112 4
105 5
48 5
34 5
16 5
40 5
0 5
113 5
106 6
8 6
38 6
31 6
17 6
12 6
42 6
44 6
114 6
107 7
2 7
1 7
13 7
32 7
23 7
115 7
58
100 47
47 5
5 20
20 28
28 7
7 30
30 19
19 108
101 15
15 3
3 27
27 9
9 43
43 33
33 6
6 109
102 37
37 10
10 39
39 11
11 25
25 36
36 18
18 110
103 14
14 4
4 24
24 35
35 46
46 22
22 111
104 26
26 49
49 29
29 41
41 45
45 21
21 112
105 48
48 34
34 16
16 40
40 0
0 113
106 8
8 38
38 31
31 17
17 12
12 42
42 44
44 114
107 2
2 1
1 13
13 32
32 23
23 115
