0.89
46.518
0
74
100 0
25 0
1 0
38 0
112 0
101 1
32 1
44 1
0 1
23 1
22 1
113 1
102 2
42 2
40 2
4 2
2 2
114 2
103 3
45 3
14 3
33 3
30 3
9 3
31 3
115 3
104 4
6 4
16 4
8 4
3 4
41 4
15 4
37 4
116 4
105 5
24 5
29 5
117 5
106 6
49 6
17 6
43 6
118 6
107 7
36 7
26 7
7 7
18 7
20 7
46 7
12 7
119 7
108 8
28 8
48 8
10 8
21 8
13 8
120 8
109 9
27 9
11 9
121 9
110 10
47 10
35 10
19 10
122 10
111 11
5 11
39 11
34 11
123 11
62
100 25
25 1
1 38
38 112
101 32
32 44
44 0
0 23
23 22
22 113
102 42
42 40
40 4
4 2
2 114
103 45
45 14
14 33
33 30
30 9
9 31
31 115
104 6
6 16
16 8
8 3
3 41
41 15
15 37
37 116
105 24
24 29
29 117
106 49
49 17
17 43
43 118
107 36
36 26
26 7
7 18
18 20
20 46
46 12
12 119
108 28
28 48
48 10
10 21
21 13
13 120
109 27
27 11
11 121
110 47
47 35
35 19
19 122
111 5
5 39
39 34
34 123
