4.55
1030.99
0
124
160 0
67 0
39 0
68 0
182 0
161 1
37 1
8 1
24 1
74 1
4 1
183 1
162 2
25 2
62 2
51 2
77 2
184 2
163 3
61 3
63 3
16 3
27 3
185 3
164 4
2 4
42 4
13 4
44 4
186 4
165 5
18 5
19 5
31 5
66 5
187 5
166 6
52 6
79 6
71 6
1 6
34 6
188 6
167 7
76 7
36 7
78 7
20 7
189 7
168 8
30 8
57 8
43 8
9 8
190 8
169 9
5 9
64 9
191 9
170 10
11 10
28 10
192 10
171 11
0 11
21 11
193 11
172 12
26 12
3 12
35 12
59 12
194 12
173 13
14 13
38 13
7 13
195 13
174 14
70 14
10 14
60 14
69 14
32 14
196 14
175 15
17 15
56 15
65 15
33 15
197 15
176 16
45 16
73 16
6 16
198 16
177 17
54 17
15 17
199 17
178 18
22 18
72 18
23 18
12 18
50 18
40 18
200 18
179 19
49 19
55 19
201 19
180 20
48 20
46 20
47 20
41 20
58 20
202 20
181 21
75 21
29 21
53 21
203 21
102
160 67
67 39
39 68
68 182
161 37
37 8
8 24
24 74
74 4
4 183
162 25
25 62
62 51
51 77
77 184
163 61
61 63
63 16
16 27
27 185
164 2
2 42
42 13
13 44
44 186
165 18
18 19
19 31
31 66
66 187
166 52
52 79
79 71
71 1
1 34
34 188
167 76
76 36
36 78
78 20
20 189
168 30
30 57
57 43
43 9
9 190
169 5
5 64
64 191
170 11
11 28
28 192
171 0
0 21
21 193
172 26
26 3
3 35
35 59
59 194
173 14
14 38
38 7
7 195
174 70
70 10
10 60
60 69
69 32
32 196
175 17
17 56
56 65
65 33
33 197
176 45
45 73
73 6
6 198
177 54
54 15
15 199
178 22
22 72
72 23
23 12
12 50
50 40
40 200
179 49
49 55
55 201
180 48
48 46
46 47
47 41
41 58
58 202
181 75
75 29
29 53
53 203
