0.55
302.056
0
56
80 0
33 0
13 0
18 0
16 0
29 0
1 0
88 0
81 1
11 1
32 1
27 1
9 1
0 1
89 1
82 2
4 2
35 2
19 2
7 2
15 2
90 2
83 3
6 3
21 3
25 3
3 3
91 3
84 4
39 4
10 4
20 4
30 4
92 4
85 5
17 5
26 5
23 5
12 5
34 5
93 5
86 6
14 6
28 6
2 6
24 6
22 6
94 6
87 7
31 7
38 7
5 7
36 7
8 7
37 7
95 7
48
80 33
33 13
13 18
18 16
16 29
29 1
1 88
81 11
11 32
32 27
27 9
9 0
0 89
82 4
4 35
35 19
19 7
7 15
15 90
83 6
6 21
21 25
25 3
3 91
84 39
39 10
10 20
20 30
30 92
85 17
17 26
26 23
23 12
12 34
34 93
86 14
14 28
28 2
2 24
24 22
22 94
87 31
31 38
38 5
5 36
36 8
8 37
37 95
