1.35
136.497
0
78
120 0
32 0
7 0
18 0
56 0
48 0
23 0
39 0
6 0
129 0
121 1
27 1
55 1
11 1
59 1
130 1
122 2
26 2
33 2
40 2
21 2
15 2
43 2
131 2
123 3
0 3
34 3
10 3
12 3
46 3
36 3
47 3
50 3
132 3
124 4
19 4
30 4
9 4
44 4
53 4
133 4
125 5
57 5
1 5
52 5
35 5
2 5
28 5
41 5
3 5
14 5
134 5
126 6
42 6
24 6
17 6
4 6
29 6
135 6
127 7
51 7
58 7
20 7
25 7
5 7
16 7
136 7
128 8
13 8
45 8
31 8
54 8
8 8
38 8
49 8
37 8
22 8
137 8
69
120 32
32 7
7 18
18 56
56 48
48 23
23 39
39 6
6 129
121 27
27 55
55 11
11 59
59 130
122 26
26 33
33 40
40 21
21 15
15 43
43 131
123 0
0 34
34 10
10 12
12 46
46 36
36 47
47 50
50 132
124 19
19 30
30 9
9 44
44 53
53 133
125 57
57 1
1 52
52 35
35 2
2 28
28 41
41 3
3 14
14 134
126 42
42 24
24 17
17 4
4 29
29 135
127 51
51 58
58 20
20 25
25 5
5 16
16 136
128 13
13 45
45 31
31 54
54 8
8 38
38 49
49 37
37 22
22 137
