0.73
51.068
0
52
140 0
29 0
14 0
5 0
8 0
31 0
30 0
21 0
146 0
141 1
32 1
25 1
7 1
10 1
16 1
19 1
147 1
142 2
3 2
22 2
13 2
24 2
37 2
27 2
148 2
143 3
39 3
17 3
12 3
34 3
26 3
11 3
18 3
149 3
144 4
0 4
35 4
15 4
23 4
38 4
9 4
2 4
150 4
145 5
20 5
4 5
6 5
1 5
28 5
33 5
36 5
151 5
46
140 29
29 14
14 5
5 8
8 31
31 30
30 21
21 146
141 32
32 25
25 7
7 10
10 16
16 19
19 147
142 3
3 22
22 13
13 24
24 37
37 27
27 148
143 39
39 17
17 12
12 34
34 26
26 11
11 18
18 149
144 0
0 35
35 15
15 23
23 38
38 9
9 2
2 150
145 20
20 4
4 6
6 1
1 28
28 33
33 36
36 151
