0.62
65.351
0
62
130 0
6 0
21 0
5 0
8 0
42 0
16 0
0 0
2 0
136 0
131 1
35 1
29 1
28 1
41 1
45 1
19 1
44 1
37 1
33 1
26 1
31 1
137 1
132 2
38 2
7 2
17 2
18 2
48 2
22 2
11 2
12 2
39 2
138 2
133 3
25 3
47 3
27 3
20 3
40 3
46 3
23 3
139 3
134 4
9 4
4 4
10 4
15 4
32 4
36 4
140 4
135 5
49 5
13 5
24 5
43 5
30 5
34 5
1 5
3 5
14 5
141 5
56
130 6
6 21
21 5
5 8
8 42
42 16
16 0
0 2
2 136
131 35
35 29
29 28
28 41
41 45
45 19
19 44
44 37
37 33
33 26
26 31
31 137
132 38
38 7
7 17
17 18
18 48
48 22
22 11
11 12
12 39
39 138
133 25
25 47
47 27
27 20
20 40
40 46
46 23
23 139
134 9
9 4
4 10
10 15
15 32
32 36
36 140
135 49
49 13
13 24
24 43
43 30
30 34
34 1
1 3
3 14
14 141
