0.72
104.637
0
66
130 0
35 0
17 0
31 0
22 0
49 0
33 0
39 0
138 0
131 1
20 1
46 1
5 1
28 1
29 1
139 1
132 2
47 2
16 2
41 2
43 2
12 2
40 2
140 2
133 3
32 3
25 3
14 3
26 3
37 3
141 3
134 4
21 4
1 4
6 4
13 4
36 4
30 4
18 4
142 4
135 5
38 5
9 5
42 5
24 5
0 5
45 5
48 5
143 5
136 6
23 6
19 6
7 6
10 6
15 6
44 6
144 6
137 7
4 7
27 7
3 7
11 7
34 7
2 7
8 7
145 7
58
130 35
35 17
17 31
31 22
22 49
49 33
33 39
39 138
131 20
20 46
46 5
5 28
28 29
29 139
132 47
47 16
16 41
41 43
43 12
12 40
40 140
133 32
32 25
25 14
14 26
26 37
37 141
134 21
21 1
1 6
6 13
13 36
36 30
30 18
18 142
135 38
38 9
9 42
42 24
24 0
0 45
45 48
48 143
136 23
23 19
19 7
7 10
10 15
15 44
44 144
137 4
4 27
27 3
3 11
11 34
34 2
2 8
8 145
