1.04
360.099
0
70
170 0
33 0
35 0
30 0
39 0
44 0
180 0
171 1
0 1
27 1
24 1
17 1
46 1
181 1
172 2
8 2
7 2
32 2
38 2
34 2
12 2
182 2
173 3
49 3
18 3
9 3
2 3
40 3
183 3
174 4
28 4
47 4
21 4
36 4
184 4
175 5
16 5
4 5
14 5
11 5
6 5
43 5
185 5
176 6
26 6
23 6
15 6
31 6
5 6
186 6
177 7
22 7
25 7
29 7
187 7
178 8
42 8
37 8
10 8
188 8
179 9
20 9
41 9
19 9
3 9
45 9
13 9
1 9
48 9
189 9
60
170 33
33 35
35 30
30 39
39 44
44 180
171 0
0 27
27 24
24 17
17 46
46 181
172 8
8 7
7 32
32 38
38 34
34 12
12 182
173 49
49 18
18 9
9 2
2 40
40 183
174 28
28 47
47 21
21 36
36 184
175 16
16 4
4 14
14 11
11 6
6 43
43 185
176 26
26 23
23 15
15 31
31 5
5 186
177 22
22 25
25 29
29 187
178 42
42 37
37 10
10 188
179 20
20 41
41 19
19 3
3 45
45 13
13 1
1 48
48 189
