1.38
68.07
0
62
190 0
34 0
18 0
17 0
38 0
37 0
196 0
191 1
41 1
14 1
12 1
16 1
20 1
25 1
6 1
44 1
32 1
197 1
192 2
19 2
2 2
33 2
5 2
36 2
43 2
49 2
0 2
29 2
198 2
193 3
42 3
45 3
35 3
40 3
23 3
15 3
9 3
22 3
8 3
11 3
199 3
194 4
47 4
30 4
31 4
13 4
28 4
200 4
195 5
26 5
27 5
1 5
21 5
4 5
39 5
7 5
48 5
3 5
10 5
46 5
24 5
201 5
56
190 34
34 18
18 17
17 38
38 37
37 196
191 41
41 14
14 12
12 16
16 20
20 25
25 6
6 44
44 32
32 197
192 19
19 2
2 33
33 5
5 36
36 43
43 49
49 0
0 29
29 198
193 42
42 45
45 35
35 40
40 23
23 15
15 9
9 22
22 8
8 11
11 199
194 47
47 30
30 31
31 13
13 28
28 200
195 26
26 27
27 1
1 21
21 4
4 39
39 7
7 48
48 3
3 10
10 46
46 24
24 201
