0.96
42.058
0
62
170 0
44 0
39 0
6 0
7 0
16 0
41 0
47 0
43 0
176 0
171 1
26 1
22 1
2 1
32 1
37 1
21 1
18 1
25 1
177 1
172 2
1 2
0 2
11 2
19 2
10 2
9 2
27 2
45 2
29 2
20 2
178 2
173 3
35 3
12 3
36 3
17 3
46 3
14 3
38 3
30 3
40 3
24 3
179 3
174 4
48 4
8 4
49 4
13 4
5 4
23 4
4 4
33 4
180 4
175 5
34 5
42 5
31 5
28 5
15 5
3 5
181 5
56
170 44
44 39
39 6
6 7
7 16
16 41
41 47
47 43
43 176
171 26
26 22
22 2
2 32
32 37
37 21
21 18
18 25
25 177
172 1
1 0
0 11
11 19
19 10
10 9
9 27
27 45
45 29
29 20
20 178
173 35
35 12
12 36
36 17
17 46
46 14
14 38
38 30
30 40
40 24
24 179
174 48
48 8
8 49
49 13
13 5
5 23
23 4
4 33
33 180
175 34
34 42
42 31
31 28
28 15
15 3
3 181
