0.39
3.149
0
50
160 0
36 0
28 0
37 0
7 0
24 0
39 0
6 0
25 0
165 0
161 1
21 1
23 1
35 1
16 1
32 1
34 1
8 1
10 1
22 1
19 1
166 1
162 2
13 2
18 2
26 2
27 2
5 2
14 2
167 2
163 3
31 3
30 3
15 3
9 3
33 3
1 3
2 3
3 3
12 3
20 3
17 3
168 3
164 4
0 4
29 4
38 4
11 4
4 4
169 4
45
160 36
36 28
28 37
37 7
7 24
24 39
39 6
6 25
25 165
161 21
21 23
23 35
35 16
16 32
32 34
34 8
8 10
10 22
22 19
19 166
162 13
13 18
18 26
26 27
27 5
5 14
14 167
163 31
31 30
30 15
15 9
9 33
33 1
1 2
2 3
3 12
12 20
20 17
17 168
164 0
0 29
29 38
38 11
11 4
4 169
