3.95
230.096
0
124
160 0
25 0
0 0
17 0
66 0
51 0
182 0
161 1
33 1
61 1
28 1
74 1
68 1
183 1
162 2
67 2
57 2
62 2
12 2
24 2
184 2
163 3
15 3
4 3
11 3
185 3
164 4
21 4
18 4
2 4
58 4
186 4
165 5
27 5
187 5
166 6
36 6
79 6
8 6
7 6
45 6
188 6
167 7
44 7
6 7
40 7
189 7
168 8
1 8
64 8
77 8
190 8
169 9
31 9
34 9
54 9
10 9
191 9
170 10
52 10
72 10
37 10
192 10
171 11
38 11
71 11
9 11
23 11
19 11
46 11
193 11
172 12
26 12
13 12
56 12
20 12
194 12
173 13
78 13
195 13
174 14
43 14
41 14
196 14
175 15
32 15
50 15
197 15
176 16
73 16
59 16
48 16
70 16
198 16
177 17
55 17
76 17
29 17
14 17
199 17
178 18
47 18
16 18
75 18
35 18
42 18
200 18
179 19
3 19
30 19
22 19
69 19
39 19
201 19
180 20
63 20
65 20
202 20
181 21
49 21
5 21
53 21
60 21
203 21
102
160 25
25 0
0 17
17 66
66 51
51 182
161 33
33 61
61 28
28 74
74 68
68 183
162 67
67 57
57 62
62 12
12 24
24 184
163 15
15 4
4 11
11 185
164 21
21 18
18 2
2 58
58 186
165 27
27 187
166 36
36 79
79 8
8 7
7 45
45 188
167 44
44 6
6 40
40 189
168 1
1 64
64 77
77 190
169 31
31 34
34 54
54 10
10 191
170 52
52 72
72 37
37 192
171 38
38 71
71 9
9 23
23 19
19 46
46 193
172 26
26 13
13 56
56 20
20 194
173 78
78 195
174 43
43 41
41 196
175 32
32 50
50 197
176 73
73 59
59 48
48 70
70 198
177 55
55 76
76 29
29 14
14 199
178 47
47 16
16 75
75 35
35 42
42 200
179 3
3 30
30 22
22 69
69 39
39 201
180 63
63 65
65 202
181 49
49 5
5 53
53 60
60 203
