0.5
51.961
0
54
140 0
35 0
34 0
23 0
12 0
26 0
15 0
147 0
141 1
6 1
38 1
11 1
31 1
39 1
36 1
14 1
17 1
148 1
142 2
20 2
33 2
4 2
1 2
28 2
25 2
16 2
149 2
143 3
37 3
8 3
19 3
27 3
22 3
9 3
18 3
150 3
144 4
7 4
32 4
21 4
151 4
145 5
2 5
152 5
146 6
10 6
13 6
3 6
5 6
24 6
0 6
29 6
30 6
153 6
47
140 35
35 34
34 23
23 12
12 26
26 15
15 147
141 6
6 38
38 11
11 31
31 39
39 36
36 14
14 17
17 148
142 20
20 33
33 4
4 1
1 28
28 25
25 16
16 149
143 37
37 8
8 19
19 27
27 22
22 9
9 18
18 150
144 7
7 32
32 21
21 151
145 2
2 152
146 10
10 13
13 3
3 5
5 24
24 0
0 29
29 30
30 153
