7.65
239.014
0
152
200 0
66 0
76 0
226 0
201 1
36 1
3 1
8 1
38 1
34 1
56 1
227 1
202 2
62 2
78 2
228 2
203 3
80 3
47 3
16 3
24 3
70 3
229 3
204 4
44 4
12 4
88 4
27 4
61 4
230 4
205 5
14 5
42 5
63 5
71 5
65 5
231 5
206 6
26 6
30 6
73 6
72 6
232 6
207 7
99 7
49 7
39 7
233 7
208 8
90 8
234 8
209 9
85 9
4 9
98 9
91 9
87 9
235 9
210 10
51 10
5 10
81 10
59 10
25 10
236 10
211 11
84 11
9 11
15 11
237 11
212 12
54 12
50 12
0 12
238 12
213 13
96 13
22 13
21 13
43 13
18 13
68 13
239 13
214 14
86 14
40 14
240 14
215 15
37 15
19 15
60 15
75 15
28 15
241 15
216 16
52 16
20 16
242 16
217 17
69 17
35 17
29 17
13 17
74 17
41 17
82 17
243 17
218 18
79 18
55 18
57 18
23 18
58 18
244 18
219 19
93 19
245 19
220 20
32 20
92 20
46 20
246 20
221 21
6 21
17 21
83 21
95 21
247 21
222 22
89 22
97 22
64 22
248 22
223 23
1 23
48 23
10 23
33 23
249 23
224 24
94 24
7 24
67 24
31 24
2 24
250 24
225 25
77 25
11 25
45 25
53 25
251 25
126
200 66
66 76
76 226
201 36
36 3
3 8
8 38
38 34
34 56
56 227
202 62
62 78
78 228
203 80
80 47
47 16
16 24
24 70
70 229
204 44
44 12
12 88
88 27
27 61
61 230
205 14
14 42
42 63
63 71
71 65
65 231
206 26
26 30
30 73
73 72
72 232
207 99
99 49
49 39
39 233
208 90
90 234
209 85
85 4
4 98
98 91
91 87
87 235
210 51
51 5
5 81
81 59
59 25
25 236
211 84
84 9
9 15
15 237
212 54
54 50
50 0
0 238
213 96
96 22
22 21
21 43
43 18
18 68
68 239
214 86
86 40
40 240
215 37
37 19
19 60
60 75
75 28
28 241
216 52
52 20
20 242
217 69
69 35
35 29
29 13
13 74
74 41
41 82
82 243
218 79
79 55
55 57
57 23
23 58
58 244
219 93
93 245
220 32
32 92
92 46
46 246
221 6
6 17
17 83
83 95
95 247
222 89
89 97
97 64
64 248
223 1
1 48
48 10
10 33
33 249
224 94
94 7
7 67
67 31
31 2
2 250
225 77
77 11
11 45
45 53
53 251
