0.62
401.134
0
60
80 0
34 0
36 0
31 0
6 0
30 0
90 0
81 1
26 1
1 1
25 1
15 1
91 1
82 2
8 2
20 2
2 2
92 2
83 3
14 3
28 3
29 3
93 3
84 4
39 4
4 4
16 4
22 4
94 4
85 5
35 5
0 5
5 5
33 5
95 5
86 6
32 6
24 6
10 6
12 6
96 6
87 7
27 7
23 7
37 7
97 7
88 8
21 8
17 8
7 8
38 8
3 8
98 8
89 9
9 9
13 9
18 9
11 9
19 9
99 9
50
80 34
34 36
36 31
31 6
6 30
30 90
81 26
26 1
1 25
25 15
15 91
82 8
8 20
20 2
2 92
83 14
14 28
28 29
29 93
84 39
39 4
4 16
16 22
22 94
85 35
35 0
0 5
5 33
33 95
86 32
32 24
24 10
10 12
12 96
87 27
27 23
23 37
37 97
88 21
21 17
17 7
7 38
38 3
3 98
89 9
9 13
13 18
18 11
11 19
19 99
