0.58
70.476
0
54
120 0
28 0
17 0
3 0
16 0
12 0
11 0
20 0
33 0
1 0
27 0
26 0
127 0
121 1
29 1
21 1
32 1
128 1
122 2
2 2
5 2
34 2
6 2
9 2
15 2
30 2
129 2
123 3
0 3
13 3
37 3
18 3
130 3
124 4
8 4
23 4
24 4
25 4
22 4
131 4
125 5
35 5
31 5
10 5
39 5
7 5
36 5
14 5
132 5
126 6
19 6
4 6
38 6
133 6
47
120 28
28 17
17 3
3 16
16 12
12 11
11 20
20 33
33 1
1 27
27 26
26 127
121 29
29 21
21 32
32 128
122 2
2 5
5 34
34 6
6 9
9 15
15 30
30 129
123 0
0 13
13 37
37 18
18 130
124 8
8 23
23 24
24 25
25 22
22 131
125 35
35 31
31 10
10 39
39 7
7 36
36 14
14 132
126 19
19 4
4 38
38 133
