0.47
73.862
0
54
160 0
34 0
27 0
29 0
10 0
4 0
5 0
167 0
161 1
20 1
14 1
11 1
31 1
22 1
6 1
168 1
162 2
9 2
12 2
19 2
2 2
35 2
169 2
163 3
39 3
8 3
23 3
3 3
15 3
38 3
24 3
170 3
164 4
30 4
0 4
28 4
7 4
26 4
171 4
165 5
33 5
32 5
18 5
21 5
16 5
25 5
37 5
172 5
166 6
1 6
17 6
13 6
36 6
173 6
47
160 34
34 27
27 29
29 10
10 4
4 5
5 167
161 20
20 14
14 11
11 31
31 22
22 6
6 168
162 9
9 12
12 19
19 2
2 35
35 169
163 39
39 8
8 23
23 3
3 15
15 38
38 24
24 170
164 30
30 0
0 28
28 7
7 26
26 171
165 33
33 32
32 18
18 21
21 16
16 25
25 37
37 172
166 1
1 17
17 13
13 36
36 173
