0.43
43.212
0
60
80 0
18 0
90 0
81 1
23 1
30 1
7 1
25 1
39 1
37 1
91 1
82 2
22 2
19 2
36 2
32 2
28 2
92 2
83 3
3 3
38 3
10 3
93 3
84 4
33 4
8 4
31 4
16 4
94 4
85 5
15 5
24 5
35 5
4 5
95 5
86 6
9 6
1 6
11 6
14 6
26 6
96 6
87 7
21 7
12 7
29 7
97 7
88 8
2 8
6 8
17 8
98 8
89 9
13 9
0 9
20 9
5 9
27 9
34 9
99 9
50
80 18
18 90
81 23
23 30
30 7
7 25
25 39
39 37
37 91
82 22
22 19
19 36
36 32
32 28
28 92
83 3
3 38
38 10
10 93
84 33
33 8
8 31
31 16
16 94
85 15
15 24
24 35
35 4
4 95
86 9
9 1
1 11
11 14
14 26
26 96
87 21
21 12
12 29
29 97
88 2
2 6
6 17
17 98
89 13
13 0
0 20
20 5
5 27
27 34
34 99
