0.86
65.891
0
66
170 0
16 0
27 0
43 0
29 0
40 0
34 0
178 0
171 1
30 1
35 1
3 1
41 1
2 1
4 1
179 1
172 2
21 2
18 2
32 2
44 2
180 2
173 3
9 3
45 3
36 3
6 3
38 3
49 3
8 3
42 3
181 3
174 4
11 4
28 4
22 4
48 4
14 4
23 4
47 4
182 4
175 5
13 5
15 5
0 5
7 5
17 5
19 5
5 5
26 5
37 5
183 5
176 6
1 6
31 6
46 6
33 6
12 6
184 6
177 7
10 7
20 7
25 7
39 7
24 7
185 7
58
170 16
16 27
27 43
43 29
29 40
40 34
34 178
171 30
30 35
35 3
3 41
41 2
2 4
4 179
172 21
21 18
18 32
32 44
44 180
173 9
9 45
45 36
36 6
6 38
38 49
49 8
8 42
42 181
174 11
11 28
28 22
22 48
48 14
14 23
23 47
47 182
175 13
13 15
15 0
0 7
7 17
17 19
19 5
5 26
26 37
37 183
176 1
1 31
31 46
46 33
33 12
12 184
177 10
10 20
20 25
25 39
39 24
24 185
