0.75
95.937
0
66
130 0
46 0
18 0
21 0
33 0
19 0
138 0
131 1
28 1
5 1
16 1
8 1
0 1
7 1
12 1
9 1
139 1
132 2
38 2
36 2
30 2
27 2
140 2
133 3
48 3
13 3
17 3
45 3
41 3
2 3
141 3
134 4
15 4
22 4
24 4
11 4
26 4
31 4
37 4
44 4
142 4
135 5
47 5
42 5
20 5
25 5
1 5
39 5
14 5
6 5
143 5
136 6
3 6
49 6
4 6
34 6
144 6
137 7
32 7
43 7
23 7
40 7
29 7
35 7
10 7
145 7
58
130 46
46 18
18 21
21 33
33 19
19 138
131 28
28 5
5 16
16 8
8 0
0 7
7 12
12 9
9 139
132 38
38 36
36 30
30 27
27 140
133 48
48 13
13 17
17 45
45 41
41 2
2 141
134 15
15 22
22 24
24 11
11 26
26 31
31 37
37 44
44 142
135 47
47 42
42 20
20 25
25 1
1 39
39 14
14 6
6 143
136 3
3 49
49 4
4 34
34 144
137 32
32 43
43 23
23 40
40 29
29 35
35 10
10 145
