0.51
85.676
0
64
80 0
3 0
33 0
9 0
92 0
81 1
26 1
2 1
8 1
93 1
82 2
32 2
11 2
94 2
83 3
30 3
31 3
7 3
95 3
84 4
20 4
6 4
4 4
10 4
96 4
85 5
24 5
97 5
86 6
39 6
1 6
29 6
22 6
98 6
87 7
27 7
34 7
5 7
99 7
88 8
14 8
21 8
19 8
23 8
17 8
100 8
89 9
13 9
12 9
25 9
16 9
28 9
0 9
101 9
90 10
36 10
38 10
102 10
91 11
35 11
18 11
37 11
15 11
103 11
52
80 3
3 33
33 9
9 92
81 26
26 2
2 8
8 93
82 32
32 11
11 94
83 30
30 31
31 7
7 95
84 20
20 6
6 4
4 10
10 96
85 24
24 97
86 39
39 1
1 29
29 22
22 98
87 27
27 34
34 5
5 99
88 14
14 21
21 19
19 23
23 17
17 100
89 13
13 12
12 25
25 16
16 28
28 0
0 101
90 36
36 38
38 102
91 35
35 18
18 37
37 15
15 103
