0.21
79.439
1
70 85
60
60 0
17 0
15 0
8 0
75 0
61 1
6 1
11 1
9 1
76 1
62 2
5 2
22 2
0 2
77 2
63 3
25 3
78 3
64 4
3 4
79 4
65 5
23 5
27 5
13 5
1 5
80 5
66 6
18 6
81 6
67 7
14 7
10 7
82 7
68 8
29 8
28 8
83 8
69 9
16 9
21 9
7 9
84 9
70 10
85 10
71 11
19 11
24 11
86 11
72 12
4 12
87 12
73 13
26 13
2 13
88 13
74 14
20 14
12 14
89 14
45
60 17
17 15
15 8
8 75
61 6
6 11
11 9
9 76
62 5
5 22
22 0
0 77
63 25
25 78
64 3
3 79
65 23
23 27
27 13
13 1
1 80
66 18
18 81
67 14
14 10
10 82
68 29
29 28
28 83
69 16
16 21
21 7
7 84
70 85
71 19
19 24
24 86
72 4
4 87
73 26
26 2
2 88
74 20
20 12
12 89
