0.51
113.092
3
93 113
94 114
97 117
80
80 0
3 0
33 0
9 0
100 0
81 1
26 1
2 1
8 1
101 1
82 2
11 2
102 2
83 3
30 3
31 3
7 3
103 3
84 4
20 4
6 4
4 4
10 4
104 4
85 5
24 5
105 5
86 6
39 6
1 6
29 6
106 6
87 7
27 7
34 7
107 7
88 8
14 8
19 8
22 8
108 8
89 9
32 9
109 9
90 10
36 10
38 10
110 10
91 11
35 11
18 11
37 11
111 11
92 12
13 12
12 12
25 12
16 12
15 12
112 12
93 13
113 13
94 14
114 14
95 15
5 15
115 15
96 16
21 16
23 16
116 16
97 17
117 17
98 18
28 18
0 18
118 18
99 19
17 19
119 19
60
80 3
3 33
33 9
9 100
81 26
26 2
2 8
8 101
82 11
11 102
83 30
30 31
31 7
7 103
84 20
20 6
6 4
4 10
10 104
85 24
24 105
86 39
39 1
1 29
29 106
87 27
27 34
34 107
88 14
14 19
19 22
22 108
89 32
32 109
90 36
36 38
38 110
91 35
35 18
18 37
37 111
92 13
13 12
12 25
25 16
16 15
15 112
93 113
94 114
95 5
5 115
96 21
21 23
23 116
97 117
98 28
28 0
0 118
99 17
17 119
