0.76
117.326
0
66
100 0
14 0
27 0
33 0
23 0
43 0
20 0
108 0
101 1
35 1
45 1
1 1
32 1
18 1
109 1
102 2
25 2
0 2
2 2
46 2
12 2
110 2
103 3
26 3
48 3
9 3
4 3
3 3
22 3
24 3
111 3
104 4
11 4
30 4
38 4
37 4
28 4
112 4
105 5
39 5
7 5
42 5
29 5
34 5
44 5
21 5
40 5
113 5
106 6
19 6
41 6
8 6
49 6
47 6
10 6
31 6
17 6
114 6
107 7
15 7
6 7
5 7
13 7
36 7
16 7
115 7
58
100 14
14 27
27 33
33 23
23 43
43 20
20 108
101 35
35 45
45 1
1 32
32 18
18 109
102 25
25 0
0 2
2 46
46 12
12 110
103 26
26 48
48 9
9 4
4 3
3 22
22 24
24 111
104 11
11 30
30 38
38 37
37 28
28 112
105 39
39 7
7 42
42 29
29 34
34 44
44 21
21 40
40 113
106 19
19 41
41 8
8 49
49 47
47 10
10 31
31 17
17 114
107 15
15 6
6 5
5 13
13 36
36 16
16 115
