0.85
330.635
0
56
160 0
34 0
20 0
28 0
29 0
168 0
161 1
35 1
4 1
8 1
9 1
10 1
169 1
162 2
32 2
39 2
11 2
24 2
21 2
170 2
163 3
2 3
37 3
17 3
25 3
171 3
164 4
36 4
30 4
18 4
1 4
12 4
14 4
38 4
172 4
165 5
31 5
15 5
16 5
22 5
23 5
0 5
173 5
166 6
26 6
33 6
3 6
13 6
174 6
167 7
7 7
19 7
6 7
27 7
5 7
175 7
48
160 34
34 20
20 28
28 29
29 168
161 35
35 4
4 8
8 9
9 10
10 169
162 32
32 39
39 11
11 24
24 21
21 170
163 2
2 37
37 17
17 25
25 171
164 36
36 30
30 18
18 1
1 12
12 14
14 38
38 172
165 31
31 15
15 16
16 22
22 23
23 0
0 173
166 26
26 33
33 3
3 13
13 174
167 7
7 19
19 6
6 27
27 5
5 175
