0.76
93.819
0
66
100 0
43 0
34 0
3 0
46 0
8 0
10 0
12 0
31 0
108 0
101 1
20 1
7 1
36 1
18 1
19 1
39 1
5 1
109 1
102 2
1 2
15 2
2 2
29 2
110 2
103 3
40 3
23 3
17 3
32 3
111 3
104 4
45 4
26 4
0 4
41 4
6 4
33 4
44 4
28 4
112 4
105 5
47 5
16 5
21 5
9 5
27 5
113 5
106 6
35 6
22 6
24 6
4 6
25 6
11 6
37 6
14 6
38 6
114 6
107 7
49 7
30 7
42 7
13 7
48 7
115 7
58
100 43
43 34
34 3
3 46
46 8
8 10
10 12
12 31
31 108
101 20
20 7
7 36
36 18
18 19
19 39
39 5
5 109
102 1
1 15
15 2
2 29
29 110
103 40
40 23
23 17
17 32
32 111
104 45
45 26
26 0
0 41
41 6
6 33
33 44
44 28
28 112
105 47
47 16
16 21
21 9
9 27
27 113
106 35
35 22
22 24
24 4
4 25
25 11
11 37
37 14
14 38
38 114
107 49
49 30
30 42
42 13
13 48
48 115
