0.52
26.804
0
52
120 0
25 0
19 0
9 0
32 0
38 0
126 0
121 1
30 1
8 1
35 1
0 1
127 1
122 2
5 2
29 2
2 2
16 2
26 2
1 2
13 2
6 2
128 2
123 3
4 3
21 3
39 3
11 3
33 3
15 3
18 3
37 3
27 3
129 3
124 4
28 4
36 4
12 4
7 4
20 4
34 4
130 4
125 5
17 5
14 5
3 5
22 5
10 5
23 5
31 5
24 5
131 5
46
120 25
25 19
19 9
9 32
32 38
38 126
121 30
30 8
8 35
35 0
0 127
122 5
5 29
29 2
2 16
16 26
26 1
1 13
13 6
6 128
123 4
4 21
21 39
39 11
11 33
33 15
15 18
18 37
37 27
27 129
124 28
28 36
36 12
12 7
7 20
20 34
34 130
125 17
17 14
14 3
3 22
22 10
10 23
23 31
31 24
24 131
