3.81
190.906
0
78
120 0
7 0
44 0
57 0
56 0
6 0
34 0
2 0
22 0
129 0
121 1
38 1
23 1
13 1
29 1
45 1
11 1
40 1
46 1
130 1
122 2
4 2
36 2
16 2
59 2
19 2
48 2
131 2
123 3
17 3
10 3
47 3
15 3
50 3
14 3
21 3
132 3
124 4
5 4
32 4
1 4
53 4
49 4
12 4
54 4
133 4
125 5
18 5
27 5
43 5
58 5
3 5
33 5
25 5
42 5
8 5
30 5
41 5
31 5
134 5
126 6
37 6
51 6
135 6
127 7
9 7
35 7
136 7
128 8
52 8
24 8
39 8
55 8
28 8
20 8
0 8
26 8
137 8
69
120 7
7 44
44 57
57 56
56 6
6 34
34 2
2 22
22 129
121 38
38 23
23 13
13 29
29 45
45 11
11 40
40 46
46 130
122 4
4 36
36 16
16 59
59 19
19 48
48 131
123 17
17 10
10 47
47 15
15 50
50 14
14 21
21 132
124 5
5 32
32 1
1 53
53 49
49 12
12 54
54 133
125 18
18 27
27 43
43 58
58 3
3 33
33 25
25 42
42 8
8 30
30 41
41 31
31 134
126 37
37 51
51 135
127 9
9 35
35 136
128 52
52 24
24 39
39 55
55 28
28 20
20 0
0 26
26 137
