0.94
173.352
0
66
100 0
19 0
28 0
20 0
11 0
12 0
108 0
101 1
27 1
35 1
43 1
8 1
17 1
9 1
16 1
41 1
40 1
109 1
102 2
15 2
24 2
110 2
103 3
14 3
7 3
31 3
38 3
48 3
5 3
3 3
111 3
104 4
46 4
37 4
32 4
4 4
23 4
22 4
112 4
105 5
18 5
36 5
26 5
30 5
29 5
25 5
2 5
39 5
113 5
106 6
49 6
45 6
10 6
6 6
34 6
44 6
21 6
47 6
42 6
33 6
114 6
107 7
1 7
0 7
13 7
115 7
58
100 19
19 28
28 20
20 11
11 12
12 108
101 27
27 35
35 43
43 8
8 17
17 9
9 16
16 41
41 40
40 109
102 15
15 24
24 110
103 14
14 7
7 31
31 38
38 48
48 5
5 3
3 111
104 46
46 37
37 32
32 4
4 23
23 22
22 112
105 18
18 36
36 26
26 30
30 29
29 25
25 2
2 39
39 113
106 49
49 45
45 10
10 6
6 34
34 44
44 21
21 47
47 42
42 33
33 114
107 1
1 0
0 13
13 115
