0.35
133.918
0
52
80 0
29 0
8 0
13 0
37 0
3 0
27 0
25 0
86 0
81 1
0 1
1 1
16 1
87 1
82 2
38 2
34 2
14 2
28 2
19 2
21 2
39 2
30 2
88 2
83 3
9 3
26 3
18 3
2 3
23 3
31 3
7 3
15 3
12 3
20 3
89 3
84 4
11 4
33 4
35 4
17 4
6 4
32 4
90 4
85 5
10 5
22 5
5 5
24 5
36 5
4 5
91 5
47
80 29
29 8
8 13
13 37
37 3
3 27
27 25
25 86
81 0
0 1
1 16
16 87
82 38
38 34
34 14
14 28
28 19
19 21
21 39
39 36
36 30
30 88
83 9
9 26
26 18
18 2
2 23
23 31
31 7
7 15
15 12
12 20
20 89
84 11
11 33
33 35
35 17
17 6
6 32
32 90
85 10
10 22
22 5
5 24
24 36
36 4
4 91
