0.66
143.977
0
54
80 0
7 0
39 0
23 0
5 0
15 0
87 0
81 1
24 1
37 1
13 1
8 1
0 1
11 1
10 1
88 1
82 2
4 2
28 2
22 2
9 2
36 2
89 2
83 3
1 3
3 3
26 3
25 3
30 3
18 3
35 3
90 3
84 4
14 4
29 4
2 4
6 4
12 4
38 4
91 4
85 5
21 5
32 5
31 5
34 5
92 5
86 6
20 6
27 6
19 6
33 6
17 6
16 6
93 6
49
80 7
7 39
39 23
23 5
5 15
15 87
81 24
24 37
37 13
13 8
8 0
0 11
11 10
10 88
82 4
4 28
28 3
3 22
22 9
9 36
36 89
83 1
1 3
3 26
26 25
25 30
30 18
18 35
35 90
84 14
14 29
29 2
2 6
6 12
12 38
38 91
85 21
21 32
32 31
31 34
34 92
86 20
20 7
7 27
27 19
19 33
33 17
17 16
16 93
