0.71
148.859
0
54
80 0
10 0
25 0
14 0
21 0
27 0
87 0
81 1
37 1
31 1
32 1
3 1
9 1
88 1
82 2
20 2
34 2
16 2
0 2
19 2
17 2
11 2
28 2
30 2
89 2
83 3
15 3
29 3
7 3
13 3
90 3
84 4
23 4
4 4
5 4
35 4
12 4
8 4
38 4
91 4
85 5
1 5
2 5
39 5
33 5
6 5
24 5
18 5
92 5
86 6
36 6
22 6
26 6
93 6
48
80 10
10 25
25 14
14 21
21 27
27 87
81 37
37 31
31 32
32 3
3 9
9 88
82 20
20 34
34 16
16 0
0 19
19 17
17 11
11 28
28 30
30 89
83 15
15 29
29 7
7 13
13 90
84 23
23 4
4 5
5 35
35 12
12 8
8 38
38 91
85 1
1 2
2 39
39 33
33 6
6 19
19 24
24 18
18 92
86 36
36 22
22 26
26 93
