18.54
284.435
0
106
160 0
29 0
10 0
62 0
57 0
7 0
61 0
66 0
38 0
28 0
173 0
161 1
41 1
23 1
35 1
2 1
22 1
78 1
59 1
12 1
174 1
162 2
13 2
21 2
17 2
42 2
175 2
163 3
15 3
69 3
14 3
3 3
11 3
176 3
164 4
51 4
9 4
46 4
177 4
165 5
71 5
55 5
4 5
30 5
64 5
178 5
166 6
34 6
48 6
32 6
40 6
27 6
8 6
67 6
56 6
68 6
25 6
74 6
179 6
167 7
19 7
43 7
31 7
50 7
180 7
168 8
49 8
60 8
36 8
73 8
24 8
54 8
45 8
26 8
1 8
181 8
169 9
37 9
79 9
16 9
72 9
182 9
170 10
63 10
75 10
47 10
58 10
5 10
0 10
44 10
183 10
171 11
65 11
184 11
172 12
18 12
33 12
53 12
77 12
70 12
6 12
52 12
20 12
39 12
76 12
185 12
95
160 29
29 10
10 62
62 57
57 7
7 61
61 66
66 38
38 28
28 173
161 41
41 23
23 35
35 2
2 22
22 78
78 59
59 12
12 174
162 13
13 21
21 17
17 42
42 175
163 15
15 69
69 14
14 3
3 11
11 176
164 51
51 9
9 46
46 177
165 71
71 55
55 4
4 30
30 64
64 178
166 34
34 48
48 32
32 40
40 27
27 8
8 67
67 56
56 68
68 25
25 74
74 179
167 19
19 43
43 31
31 50
50 180
168 49
49 60
60 36
36 73
73 24
24 54
54 45
45 26
26 1
1 181
169 37
37 79
79 16
16 72
72 182
170 63
63 75
75 47
47 58
58 5
5 0
0 20
20 44
44 183
171 65
65 184
172 18
18 33
33 53
53 77
77 54
54 70
70 6
6 52
52 20
20 39
39 76
76 185
