0.58
123.472
0
54
80 0
31 0
10 0
38 0
6 0
16 0
19 0
87 0
81 1
26 1
0 1
32 1
88 1
82 2
22 2
21 2
27 2
2 2
33 2
5 2
89 2
83 3
17 3
28 3
14 3
7 3
13 3
8 3
90 3
84 4
20 4
3 4
29 4
9 4
91 4
85 5
25 5
39 5
18 5
15 5
37 5
1 5
30 5
92 5
86 6
35 6
4 6
11 6
24 6
12 6
34 6
23 6
36 6
93 6
49
80 31
31 10
10 38
38 6
6 16
16 2
2 19
19 87
81 26
26 0
0 32
32 88
82 22
22 21
21 27
27 2
2 33
33 5
5 89
83 17
17 28
28 14
14 7
7 13
13 8
8 90
84 20
20 3
3 29
29 9
9 91
85 25
25 39
39 18
18 15
15 37
37 1
1 30
30 92
86 35
35 4
4 11
11 6
6 24
24 12
12 34
34 23
23 36
36 93
