2.7
219.772
0
80
120 0
13 0
58 0
53 0
54 0
4 0
20 0
48 0
130 0
121 1
10 1
0 1
131 1
122 2
44 2
11 2
42 2
9 2
39 2
6 2
132 2
123 3
21 3
45 3
43 3
41 3
47 3
7 3
14 3
5 3
133 3
124 4
3 4
12 4
31 4
51 4
57 4
32 4
50 4
55 4
134 4
125 5
46 5
33 5
135 5
126 6
17 6
36 6
27 6
22 6
136 6
127 7
19 7
16 7
23 7
15 7
52 7
2 7
28 7
137 7
128 8
59 8
56 8
34 8
25 8
18 8
37 8
40 8
30 8
1 8
138 8
129 9
38 9
29 9
24 9
8 9
49 9
35 9
26 9
139 9
72
120 13
13 58
58 53
53 54
54 4
4 20
20 48
48 130
121 10
10 0
0 131
122 44
44 11
11 42
42 9
9 39
39 6
6 132
123 21
21 45
45 43
43 41
41 47
47 7
7 14
14 5
5 133
124 3
3 12
12 31
31 51
51 57
57 11
11 32
32 50
50 55
55 134
125 46
46 33
33 135
126 17
17 36
36 27
27 22
22 136
127 19
19 16
16 23
23 15
15 52
52 2
2 28
28 137
128 59
59 56
56 34
34 25
25 18
18 37
37 40
40 30
30 1
1 138
129 38
38 29
29 24
24 8
8 49
49 35
35 40
40 26
26 139
