3.27
227.648
0
80
120 0
2 0
13 0
28 0
29 0
8 0
21 0
130 0
121 1
14 1
9 1
3 1
41 1
131 1
122 2
10 2
22 2
18 2
132 2
123 3
45 3
56 3
5 3
24 3
49 3
57 3
39 3
32 3
133 3
124 4
55 4
50 4
12 4
15 4
54 4
25 4
34 4
48 4
1 4
27 4
134 4
125 5
26 5
31 5
23 5
11 5
0 5
36 5
135 5
126 6
4 6
47 6
44 6
20 6
58 6
30 6
136 6
127 7
7 7
52 7
53 7
59 7
40 7
38 7
43 7
35 7
33 7
137 7
128 8
19 8
16 8
6 8
17 8
42 8
46 8
138 8
129 9
37 9
51 9
139 9
74
120 2
2 13
13 28
28 29
29 8
8 21
21 130
121 14
14 9
9 44
44 3
3 41
41 131
122 10
10 22
22 18
18 132
123 45
45 56
56 5
5 24
24 49
49 57
57 39
39 42
42 32
32 133
124 55
55 50
50 12
12 15
15 54
54 25
25 34
34 48
48 1
1 27
27 134
125 26
26 31
31 23
23 11
11 0
0 36
36 135
126 4
4 47
47 44
44 20
20 58
58 30
30 136
127 7
7 45
45 52
52 56
56 53
53 59
59 40
40 38
38 43
43 35
35 33
33 137
128 19
19 16
16 6
6 17
17 42
42 46
46 138
129 37
37 51
51 139
