22.33
294.992
0
106
160 0
58 0
69 0
35 0
79 0
36 0
67 0
47 0
44 0
55 0
173 0
161 1
25 1
60 1
51 1
65 1
50 1
66 1
73 1
30 1
68 1
21 1
22 1
174 1
162 2
59 2
72 2
19 2
27 2
46 2
175 2
163 3
29 3
4 3
40 3
37 3
6 3
76 3
63 3
176 3
164 4
54 4
32 4
11 4
77 4
177 4
165 5
23 5
64 5
178 5
166 6
45 6
7 6
179 6
167 7
62 7
52 7
38 7
13 7
1 7
14 7
180 7
168 8
48 8
2 8
49 8
18 8
28 8
3 8
26 8
33 8
70 8
15 8
31 8
57 8
181 8
169 9
56 9
53 9
42 9
34 9
182 9
170 10
61 10
24 10
16 10
43 10
78 10
20 10
17 10
9 10
39 10
5 10
71 10
183 10
171 11
12 11
10 11
8 11
0 11
184 11
172 12
75 12
74 12
41 12
185 12
98
160 58
58 69
69 35
35 79
79 36
36 67
67 47
47 44
44 55
55 173
161 25
25 60
60 51
51 65
65 50
50 66
66 73
73 30
30 68
68 21
21 22
22 174
162 59
59 72
72 19
19 27
27 46
46 175
163 29
29 4
4 40
40 37
37 6
6 76
76 50
50 63
63 176
164 54
54 58
58 32
32 11
11 77
77 177
165 23
23 64
64 27
27 178
166 45
45 7
7 179
167 62
62 52
52 38
38 13
13 1
1 14
14 180
168 48
48 2
2 4
4 49
49 18
18 28
28 3
3 26
26 33
33 70
70 15
15 31
31 57
57 181
169 56
56 53
53 42
42 34
34 182
170 61
61 24
24 16
16 43
43 78
78 20
20 17
17 9
9 39
39 5
5 71
71 183
171 12
12 10
10 8
8 0
0 184
172 75
75 23
23 74
74 41
41 185
