26.26
440.155
0
132
200 0
51 0
0 0
75 0
216 0
201 1
39 1
42 1
85 1
95 1
97 1
94 1
58 1
217 1
202 2
57 2
34 2
26 2
23 2
12 2
14 2
74 2
80 2
86 2
218 2
203 3
71 3
38 3
81 3
92 3
16 3
76 3
219 3
204 4
4 4
47 4
5 4
220 4
205 5
22 5
55 5
30 5
48 5
72 5
52 5
1 5
67 5
221 5
206 6
10 6
6 6
33 6
24 6
29 6
27 6
37 6
79 6
8 6
222 6
207 7
64 7
45 7
32 7
82 7
96 7
93 7
61 7
17 7
3 7
13 7
98 7
70 7
223 7
208 8
91 8
83 8
65 8
224 8
209 9
40 9
21 9
225 9
210 10
41 10
89 10
62 10
20 10
73 10
15 10
99 10
60 10
31 10
226 10
211 11
69 11
53 11
84 11
9 11
77 11
59 11
54 11
227 11
212 12
43 12
18 12
35 12
11 12
228 12
213 13
50 13
46 13
28 13
44 13
2 13
19 13
66 13
229 13
214 14
63 14
78 14
68 14
88 14
90 14
87 14
49 14
36 14
230 14
215 15
56 15
25 15
7 15
231 15
123
200 51
51 0
0 75
75 216
201 39
39 71
71 42
42 85
85 95
95 97
97 94
94 58
58 217
202 57
57 34
34 26
26 23
23 12
12 14
14 74
74 80
80 86
86 218
203 71
71 38
38 81
81 92
92 16
16 76
76 219
204 4
4 47
47 5
5 220
205 22
22 55
55 30
30 48
48 72
72 52
52 1
1 67
67 221
206 10
10 6
6 33
33 24
24 29
29 74
74 27
27 37
37 79
79 8
8 222
207 64
64 45
45 32
32 82
82 96
96 93
93 61
61 17
17 3
3 13
13 98
98 70
70 223
208 91
91 83
83 65
65 224
209 40
40 56
56 21
21 225
210 41
41 89
89 62
62 20
20 73
73 15
15 99
99 60
60 31
31 226
211 69
69 53
53 84
84 9
9 77
77 59
59 54
54 227
212 43
43 18
18 35
35 60
60 11
11 228
213 50
50 45
45 46
46 32
32 28
28 44
44 2
2 19
19 66
66 229
214 63
63 78
78 68
68 88
88 90
90 87
87 49
49 16
16 36
36 230
215 56
56 25
25 7
7 231
