0.84
243.711
0
68
100 0
19 0
25 0
23 0
28 0
36 0
26 0
109 0
101 1
5 1
24 1
0 1
110 1
102 2
13 2
17 2
10 2
33 2
31 2
111 2
103 3
35 3
22 3
47 3
38 3
32 3
42 3
12 3
39 3
112 3
104 4
40 4
27 4
1 4
113 4
105 5
46 5
34 5
3 5
49 5
21 5
43 5
114 5
106 6
29 6
2 6
30 6
41 6
11 6
7 6
115 6
107 7
44 7
48 7
20 7
6 7
37 7
16 7
116 7
108 8
45 8
4 8
9 8
15 8
8 8
18 8
14 8
117 8
63
100 19
19 25
25 23
23 28
28 36
36 37
37 26
26 39
39 109
101 5
5 24
24 0
0 110
102 13
13 17
17 10
10 33
33 31
31 111
103 35
35 22
22 47
47 38
38 32
32 42
42 12
12 39
39 112
104 40
40 27
27 1
1 113
105 46
46 34
34 3
3 49
49 21
21 33
33 43
43 114
106 29
29 2
2 30
30 41
41 11
11 7
7 115
107 44
44 48
48 4
4 20
20 6
6 37
37 16
16 116
108 45
45 4
4 9
9 15
15 8
8 18
18 14
14 117
