29.43
365.003
0
132
200 0
14 0
97 0
29 0
91 0
9 0
27 0
98 0
81 0
15 0
55 0
38 0
33 0
80 0
216 0
201 1
4 1
217 1
202 2
93 2
96 2
69 2
53 2
23 2
72 2
218 2
203 3
12 3
85 3
28 3
95 3
0 3
17 3
63 3
20 3
25 3
219 3
204 4
36 4
1 4
220 4
205 5
54 5
90 5
45 5
94 5
8 5
76 5
7 5
73 5
65 5
26 5
16 5
24 5
5 5
34 5
59 5
221 5
206 6
82 6
39 6
31 6
222 6
207 7
56 7
58 7
35 7
2 7
223 7
208 8
70 8
68 8
41 8
67 8
60 8
224 8
209 9
37 9
61 9
3 9
87 9
47 9
11 9
46 9
62 9
21 9
48 9
225 9
210 10
89 10
19 10
92 10
18 10
83 10
57 10
226 10
211 11
78 11
43 11
79 11
51 11
49 11
30 11
6 11
13 11
99 11
22 11
227 11
212 12
77 12
228 12
213 13
10 13
84 13
42 13
229 13
214 14
50 14
74 14
44 14
88 14
32 14
230 14
215 15
52 15
66 15
75 15
71 15
86 15
64 15
40 15
231 15
121
200 14
14 97
97 29
29 45
45 91
91 9
9 27
27 98
98 81
81 15
15 55
55 38
38 33
33 80
80 216
201 4
4 217
202 93
93 96
96 69
69 53
53 23
23 72
72 218
203 12
12 85
85 28
28 95
95 47
47 0
0 17
17 63
63 20
20 25
25 219
204 36
36 31
31 1
1 220
205 54
54 90
90 45
45 94
94 8
8 76
76 7
7 73
73 65
65 26
26 16
16 24
24 5
5 34
34 59
59 221
206 82
82 39
39 31
31 222
207 56
56 58
58 35
35 2
2 223
208 70
70 68
68 41
41 67
67 60
60 224
209 37
37 61
61 3
3 87
87 47
47 11
11 46
46 62
62 21
21 48
48 225
210 89
89 19
19 92
92 18
18 83
83 57
57 226
211 78
78 43
43 9
9 79
79 51
51 49
49 30
30 6
6 13
13 63
63 99
99 22
22 227
212 77
77 228
213 10
10 84
84 42
42 229
214 50
50 74
74 44
44 88
88 32
32 230
215 52
52 66
66 75
75 71
71 86
86 64
64 40
40 231
