0.86
212.243
0
68
100 0
28 0
31 0
35 0
2 0
41 0
17 0
26 0
32 0
109 0
101 1
10 1
110 1
102 2
45 2
39 2
46 2
12 2
19 2
16 2
21 2
111 2
103 3
38 3
13 3
4 3
1 3
44 3
5 3
112 3
104 4
34 4
22 4
8 4
11 4
113 4
105 5
25 5
14 5
24 5
37 5
18 5
114 5
106 6
49 6
36 6
20 6
48 6
3 6
30 6
27 6
0 6
40 6
42 6
115 6
107 7
33 7
15 7
29 7
6 7
43 7
7 7
116 7
108 8
9 8
23 8
47 8
117 8
59
100 28
28 31
31 35
35 2
2 41
41 17
17 26
26 32
32 109
101 10
10 110
102 45
45 39
39 46
46 12
12 19
19 16
16 21
21 111
103 38
38 13
13 4
4 1
1 44
44 5
5 112
104 34
34 22
22 8
8 11
11 113
105 25
25 14
14 24
24 37
37 18
18 114
106 49
49 36
36 20
20 48
48 3
3 30
30 27
27 0
0 40
40 42
42 115
107 33
33 15
15 29
29 6
6 43
43 7
7 116
108 9
9 23
23 47
47 117
