1.72
209.518
0
80
120 0
53 0
9 0
4 0
6 0
8 0
55 0
36 0
46 0
130 0
121 1
54 1
41 1
0 1
38 1
131 1
122 2
43 2
32 2
16 2
48 2
23 2
12 2
132 2
123 3
49 3
35 3
22 3
133 3
124 4
50 4
51 4
13 4
5 4
17 4
20 4
14 4
42 4
134 4
125 5
29 5
11 5
58 5
135 5
126 6
25 6
1 6
52 6
18 6
40 6
21 6
15 6
27 6
44 6
47 6
136 6
127 7
37 7
45 7
28 7
57 7
10 7
137 7
128 8
7 8
3 8
30 8
39 8
33 8
24 8
34 8
19 8
138 8
129 9
26 9
59 9
56 9
31 9
2 9
139 9
72
120 53
53 9
9 4
4 6
6 8
8 55
55 36
36 46
46 130
121 54
54 41
41 0
0 38
38 131
122 43
43 32
32 49
49 16
16 48
48 23
23 12
12 132
123 49
49 35
35 22
22 133
124 50
50 51
51 13
13 5
5 17
17 20
20 14
14 42
42 134
125 29
29 11
11 58
58 135
126 25
25 1
1 52
52 0
0 18
18 40
40 21
21 15
15 27
27 44
44 47
47 136
127 37
37 45
45 28
28 57
57 10
10 137
128 7
7 3
3 30
30 39
39 33
33 24
24 34
34 19
19 138
129 26
26 59
59 56
56 31
31 2
2 139
