0.97
160.92
0
68
100 0
23 0
16 0
25 0
4 0
27 0
21 0
3 0
109 0
101 1
45 1
9 1
18 1
0 1
12 1
41 1
33 1
110 1
102 2
49 2
47 2
22 2
35 2
7 2
39 2
37 2
2 2
111 2
103 3
24 3
43 3
5 3
29 3
19 3
112 3
104 4
6 4
1 4
40 4
113 4
105 5
38 5
114 5
106 6
26 6
48 6
13 6
14 6
15 6
17 6
11 6
10 6
115 6
107 7
46 7
31 7
30 7
116 7
108 8
32 8
34 8
8 8
28 8
36 8
44 8
42 8
20 8
117 8
60
100 23
23 16
16 9
9 25
25 4
4 27
27 21
21 3
3 109
101 45
45 9
9 18
18 0
0 12
12 41
41 33
33 110
102 49
49 47
47 22
22 35
35 7
7 39
39 37
37 2
2 111
103 24
24 43
43 5
5 29
29 19
19 112
104 6
6 1
1 40
40 113
105 38
38 114
106 26
26 48
48 13
13 14
14 15
15 17
17 11
11 10
10 115
107 46
46 31
31 30
30 116
108 32
32 34
34 8
8 28
28 36
36 44
44 42
42 20
20 117
