0.64
121.526
0
54
80 0
37 0
16 0
87 0
81 1
9 1
39 1
2 1
11 1
88 1
82 2
28 2
6 2
10 2
36 2
24 2
15 2
3 2
27 2
89 2
83 3
18 3
17 3
14 3
25 3
22 3
34 3
31 3
90 3
84 4
35 4
12 4
5 4
1 4
8 4
20 4
4 4
0 4
91 4
85 5
21 5
30 5
7 5
38 5
92 5
86 6
32 6
33 6
29 6
19 6
23 6
13 6
26 6
93 6
50
80 37
37 16
16 87
81 9
9 39
39 2
2 11
11 88
82 28
28 6
6 10
10 36
36 24
24 15
15 3
3 27
27 89
83 18
18 17
17 14
14 0
0 25
25 22
22 34
34 31
31 90
84 35
35 12
12 5
5 1
1 8
8 20
20 4
4 0
0 91
85 21
21 30
30 17
17 7
7 0
0 38
38 92
86 32
32 33
33 29
29 19
19 23
23 13
13 26
26 93
