11.44
279.709
0
106
160 0
9 0
20 0
19 0
70 0
61 0
51 0
58 0
26 0
8 0
173 0
161 1
17 1
1 1
62 1
56 1
39 1
53 1
174 1
162 2
16 2
18 2
64 2
67 2
3 2
45 2
30 2
63 2
175 2
163 3
73 3
65 3
27 3
11 3
24 3
66 3
176 3
164 4
4 4
31 4
42 4
177 4
165 5
47 5
40 5
60 5
44 5
46 5
178 5
166 6
43 6
68 6
36 6
35 6
0 6
74 6
50 6
55 6
23 6
41 6
179 6
167 7
12 7
48 7
69 7
28 7
75 7
15 7
57 7
33 7
59 7
21 7
180 7
168 8
79 8
7 8
54 8
38 8
181 8
169 9
37 9
29 9
13 9
52 9
72 9
10 9
32 9
77 9
182 9
170 10
78 10
6 10
34 10
183 10
171 11
22 11
14 11
5 11
25 11
71 11
184 11
172 12
49 12
76 12
2 12
185 12
96
160 9
9 20
20 19
19 70
70 61
61 51
51 58
58 26
26 8
8 173
161 17
17 1
1 62
62 56
56 39
39 53
53 174
162 16
16 37
37 18
18 64
64 67
67 3
3 45
45 30
30 63
63 175
163 73
73 65
65 27
27 11
11 24
24 66
66 176
164 4
4 31
31 42
42 177
165 47
47 40
40 60
60 44
44 46
46 178
166 43
43 68
68 36
36 35
35 0
0 74
74 50
50 55
55 23
23 41
41 179
167 12
12 48
48 69
69 28
28 75
75 15
15 57
57 33
33 59
59 32
32 21
21 180
168 79
79 7
7 54
54 38
38 181
169 37
37 29
29 13
13 68
68 52
52 72
72 10
10 32
32 77
77 182
170 78
78 6
6 34
34 183
171 22
22 14
14 5
5 25
25 71
71 184
172 49
49 76
76 2
2 185
