2.45
203.298
0
80
120 0
4 0
36 0
20 0
40 0
49 0
3 0
0 0
54 0
22 0
130 0
121 1
8 1
38 1
50 1
17 1
5 1
131 1
122 2
33 2
7 2
11 2
29 2
52 2
51 2
59 2
46 2
18 2
132 2
123 3
24 3
35 3
133 3
124 4
6 4
21 4
37 4
26 4
32 4
2 4
47 4
134 4
125 5
57 5
56 5
45 5
34 5
27 5
19 5
55 5
30 5
23 5
135 5
126 6
31 6
28 6
9 6
14 6
42 6
12 6
136 6
127 7
1 7
39 7
43 7
10 7
137 7
128 8
53 8
25 8
138 8
129 9
48 9
16 9
13 9
44 9
15 9
58 9
41 9
139 9
70
120 4
4 36
36 20
20 40
40 49
49 3
3 0
0 54
54 22
22 130
121 8
8 38
38 50
50 17
17 5
5 131
122 33
33 7
7 11
11 29
29 52
52 51
51 59
59 46
46 18
18 132
123 24
24 35
35 133
124 6
6 21
21 37
37 26
26 32
32 2
2 47
47 134
125 57
57 56
56 45
45 34
34 27
27 19
19 55
55 30
30 23
23 135
126 31
31 28
28 9
9 14
14 42
42 12
12 136
127 1
1 39
39 43
43 10
10 137
128 53
53 25
25 138
129 48
48 16
16 13
13 44
44 15
15 58
58 41
41 139
