1.1
162.477
0
66
100 0
29 0
6 0
11 0
12 0
14 0
47 0
22 0
39 0
27 0
45 0
17 0
3 0
108 0
101 1
5 1
49 1
109 1
102 2
36 2
43 2
28 2
9 2
35 2
38 2
20 2
16 2
110 2
103 3
30 3
19 3
46 3
31 3
13 3
42 3
24 3
2 3
111 3
104 4
34 4
48 4
32 4
18 4
7 4
15 4
33 4
44 4
112 4
105 5
1 5
40 5
8 5
25 5
10 5
4 5
21 5
113 5
106 6
0 6
26 6
114 6
107 7
41 7
23 7
37 7
115 7
59
100 29
29 6
6 11
11 12
12 14
14 47
47 22
22 39
39 27
27 45
45 17
17 3
3 108
101 5
5 49
49 109
102 36
36 43
43 28
28 9
9 35
35 38
38 20
20 16
16 110
103 30
30 19
19 46
46 31
31 13
13 42
42 24
24 2
2 111
104 34
34 29
29 48
48 32
32 18
18 7
7 15
15 33
33 44
44 112
105 1
1 40
40 8
8 25
25 10
10 4
4 21
21 113
106 0
0 26
26 114
107 41
41 23
23 37
37 115
