15.37
338.039
0
104
160 0
44 0
67 0
66 0
60 0
18 0
73 0
59 0
40 0
6 0
55 0
172 0
161 1
70 1
8 1
38 1
15 1
79 1
50 1
71 1
173 1
162 2
57 2
56 2
62 2
42 2
3 2
46 2
5 2
174 2
163 3
68 3
13 3
30 3
16 3
2 3
69 3
175 3
164 4
35 4
64 4
33 4
36 4
32 4
31 4
58 4
21 4
176 4
165 5
23 5
34 5
24 5
78 5
49 5
47 5
17 5
177 5
166 6
11 6
75 6
0 6
72 6
45 6
178 6
167 7
27 7
25 7
22 7
48 7
179 7
168 8
37 8
28 8
4 8
29 8
26 8
65 8
9 8
180 8
169 9
61 9
53 9
19 9
63 9
1 9
52 9
14 9
12 9
181 9
170 10
41 10
43 10
7 10
20 10
76 10
74 10
182 10
171 11
54 11
10 11
39 11
77 11
51 11
183 11
96
160 44
44 67
67 66
66 60
60 18
18 73
73 0
0 59
59 40
40 6
6 55
55 172
161 70
70 8
8 38
38 15
15 79
79 50
50 74
74 71
71 173
162 57
57 56
56 62
62 42
42 3
3 46
46 5
5 174
163 68
68 13
13 30
30 16
16 2
2 69
69 175
164 35
35 64
64 33
33 36
36 32
32 31
31 58
58 21
21 176
165 23
23 34
34 24
24 78
78 49
49 47
47 17
17 177
166 11
11 75
75 0
0 72
72 45
45 178
167 27
27 25
25 22
22 48
48 179
168 37
37 28
28 4
4 29
29 26
26 65
65 9
9 180
169 61
61 53
53 19
19 63
63 1
1 52
52 14
14 12
12 181
170 41
41 43
43 53
53 7
7 20
20 76
76 74
74 182
171 54
54 10
10 39
39 16
16 77
77 51
51 183
