30.24
344.836
0
132
200 0
51 0
84 0
24 0
0 0
44 0
31 0
35 0
216 0
201 1
80 1
68 1
72 1
2 1
70 1
14 1
217 1
202 2
79 2
64 2
58 2
9 2
85 2
63 2
12 2
34 2
218 2
203 3
43 3
5 3
36 3
89 3
60 3
27 3
30 3
8 3
29 3
22 3
76 3
7 3
11 3
219 3
204 4
25 4
57 4
20 4
16 4
55 4
47 4
99 4
62 4
220 4
205 5
38 5
88 5
86 5
21 5
94 5
92 5
75 5
32 5
221 5
206 6
87 6
53 6
37 6
222 6
207 7
45 7
54 7
40 7
223 7
208 8
77 8
48 8
98 8
6 8
33 8
66 8
13 8
224 8
209 9
3 9
41 9
96 9
225 9
210 10
50 10
52 10
226 10
211 11
78 11
18 11
95 11
71 11
19 11
67 11
97 11
4 11
65 11
227 11
212 12
83 12
73 12
74 12
23 12
56 12
91 12
10 12
61 12
228 12
213 13
26 13
49 13
82 13
42 13
229 13
214 14
1 14
59 14
17 14
39 14
69 14
93 14
230 14
215 15
28 15
81 15
46 15
90 15
15 15
231 15
124
200 51
51 84
84 24
24 2
2 0
0 44
44 31
31 35
35 216
201 80
80 68
68 72
72 2
2 70
70 96
96 14
14 217
202 79
79 64
64 58
58 9
9 85
85 63
63 12
12 34
34 218
203 43
43 5
5 36
36 1
1 89
89 60
60 27
27 30
30 8
8 29
29 39
39 22
22 76
76 7
7 11
11 219
204 25
25 57
57 20
20 16
16 55
55 47
47 99
99 62
62 220
205 38
38 88
88 86
86 21
21 94
94 92
92 75
75 32
32 221
206 87
87 53
53 37
37 222
207 45
45 54
54 40
40 223
208 77
77 68
68 48
48 98
98 6
6 33
33 66
66 13
13 224
209 3
3 41
41 96
96 225
210 50
50 52
52 226
211 78
78 18
18 95
95 71
71 19
19 67
67 97
97 4
4 65
65 227
212 83
83 73
73 74
74 68
68 23
23 56
56 91
91 10
10 98
98 61
61 228
213 26
26 49
49 82
82 42
42 229
214 1
1 59
59 89
89 17
17 39
39 69
69 93
93 230
215 28
28 81
81 46
46 90
90 15
15 231
