35.14
390.848
0
130
200 0
51 0
74 0
7 0
1 0
33 0
28 0
83 0
94 0
97 0
46 0
75 0
52 0
4 0
38 0
215 0
201 1
19 1
31 1
15 1
216 1
202 2
17 2
61 2
84 2
25 2
217 2
203 3
67 3
50 3
16 3
71 3
57 3
29 3
35 3
69 3
73 3
76 3
13 3
218 3
204 4
0 4
80 4
32 4
2 4
95 4
56 4
219 4
205 5
42 5
59 5
48 5
220 5
206 6
11 6
221 6
207 7
79 7
20 7
81 7
58 7
66 7
14 7
88 7
78 7
222 7
208 8
6 8
43 8
63 8
91 8
86 8
22 8
60 8
68 8
223 8
209 9
39 9
30 9
5 9
64 9
23 9
90 9
8 9
55 9
10 9
45 9
72 9
87 9
224 9
210 10
40 10
37 10
3 10
54 10
92 10
225 10
211 11
18 11
93 11
49 11
21 11
226 11
212 12
65 12
96 12
82 12
98 12
36 12
227 12
213 13
12 13
99 13
9 13
41 13
24 13
34 13
47 13
85 13
53 13
228 13
214 14
26 14
27 14
89 14
62 14
44 14
70 14
77 14
229 14
118
200 51
51 74
74 7
7 1
1 33
33 28
28 83
83 94
94 97
97 46
46 75
75 52
52 4
4 38
38 215
201 19
19 31
31 15
15 216
202 17
17 61
61 84
84 25
25 217
203 67
67 50
50 16
16 71
71 57
57 29
29 35
35 69
69 73
73 76
76 13
13 218
204 0
0 80
80 32
32 2
2 95
95 56
56 219
205 42
42 59
59 48
48 220
206 11
11 21
21 221
207 79
79 20
20 81
81 58
58 66
66 14
14 88
88 78
78 222
208 6
6 43
43 63
63 91
91 86
86 22
22 60
60 68
68 223
209 39
39 30
30 5
5 64
64 23
23 90
90 8
8 55
55 10
10 45
45 72
72 87
87 224
210 40
40 37
37 3
3 29
29 54
54 92
92 225
211 18
18 93
93 49
49 21
21 226
212 65
65 96
96 82
82 98
98 36
36 227
213 12
12 99
99 9
9 41
41 24
24 34
34 47
47 85
85 53
53 228
214 26
26 27
27 89
89 17
17 62
62 44
44 70
70 77
77 229
