34.21
395.797
0
132
200 0
11 0
39 0
18 0
216 0
201 1
31 1
51 1
74 1
70 1
76 1
0 1
83 1
217 1
202 2
25 2
21 2
218 2
203 3
24 3
9 3
58 3
42 3
82 3
81 3
68 3
48 3
219 3
204 4
26 4
77 4
16 4
59 4
62 4
36 4
50 4
86 4
220 4
205 5
41 5
72 5
75 5
30 5
92 5
27 5
221 5
206 6
60 6
80 6
32 6
54 6
22 6
67 6
20 6
73 6
53 6
222 6
207 7
66 7
35 7
33 7
17 7
223 7
208 8
78 8
43 8
52 8
98 8
87 8
96 8
64 8
224 8
209 9
57 9
63 9
44 9
15 9
65 9
225 9
210 10
23 10
61 10
34 10
71 10
4 10
89 10
226 10
211 11
12 11
91 11
38 11
95 11
79 11
3 11
49 11
2 11
13 11
227 11
212 12
88 12
93 12
94 12
37 12
10 12
47 12
6 12
228 12
213 13
5 13
85 13
46 13
45 13
99 13
55 13
28 13
56 13
90 13
229 13
214 14
19 14
97 14
14 14
29 14
230 14
215 15
1 15
69 15
84 15
40 15
8 15
7 15
231 15
132
200 11
11 39
39 18
18 216
201 31
31 51
51 74
74 70
70 76
76 0
0 83
83 217
202 25
25 57
57 23
23 21
21 218
203 24
24 9
9 58
58 42
42 82
82 81
81 73
73 68
68 48
48 219
204 26
26 77
77 91
91 16
16 59
59 62
62 36
36 28
28 50
50 86
86 90
90 64
64 220
205 41
41 72
72 75
75 30
30 8
8 92
92 29
29 27
27 221
206 60
60 80
80 72
72 32
32 54
54 22
22 67
67 20
20 73
73 53
53 68
68 222
207 66
66 35
35 33
33 17
17 223
208 78
78 43
43 52
52 98
98 87
87 96
96 64
64 224
209 57
57 63
63 44
44 15
15 65
65 225
210 23
23 61
61 63
63 34
34 71
71 15
15 4
4 89
89 226
211 12
12 26
26 91
91 38
38 95
95 79
79 3
3 49
49 20
20 2
2 13
13 227
212 88
88 93
93 94
94 37
37 10
10 47
47 6
6 228
213 5
5 85
85 46
46 45
45 99
99 37
37 55
55 28
28 56
56 90
90 229
214 19
19 97
97 14
14 29
29 230
215 1
1 69
69 84
84 40
40 8
8 7
7 231
