2014-04-22 18:19:23 WARN  DiskStorePathManager:162 - diskStorePath 'C:\Users\MSTOBBE\AppData\Local\Temp\2' is already used by an existing CacheManager either in the same VM or in a different process.
The diskStore path for this CacheManager will be set to C:\Users\MSTOBBE\AppData\Local\Temp\2\ehcache_auto_created7560619696662395880diskstore.
To avoid this warning consider using the CacheManager factory methods to create a singleton CacheManager or specifying a separate ehcache configuration (ehcache.xml) for each CacheManager instance.
2014-04-22 18:19:23 INFO  DataDomainProvider:253 - setting DataNode 'datanode' as default, used by all unlinked DataMaps
2014-04-22 18:19:24 INFO  EhCacheManager:159 - Cache with name 'nl.tue.opac.concoord.NoPasswordRealm.authorizationCache' does not yet exist.  Creating now.
2014-04-22 18:19:24 INFO  EhCacheManager:166 - Added EhCache named [nl.tue.opac.concoord.NoPasswordRealm.authorizationCache]
2014-04-22 18:19:24 INFO  AbstractValidatingSessionManager:224 - Enabling session validation scheduler...
feasirouteall [[0, 18, 22, 10, 6, 34, 42, 46, 21, 24, 15, 30, 39, 45, 48, 3, 27, 7, 31, 49], [0, 2, 26, 5, 29, 1, 4, 19, 28, 20, 13, 23, 25, 47, 43, 37, 44, 49], [0, 14, 16, 40, 38, 12, 9, 36, 17, 8, 33, 41, 32, 11, 35, 49]]
feasibenefit 174.045307015446
lastindex 11378 17301
time	34
feasirouteall [[0, 22, 10, 34, 6, 46, 21, 24, 15, 30, 39, 11, 48, 3, 45, 35, 27, 49], [0, 2, 26, 17, 5, 8, 29, 32, 41, 19, 4, 1, 28, 23, 25, 47, 43, 49], [0, 16, 14, 18, 40, 38, 12, 42, 9, 36, 33, 13, 20, 7, 37, 44, 31, 49]]
feasibenefit 169.55158567023113
lastindex 14952 16601
time	31
feasirouteall [[0, 2, 26, 5, 29, 1, 4, 19, 13, 20, 28, 23, 25, 47, 43, 37, 44, 49], [0, 22, 10, 34, 24, 21, 46, 48, 45, 11, 35, 3, 27, 7, 31, 49], [0, 14, 16, 18, 40, 38, 12, 36, 9, 42, 6, 33, 8, 17, 15, 30, 39, 32, 41, 49]]
feasibenefit 169.25674513202927
lastindex 13313 16901
time	32
feasirouteall [[0, 16, 14, 18, 40, 38, 12, 42, 9, 36, 33, 13, 20, 7, 37, 44, 31, 49], [0, 22, 10, 34, 6, 46, 21, 24, 15, 30, 39, 11, 48, 3, 45, 35, 27, 49], [0, 2, 26, 17, 5, 8, 29, 32, 41, 19, 4, 1, 28, 23, 25, 47, 43, 49]]
feasibenefit 169.55158567023113
lastindex 11955 17201
time	36
feasirouteall [[0, 14, 16, 18, 40, 38, 12, 42, 36, 19, 4, 1, 28, 23, 25, 47, 43, 49], [0, 9, 2, 26, 33, 8, 5, 17, 32, 41, 29, 13, 20, 7, 37, 44, 31, 49], [0, 22, 10, 6, 34, 46, 21, 24, 15, 30, 39, 48, 45, 11, 35, 3, 27, 49]]
feasibenefit 175.30541198983394
lastindex 16837 16901
time	41
feasirouteall [[0, 22, 10, 34, 6, 46, 21, 24, 15, 30, 39, 11, 48, 3, 45, 35, 27, 49], [0, 16, 14, 18, 40, 38, 12, 42, 9, 36, 33, 13, 20, 7, 37, 44, 31, 49], [0, 2, 26, 17, 5, 8, 29, 32, 41, 19, 4, 1, 28, 23, 25, 47, 43, 49]]
feasibenefit 169.55158567023113
lastindex 13763 16001
time	28
feasirouteall [[0, 16, 14, 18, 40, 38, 12, 42, 9, 36, 33, 13, 20, 7, 37, 44, 31, 49], [0, 22, 10, 34, 6, 46, 21, 24, 15, 30, 39, 11, 48, 3, 45, 35, 27, 49], [0, 2, 26, 17, 5, 8, 29, 32, 41, 19, 4, 1, 28, 23, 25, 47, 43, 49]]
feasibenefit 169.55158567023113
lastindex 13623 16701
time	29
feasirouteall [[0, 2, 26, 17, 5, 8, 29, 32, 41, 19, 4, 1, 28, 23, 25, 47, 43, 49], [0, 16, 14, 18, 40, 38, 12, 42, 9, 36, 33, 13, 20, 7, 37, 44, 31, 49], [0, 22, 10, 6, 34, 46, 21, 24, 15, 30, 39, 11, 45, 48, 35, 3, 27, 49]]
feasibenefit 170.49900125731452
lastindex 12644 17101
time	34
feasirouteall [[0, 2, 26, 17, 5, 8, 29, 32, 41, 19, 4, 1, 28, 23, 25, 47, 43, 49], [0, 22, 6, 10, 34, 46, 21, 24, 15, 30, 39, 11, 48, 3, 45, 35, 27, 49], [0, 16, 14, 18, 40, 38, 12, 42, 9, 36, 33, 13, 20, 7, 37, 44, 31, 49]]
feasibenefit 169.87792828983874
lastindex 10575 17301
time	41
feasirouteall [[0, 9, 2, 26, 33, 8, 17, 15, 39, 32, 41, 19, 4, 1, 28, 23, 25, 47, 43, 49], [0, 22, 10, 6, 34, 46, 21, 24, 30, 11, 48, 45, 35, 3, 27, 49], [0, 14, 16, 18, 40, 38, 12, 42, 36, 5, 29, 13, 20, 7, 37, 44, 31, 49]]
feasibenefit 173.52449714696948
lastindex 17143 19801
time	42
average	171.07152335123564	169.25674513202927
time	352	0.5866666666666667
