DIMENSION: 47
N: 15
M: 15
K: 2

SERVICE: 
99 251 65 260 150 184 221 136 204 170 220 144 383 196 317 

DIST MATRIX: 
    0   591   820   359   624   537   600   388   678   584   624  1207   428   390   699  1116   408   374   816  1078   513   929   658   498   833   760   927   427   553   878  1096   413   160   769  1189   460  1094   836   573   945   708   994   367   195   854   178   891     0 
  286     0   465     1   305   272   262    86   331   229   318   887   110   291   420   776   212    21   627   777   162   670   445   296   596   404   644    69   333   562   766   204   364   611   895   214   769   613   347   727   372   643   257   171   511   242   681     0 
  786   321     0   501   311   433   287   482   207   276   335   499   444   665   381   335   540   488   631   465   360   510   520   523   523   136   434   433   496   291   363   527   837   674   577   510   385   559   486   633   222   235   648   667   154   732   623     0 
  522    28   285     0   296   365   229   286   227   143   326   765   264   372   432   618   400   241   695   692    99   657   528   439   620   165   602   202   445   477   631   387   625   707   813   217   645   649   447   752   290   386   355   430   372   458   722     0 
  674   465   325   432     0   173   217   354   232   304   124   509   322   712    13   462   301   434   256   371   414   238   135   222   177   422   220   388   170   198   419   295   618   287   481   590   407   205   150   311   181   623   681   526   265   658   277     0 
  323   319   461   109   253     0   233    35   313   238   256   839    65   395   344   746   105   124   528   716   226   589   347   191   507   435   573   125   233   510   726    96   328   507   831   321   725   521   249   634   338   682   360   178   486   303   586     0 
  328   298   447    94   246   187     0    14   300   220   251   833    49   384   344   736   121   107   536   713   205   591   355   203   511   416   572   104   242   504   718   112   345   518   829   303   718   526   256   640   328   663   349   186   474   303   593     0 
  201   331   551    88   376   319   341     0   413   315   384   962   173   280   478   857   225   104   659   845   246   724   480   320   642   491   706   156   366   634   844   221   287   634   962   252   846   656   383   769   450   728   245    87   593   169   720     0 
  590   407   329   349    98    89   161   270     0   247    67   586   239   633    75   522   220   352   306   453   346   322   141   153   250   398   304   309   110   263   487   214   541   318   564   516   479   272    95   384   171   620   601   442   295   573   343     0 
  575    73   258   313   316   397   251   336   231     0   347   741   311   413   446   587   445   295   713   679   153   659   553   477   631   122   600   255   478   469   606   432   678   731   798   258   623   662   478   762   292   332   399   484   353   510   734     0 
  368   251   395    99   209   177   174    42   250   166     0   795    16   384   322   691   154   102   536   681   159   571   354   218   499   362   546    70   246   468   677   142   399   526   798   284   678   517   257   631   284   609   351   233   428   334   587     0 
 1114   802   511   856   550   614   601   787   557   668   539     0   751  1113   451   280   743   854   446    83   790   248   517   659   354   663   224   801   604   301   210   738  1055   521    39   971   176   373   583   328   499   725  1086   967   409  1092   370     0 
  186   594   780   346   561   459   551   345   632   553   556  1131     0   465   617  1055   325   364   706   995   506   833   557   405   733   744   840   408   460   806  1028   333    36   654  1101   499  1023   733   481   838   652   986   436   177   800   253   783     0 
  180   512   803   366   672   626   626   440   686   576   684  1250   473     0   783  1129   525   369   961  1143   467  1030   785   622   949   702  1009   424   671   927  1126   523   400   930  1261   332  1131   962   688  1075   734   902   193   298   866   145  1025     0 
  397   213   358   115   194   189   147    84   218   125   210   772    54   383     0   662   191   110   547   664   123   567   367   243   501   320   535    59   264   448   651   178   440   542   783   268   654   522   272   634   257   566   351   268   398   357   593     0 
 1058   645   333   775   495   601   517   728   445   553   500   179   689   985   463     0   733   767   599   232   664   403   585   675   481   470   328   710   627   264    74   724  1056   668   300   832   108   515   609   528   408   465   964   922   264  1017   548     0 
  383   404   484   214   244   134   252   132   333   290   234   806   139   497   293   733     0   228   436   672   313   523   261    97   432   489   520   220   149   481   704    13   323   409   781   425   698   440   168   552   340   735   461   235   486   381   501     0 
  298   230   453    20   303   279   257    98   322   217   318   882   115   283   422   767   228     0   636   774   143   672   454   309   601   387   644    57   343   558   759   219   384   622   893   197   763   619   356   733   366   625   249   190   503   250   688     0 
  812   713   568   628   398   359   465   541   489   552   368   567   522   918   268   599   436   636     0   413   651   206   182   340   120   678   272   602   295   371   535   439   687    76   473   815   508    85   280   139   436   866   884   668   488   817    83     0 
 1039   720   430   777   471   541   520   709   475   586   462   155   673  1032   379   232   672   774   413     0   708   207   459   592   308   582   161   720   537   219   159   666   988   487   121   889   124   333   516   313   417   655  1005   893   327  1014   346     0 
  431    94   336   161   265   301   200   191   233   122   290   797   174   326   401   664   313   143   651   708     0   642   475   365   591   248   598   104   380   488   667   300   525   654   829   182   677   616   386   725   291   482   302   332   405   373   688     0 
  904   680   455   670   379   405   443   591   430   525   358   362   560   949   250   403   523   672   206   207   642     0   277   431   107   592    82   626   376   220   335   520   821   280   280   822   306   127   356   130   368   735   918   756   356   893   145     0 
  643   544   455   446   239   178   301   360   343   385   208   608   340   737   141   585   261   454   182   459   475   277     0   164   176   537   298   421   114   323   535   262   544   179   553   635   519   179    99   291   302   752   703   496   400   642   240     0 
  479   449   462   297   213    90   246   211   318   309   191   731   202   586   217   675    97   309   340   592   365   431   164     0   337   498   435   288    55   415   638    99   396   316   696   501   629   343    76   455   307   737   551   332   443   479   404     0 
  814   641   461   596   327   325   394   513   401   481   300   463   486   882   190   481   432   601   120   308   591   107   176   337     0   582   156   559   283   252   419   430   720   187   387   765   394    37   264   134   343   756   850   667   375   808   104     0 
  680   191   152   403   301   410   252   403   194   200   332   630   371   534   411   470   489   387   678   582   248   592   537   498   582     0   524   337   485   384   494   476   759   708   699   380   514   616   480   705   242   247   520   574   255   619   686     0 
  894   627   382   644   342   393   400   570   375   478   326   312   536   914   229   328   520   644   272   161   598    82   298   435   156   524     0   594   380   143   263   515   831   342   262   780   238   188   359   212   313   656   884   746   280   875   223     0 
  354   197   397    68   252   243   201    91   265   160   269   826    86   324   376   710   220    57   602   720   104   626   421   288   559   337   594     0   314   503   702   209   425   594   840   215   707   580   325   692   310   579   293   238   446   308   650     0 
  531   458   433   334   188    81   234   247   297   308   161   678   230   624   166   627   149   343   295   537   380   376   114    55   283   485   380   314     0   365   588   148   451   280   641   529   577   292    21   405   276   717   590   384   404   528   355     0 
  832   504   240   562   259   348   302   499   256   367   255   329   462   812   200   264   481   558   371   219   488   220   323   415   252   384   143   503   365     0   224   473   804   429   340   670   216   289   346   346   198   516   785   688   137   802   344     0 
 1044   659   348   766   473   570   504   712   439   551   474   136   673   992   422    74   704   759   535   159   667   335   535   638   419   494   263   702   588   224     0   695  1027   605   235   841    35   451   569   457   394   520   969   904   262  1008   480     0 
  385   391   472   205   233   126   240   122   321   277   224   799   127   490   287   724    13   219   439   666   300   520   262    99   430   476   515   209   148   473   695     0   332   413   776   415   690   440   167   552   328   722   455   237   475   380   502     0 
  222   615   789   365   563   456   557   357   639   565   556  1126   393   499   612  1056   323   384   687   988   525   821   544   396   720   759   831   425   451   804  1027   332     0   633  1092   528  1020   718   472   821   656  1003   469   201   804   288   765     0 
  773   723   610   612   415   354   480   525   515   564   384   642   510   902   297   668   409   622    76   487   654   280   179   316   187   708   342   594   280   429   605   413   633     0   549   809   580   155   270   210   467   909   867   633   537   785   156     0 
 1153   840   547   895   590   653   640   826   596   707   579   145   790  1153   490   300   781   893   473   121   829   280   553   696   387   699   262   840   641   340   235   776  1092   549     0  1010   202   404   620   350   538   753  1125  1006   446  1131   396     0 
  364   190   500   213   443   457   380   293   414   303   466   973   300   155   577   832   425   197   815   889   182   822   635   501   765   380   780   215   529   670   841   415   528   809  1010     0   853   788   539   899   472   571   141   329   580   287   859     0 
 1045   673   365   769   472   564   507   712   446   559   470   120   674  1002   411   108   698   763   508   124   677   306   519   629   394   514   238   707   577   216    35   690  1020   580   202   853     0   425   557   426   398   551   978   903   274  1011   451     0 
  822   670   498   614   354   341   422   529   433   509   326   488   504   902   218   515   440   619    85   333   616   127   179   343    37   616   188   580   292   289   451   440   718   155   404   788   425     0   273   114   376   793   869   675   412   820    72     0 
  551   461   422   348   180    85   231   261   290   308   152   658   242   638   147   609   168   356   280   516   386   356    99    76   264   480   359   325    21   346   569   167   472   270   620   539   557   273     0   387   264   709   604   403   389   546   338     0 
  934   774   576   727   461   455   528   643   531   614   435   461   618  1015   324   528   552   733   139   313   725   130   291   455   134   705   212   692   405   346   457   552   821   210   350   899   426   114   387     0   471   862   982   787   480   933    56     0 
  651   314   158   372    96   218   110   320    62   169   115   516   281   614   170   408   340   366   436   417   291   368   302   307   343   242   313   310   276   198   394   328   656   467   538   472   398   376   264   471     0   450   588   514   148   614   447     0 
  907   404   299   642   530   647   491   650   420   447   558   644   618   716   614   465   735   625   866   655   482   735   752   737   756   247   656   579   717   516   520   722  1003   909   753   571   551   793   709   862   450     0   710   814   382   840   855     0 
  268   329   633   256   542   528   486   343   533   420   561  1099   365    36   669   964   461   249   884  1005   302   918   703   551   850   520   884   293   590   785   969   455   469   867  1125   141   978   869   604   982   588   710     0   292   707   189   938     0 
  148   418   626   172   431   354   406   194   483   392   434  1017   233   326   517   922   235   190   668   893   332   756   496   332   667   574   746   238   384   688   904   237   201   633  1006   329   903   675   403   787   514   814   292     0   660   153   736     0 
  795   400   105   511   242   359   254   466   181   290   254   394   427   730   259   264   486   503   488   327   405   356   400   443   375   255   280   446   404   137   262   475   804   537   446   580   274   412   389   480   148   382   707   660     0   753   473     0 
   79   438   701   242   544   487   504   305   572   467   553  1129   341   216   647  1017   381   250   817  1014   373   893   642   479   808   619   875   308   528   802  1008   380   288   785  1131   287  1011   820   546   933   614   840   189   153   753     0   882     0 
  881   742   563   682   427   409   494   597   505   581   399   498   573   971   290   548   501   688    83   346   688   145   240   404   104   686   223   650   355   344   480   502   765   156   396   859   451    72   338    56   447   855   938   736   473   882     0     0 
    0     0     0     0     0     0     0     0     0     0     0     0     0     0     0     0     0     0     0     0     0     0     0     0     0     0     0     0     0     0     0     0     0     0     0     0     0     0     0     0     0     0     0     0     0     0     0     0 
