DIMENSION: 47
N: 15
M: 15
K: 2

SERVICE: 
196 443 380 481 396 120 81 250 209 183 268 188 471 321 490 

DIST MATRIX: 
    0   379   392   510   199   359   458   328   431   585   827   418   114   395   532   232   503   543   452   269   454   305   385   450   335   314   227   486   406    86   216   493   825   507   388   631   223   373   389   432   178   430   756   691    59   468   430     0 
  807     0   569   262   832   974   769   495   487    54   331   785   679   763   359   854   332   115   750   879   193   785   568   419   715   435   754   160   456   660   853   325   407   734   999   121   860   734   470   847   464   654   135   208   592   602   803     0 
  489   250     0   260   513   662   555   263   342   268   551   549   370   524   334   535   294   234   539   567   141   508   375   307   465   195   459   177   302   348   532   281   576   554   688   322   540   494   301   599   150   441   440   406   271   424   566     0 
  664   203   692     0   749   914   870   270   642   290   652   862   644   837   582   716   543   346   854   824   230   808   688   592   777   248   749   327   602   617   742   530   720   867   943   213   761   807   606   909   440   374   344   519   497   307   880     0 
  254   254   649   656     0   559   740   189   662   622   948   702   396   679   715   303   678   618   734   492   485   586   642   658   619   240   505   565   629   370   356   665   975   784   589   617   387   656   617   715   353   164   758   801   247   227   714     0 
  195   638   562   772    94     0   518   576   635   873  1088   458   263   448   771   153   750   827   524   113   744   319   556   677   416   583   262   771   624   273    93   743  1071   598   147   921    69   443   604   426   461   612  1045   961   342   674   459     0 
  596   808   277   596   448   418     0   776   368   807   846    67   368    92   529   590   536   729   101   379   735   187   277   438   155   737   268   693   392   394   520   537   786   159   416   904   490   122   376    67   497   906   979   768   524   935    51     0 
  432   253   359   295   454   604   521     0   336   327   598   510   313   485   356   478   317   290   507   509   199   459   354   312   424   188   406   232   297   290   473   304   616   529   630   380   481   455   292   556    94   424   499   455   214   418   527     0 
  765   794   199   402   656   688   240   788     0   642   571   299   510   297   304   779   331   559   225   621   622   417   207   258   313   729   466   544   249   523   723   340   496   154   694   754   701   291   251   363   504   953   789   528   606   957   308     0 
  577   227   480   282   620   774   664   268   428     0   520   662   484   638   377   626   337   185   648   680    44   625   476   379   580   204   577   141   388   461   632   324   565   656   801   210   643   608   392   714   265   440   338   374   370   402   680     0 
 1127   759   798   486  1139  1271   992   815   705   378     0  1022   978  1004   543  1174   538   408   972  1176   518  1054   800   636   968   758  1037   465   687   963  1167   539   370   935  1293   394  1171   978   705  1091   773   964   259   304   910   905  1040     0 
  477   569   100   373   381   450   194   546   178   562   663     0   224   164   334   494   325   488   180   367   482   198    94   234   113   499   207   447   179   235   443   323   627   214   465   654   425   134   158   245   257   695   737   559   327   712   206     0 
  680   522   253    68   641   748   451   537   163   305   356   477     0   458    59   715    20   222   432   657   299   511   254    93   422   470   505   209   140   464   686     9   341   408   767   417   680   432   158   545   320   716   460   245   466   698   495     0 
  217   566   416   631    69   176   392   512   487   749   945   336   122     0   626   208   606   697   395    81   627   196   410   530   280   503   124   642   477   140   140   599   925   466   202   808   114   311   456   320   337   590   925   821   247   639   341     0 
  646   821   251   565   504   485    60   794   335   786   798   101   407   120     0   644   501   706    74   441   725   241   253   405   179   750   317   674   364   430   576   504   733   100   484   888   547   141   350   134   508   934   954   729   553   957    96     0 
   53   516   592   741   143   271   598   451   647   801  1058   543   270   527   761     0   733   767   599   232   664   403   585   675   481   470   328   710   627   264    74   724  1056   668   300   832   108   515   609   528   408   465   964   922   264   530   548     0 
  699   540   260    71   658   763   456   557   167   311   341   484   488   466    41   733     0   228   436   672   313   523   261    97   432   489   520   220   149   481   704    13   323   409   781   425   698   440   168   552   340   735   461   235   486   717   501     0 
  722   412   456   157   733   870   655   453   375    83   335   670   575   648   260   767   228     0   636   774   143   672   454   309   601   387   644    57   343   558   759   219   384   622   893   197   763   619   356   733   366   625   249   190   503   585   688     0 
  596   748   181   498   464   470    20   723   269   715   745    74   349    77   429   599   436   636     0   413   651   206   182   340   120   678   272   602   295   371   535   439   687    76   473   815   508    85   280   139   436   866   884   668   488   887    83     0 
  258   644   465   702    97    96   406   588   543   828  1013   345   199   336   689   232   672   774   413     0   708   207   459   592   308   582   161   720   537   219   159   666   988   487   121   889   124   333   516   313   417   655  1005   893   327   709   346     0 
  616   269   479   253   652   803   668   312   419   140   477   670   510   646   352   664   313   143   651   708     0   642   475   365   591   248   598   104   380   488   667   300   525   654   829   182   677   616   386   725   291   482   302   332   405   443   688     0 
  408   662   282   568   263   271   200   621   372   740   861   141   192   129   531   403   523   672   206   207   642     0   277   431   107   592    82   626   376   220   335   520   821   280   280   822   306   127   356   130   368   735   918   756   356   771   145     0 
  566   605     7   319   474   540   201   591    97   534   588   223   315   204   261   585   261   454   182   459   475   277     0   164   176   537   298   421   114   323   535   262   544   179   553   635   519   179    99   291   302   752   703   496   400   760   240     0 
  645   557   163   160   587   680   359   562    70   392   429   387   417   369   100   675    97   309   340   592   365   431   164     0   337   498   435   288    55   415   638    99   396   316   696   501   629   343    76   455   307   737   551   332   443   728   404     0 
  477   653   180   483   349   378   123   622   273   674   764    88   230    63   435   481   432   601   120   308   591   107   176   337     0   582   156   559   283   252   419   430   720   187   387   765   394    37   264   134   343   756   850   667   375   782   104     0 
  418    71   543   452   503   669   690    68   524   384   721   670   413   645   530   470   489   387   678   582   248   592   537   498   582     0   524   337   485   384   494   476   759   708   699   380   514   616   480   705   242   247   520   574   255   230   686     0 
  329   593   304   556   193   245   270   548   384   706   861   216   114   199   534   328   520   644   272   161   598    82   298   435   156   524     0   594   380   143   263   515   831   342   262   780   238   188   359   212   313   656   884   746   280   695   223     0 
  665   368   423   155   677   816   620   404   350   115   384   632   521   609   257   710   220    57   602   720   104   626   421   288   559   337   594     0   314   503   702   209   425   594   840   215   707   580   325   692   310   579   293   238   446   543   650     0 
  600   548   114   205   535   625   314   546    40   424   484   337   366   318   155   627   149   343   295   537   380   376   114    55   283   485   380   314     0   365   588   148   451   280   641   529   577   292    21   405   276   717   590   384   404   714   355     0 
  243   452   331   500   179   315   375   406   384   610   817   332    29   311   505   264   481   558   371   219   488   220   323   415   252   384   143   503   365     0   224   473   804   429   340   670   216   289   346   346   198   516   785   688   137   552   344     0 
  105   547   542   719    72   205   532   485   604   800  1036   476   223   461   729    74   704   759   535   159   667   335   535   638   419   494   263   702   588   224     0   695  1027   605   235   841    35   451   569   457   394   520   969   904   262   581   480     0 
  689   527   261    63   651   757   458   543   170   302   347   485   480   466    54   724    13   219   439   666   300   520   262    99   430   476   515   209   148   473   695     0   332   413   776   415   690   440   167   552   328   722   455   237   475   703   502     0 
 1020   793   540   322   980  1076   706   827   450   431   104   751   809   738   300  1056   323   384   687   988   525   821   544   396   720   759   831   425   451   804  1027   332     0   633  1092   528  1020   718   472   821   656  1003   469   201   804   968   765     0 
  662   777   175   476   535   545    88   758   247   704   699   149   410   152   395   668   409   622    76   487   654   280   179   316   187   708   342   594   280   429   605   413   633     0   549   809   580   155   270   210   467   909   867   633   537   925   156     0 
  340   759   558   815   198    30   462   701   643   949  1122   400   320   398   795   300   781   893   473   121   829   280   553   696   387   699   262   840   641   340   235   776  1092   549     0  1010   202   404   620   350   538   753  1125  1006   446   812   396     0 
  782   369   637   354   830   984   833   430   564   115   449   841   692   818   457   832   425   197   815   889   182   822   635   501   765   380   780   215   529   670   841   415   528   809  1010     0   853   788   539   899   472   571   141   329   580   512   859     0 
  139   569   525   716    45   173   505   508   591   807  1033   447   212   434   721   108   698   763   508   124   677   306   519   629   394   514   238   707   577   216    35   690  1020   580   202   853     0   425   557   426   398   551   978   903   274   610   451     0 
  512   687   182   495   381   397    86   657   276   695   767    55   267    30   440   515   440   619    85   333   616   127   179   343    37   616   188   580   292   289   451   440   718   155   404   788   425     0   273   114   376   793   869   675   412   818    72     0 
  582   544   100   222   515   604   299   539    46   436   505   320   346   300   176   609   168   356   280   516   386   356    99    76   264   480   359   325    21   346   569   167   472   270   620   539   557   273     0   387   264   709   604   403   389   708   338     0 
  536   776   293   608   385   352   123   740   387   807   875    70   319    87   551   528   552   733   139   313   725   130   291   455   134   705   212   692   405   346   457   552   821   210   350   899   426   114   387     0   471   862   982   787   480   895    56     0 
  368   313   309   337   368   513   448   291   310   413   652   430   220   405   373   408   340   366   436   417   291   368   302   307   343   242   313   310   276   198   394   328   656   467   538   472   398   376   264   471     0   450   588   514   148   459   447     0 
  417   213   758   699   560   723   875   179   754   606   959   842   544   818   775   465   735   625   866   655   482   735   752   737   756   247   656   579   717   516   520   722  1003   909   753   571   551   793   709   862   450     0   710   814   382    78   855     0 
  915   510   704   392   953  1100   903   571   620   178   375   920   806   898   485   964   461   249   884  1005   302   918   703   551   850   520   884   293   590   785   969   455   469   867  1125   141   978   869   604   982   588   710     0   292   707   649   938     0 
  881   602   495   191   867   986   688   641   401   230   146   719   700   701   239   922   235   190   668   893   332   756   496   332   667   574   746   238   384   688   904   237   201   633  1006   329   903   675   403   787   514   814   292     0   660   774   736     0 
  221   320   407   485   254   417   495   270   433   539   799   460   166   436   518   264   486   503   488   327   405   356   400   443   375   255   280   446   404   137   262   475   804   537   446   580   274   412   389   480   148   382   707   660     0   415   473     0 
  481   177   767   674   615   782   898   169   753   558   918   869   581   845   757   530   717   585   887   709   443   771   760   728   782   230   695   543   714   552   581   703   968   925   812   512   610   818   708   895   459    78   649   774   415     0   884     0 
  552   757   241   559   408   394    68   725   335   765   820    18   319    42   498   548   501   688    83   346   688   145   240   404   104   686   223   650   355   344   480   502   765   156   396   859   451    72   338    56   447   855   938   736   473   884     0     0 
    0     0     0     0     0     0     0     0     0     0     0     0     0     0     0     0     0     0     0     0     0     0     0     0     0     0     0     0     0     0     0     0     0     0     0     0     0     0     0     0     0     0     0     0     0     0     0     0 
