DIMENSION: 37
N: 15
M: 10
K: 2

SERVICE: 
74 13 384 76 121 182 306 179 76 134 242 656 293 384 137 

DIST MATRIX: 
    0   704   759   535   159   667   335   535   638   419   494   263   702   588   224   180   463   524   559   567   909   463    71   164   444   389   694   578  1026   940   773   516   191   278    71   480   430     0 
  724     0   219   439   666   300   520   262    99   430   476   515   209   148   473   574   335   194   147   181   514   254   725   603   288   307    64   119   331   248   844   212   686   651   758   502   522     0 
 1056   323     0   687   988   525   821   544   396   720   759   831   425   451   804   898   628   512   470   480   602   574  1057   927   603   638   347   451     7    89  1069   524  1004   957  1089   765   819     0 
  668   409   622     0   487   654   280   179   316   187   708   342   594   280   429   426   178   281   315   253   908   277   667   448   253   356   468   387   636   549  1106   261   484   402   638   156   710     0 
  300   781   893   473     0   829   280   553   696   387   699   262   840   641   340   211   468   584   629   612  1089   522   297   184   490   485   793   672  1093  1002  1005   569    92   147   196   396   644     0 
  832   425   197   815   889     0   822   635   501   765   380   780   215   529   670   802   681   536   496   556    99   568   834   827   605   549   351   423   522   502   562   558   920   925   912   859   457     0 
  108   698   763   508   124   677     0   519   629   394   514   238   707   577   216   153   444   513   551   554   923   451   106   134   430   383   691   574  1020   933   803   504   155   243    69   451   453     0 
  515   440   619    85   333   616   127     0   343    37   616   188   580   292   289   272   108   258   305   259   883   219   514   293   183   265   480   372   720   629  1008   236   332   257   483    72   605     0 
  609   168   356   280   516   386   356    99     0   264   480   359   325    21   346   427   168    47    47    17   638   106   609   456   131   190   208   118   473   383   875    53   533   490   626   338   503     0 
  528   552   733   139   313   725   130   291   455     0   705   212   692   405   346   282   222   372   418   372   993   331   526   293   293   364   594   485   823   733  1088   350   299   207   473    56   685     0 
  408   340   366   436   417   291   368   302   307   343     0   313   310   276   198   330   292   221   229   273   555   194   409   355   214   113   311   211   655   575   640   231   448   456   463   447   246     0 
  465   735   625   866   655   482   735   752   737   756   247     0   579   717   516   614   731   669   668   720   585   644   468   621   658   554   676   627   999   940   253   680   692   755   575   855   206     0 
  964   461   249   884  1005   302   918   703   551   850   520   884     0   590   785   915   761   611   566   621   153   653   967   941   691   651   399   497   463   468   682   633  1034  1030  1040   938   597     0 
  922   235   190   668   893   332   756   496   332   667   574   746   238     0   688   800   572   429   382   417   409   487   923   829   523   526   213   335   196   177   869   448   915   886   971   736   641     0 
  264   486   503   488   327   405   356   400   443   375   255   280   446   404     0   257   360   343   363   394   650   297   266   274   299   202   459   357   803   722   611   346   363   400   333   473   212     0 
  247   581   683   355    93   620   156   375   502   241   511    84   629   448   133     0   296   386   429   422   883   324   246    29   296   276   587   466   898   809   856   374   119   144   214   301   468     0 
  517   336   511   145   377   512   193    85   242    95   534   216   472   188   263   296     0   150   197   155   777   115   517   323    82   180   373   263   630   539   932   128   386   330   509   178   533     0 
  562   198   361   279   477   373   327   102   116   242   445   322   324    65   301   386   150     0    48    52   633    63   563   415    94   143   224   114   512   423   843    22   495   457   582   327   463     0 
  595   152   317   320   520   339   375   139    81   290   436   368   282    49   336   429   197    48     0    64   594   107   595   458   141   172   176    73   470   382   829    69   539   504   620   372   462     0 
  609   181   373   264   510   403   345    82    86   251   492   352   342    33   345   422   155    52    64     0   655   105   609   450   126   193   224   135   481   390   889    51   525   480   623   322   514     0 
  894   523   295   913   967   270   912   733   600   859   428   866   314   628   750   883   777   633   594   655     0   664   896   907   700   639   451   522   596   586   532   655  1000  1010   980   955   504     0 
  504   259   405   258   414   397   271   108   178   197   432   261   362   126   241   324   115    63   107   105   664     0   504   352    38    95   278   160   575   485   831    54   433   398   520   291   440     0 
    3   734   769   598   230   666   402   585   676   480   473   327   712   628   264   246   517   563   595   609   896   504     0   233   489   423   717   606  1056   972   721   558   261   349   107   547   403     0 
  234   609   710   375    64   645   172   403   530   263   529   108   656   476   157    29   323   415   458   450   907   352   233     0   325   304   615   494   927   838   866   403    94   135   191   317   482     0 
  489   292   443   227   385   433   234   101   207   159   455   229   400   152   226   296    82    94   141   126   700    38   489   325     0   104   315   197   604   514   853    78   402   363   498   255   457     0 
  423   315   410   323   368   369   273   200   253   233   355   234   360   207   166   276   180   143   172   193   639    95   423   304   104     0   312   192   637   551   752   144   393   380   452   336   354     0 
  716    76   157   487   680   238   549   307   153   466   429   534   145   193   476   587   373   224   176   224   451   278   717   615   315   312     0   122   345   271   787   245   702   675   760   546   481     0 
  605   129   248   392   558   268   431   211   112   354   386   413   210   113   358   466   263   114    73   135   522   160   606   494   197   192   122     0   450   367   773   136   581   555   643   441   422     0 
 1055   322   380   690   989   521   823   546   397   722   755   832   421   452   804   898   630   512   470   481   596   575  1056   927   604   637   345   450     0    91  1064   525  1005   959  1089   768   816     0 
  971   238   336   601   899   471   732   455   307   631   694   742   368   362   717   809   539   423   382   390   586   485   972   838   514   551   271   367    91     0  1024   435   915   868  1002   678   750     0 
  718   857   688  1074   904   555   966   936   884   972   399   890   659   878   748   856   932   843   829   889   532   831   721   866   853   752   787   773  1064  1024     0   858   942  1000   828  1075   404     0 
  558   215   383   257   464   395   308    82   128   221   459   307   346    74   294   374   128    22    69    51   655    54   558   403    78   144   245   136   525   435   858     0   480   440   573   305   475     0 
  263   692   801   408    37   739   206   469   608   310   618   173   748   553   251   119   386   495   539   525  1000   433   261    94   402   393   702   581  1005   915   942   480     0    96   181   337   567     0 
  351   655   789   326   120   743   137   414   565   243   653   146   739   510   270   144   330   457   504   480  1010   398   349   135   363   380   675   555   959   868  1000   440    96     0   277   249   611     0 
  110   767   829   565   160   738   360   585   697   454   564   298   772   646   285   214   509   582   620   623   980   520   107   191   498   452   760   643  1089  1002   828   573   181   277     0   503   498     0 
  548   501   688    83   346   688   145   240   404   104   686   223   650   355   344   301   178   327   372   322   955   291   547   317   255   336   546   441   768   678  1075   305   337   249   503     0   671     0 
  400   535   455   673   531   320   565   548   531   569    77   491   403   511   349   468   533   463   462   514   504   440   403   482   457   354   481   422   816   750   404   475   567   611   498   671     0     0 
    0     0     0     0     0     0     0     0     0     0     0     0     0     0     0     0     0     0     0     0     0     0     0     0     0     0     0     0     0     0     0     0     0     0     0     0     0     0 
