DIMENSION: 37
N: 15
M: 10
K: 2

SERVICE: 
196 443 380 481 396 120 81 250 209 183 268 188 471 321 490 

DIST MATRIX: 
    0   379   392   510   199   359   458   328   431   585   827   418   114   395   532   198   335   342   369   392   705   289   233   215   284   199   484   374   824   741   664   341   304   342   286   468   270     0 
  807     0   569   262   832   974   769   495   487    54   331   785   679   763   359   788   626   476   431   486   206   519   856   815   557   520   266   362   401   382   674   498   907   899   924   602   510     0 
  489   250     0   260   513   662   555   263   342   268   551   549   370   524   334   480   395   275   254   316   407   282   537   504   314   236   237   196   573   506   577   293   598   604   603   424   245     0 
  664   203   692     0   749   914   870   270   642   290   652   862   644   837   582   749   710   586   558   622   210   597   719   768   629   545   468   490   715   680   352   606   859   886   811   307   316     0 
  254   254   649   656     0   559   740   189   662   622   948   702   396   679   715   455   607   573   582   625   655   535   306   460   543   441   631   556   972   902   417   580   529   595   412   227   164     0 
  195   638   562   772    94     0   518   576   635   873  1088   458   263   448   771   181   477   561   601   599   992   498   150   154   474   437   749   629  1071   983   865   550   131   227    52   674   521     0 
  596   808   277   596   448   418     0   776   368   807   846    67   368    92   529   343   223   369   413   360  1000   337   588   356   302   387   584   483   789   701  1126   347   366   274   538   935   722     0 
  432   253   359   295   454   604   521     0   336   327   598   510   313   485   356   423   362   258   248   305   461   252   479   447   280   192   270   202   613   541   584   274   540   549   544   418   220     0 
  765   794   199   402   656   688   240   788     0   642   571   299   510   297   304   550   261   285   297   237   853   313   778   575   307   407   403   360   500   417  1125   273   623   547   764   957   748     0 
  577   227   480   282   620   774   664   268   428     0   520   662   484   638   377   594   506   374   344   408   290   391   629   618   425   353   265   276   561   509   523   395   712   721   703   402   276     0 
 1127   759   798   486  1139  1271   992   815   705   378     0  1022   978  1004   543  1084   873   728   680   719   407   783  1175  1112   820   808   505   625   364   418   939   748  1202  1180  1237   905   834     0 
  477   569   100   373   381   450   194   546   178   562   663     0   224   164   334   282    36   131   179   148   749    85   494   310    49   144   355   241   628   538   896   111   379   331   492   712   497     0 
  680   522   253    68   641   748   451   537   163   305   356   477     0   458    59   565   327   185   138   173   516   245   716   594   279   297    66   110   341   257   840   203   677   642   749   698   516     0 
  217   566   416   631    69   176   392   512   487   749   945   336   122     0   626    40   332   414   455   452   886   352   207    31   326   296   608   487   925   837   836   403   116   166   176   639   454     0 
  646   821   251   565   504   485    60   794   335   786   798   101   407   120     0   396   219   352   392   334   985   332   642   413   301   396   556   464   736   649  1145   331   431   340   599   957   743     0 
  254   577   382   610   109   187   352   526   456   739   921   296   110   281   599     0   296   386   429   422   883   324   246    29   296   276   587   466   898   809   856   374   119   144   214   660   468     0 
  504   604    90   388   399   456   159   582   179   587   670   160   249   137   341   296     0   150   197   155   777   115   517   323    82   180   373   263   630   539   932   128   386   330   509   748   533     0 
  535   511   106   241   471   566   297   503    90   438   539   309   301   287   212   386   150     0    48    52   633    63   563   415    94   143   224   114   512   423   843    22   495   457   582   672   463     0 
  564   499   141   193   510   611   339   497    88   395   493   354   339   333   170   429   197    48     0    64   594   107   595   458   141   172   176    73   470   382   829    69   539   504   620   665   462     0 
  583   557    83   237   512   596   283   552    39   453   516   305   344   285   186   422   155    52    64     0   655   105   609   450   126   193   224   135   481   390   889    51   525   480   623   721   514     0 
  842   401   735   453   903  1061   930   467   664   212   515   937   774   913   555   883   777   633   594   655     0   664   896   907   700   639   451   522   596   586   532   655  1000  1010   980   517   504     0 
  479   501   115   297   409   504   273   484   143   477   600   273   240   249   275   324   115    63   107   105   664     0   504   352    38    95   278   160   575   485   831    54   433   398   520   653   440     0 
   56   519   592   743   141   269   597   454   647   803  1060   542   270   526   762   246   517   563   595   609   896   504     0   233   489   423   717   606  1056   972   721   558   261   349   107   533   403     0 
  247   593   409   638    92   160   371   540   484   765   950   313   136   300   627    29   323   415   458   450   907   352   233     0   325   304   615   494   927   838   866   403    94   135   191   669   482     0 
  468   524   108   334   387   473   241   504   161   515   633   237   221   213   305   296    82    94   141   126   700    38   489   325     0   104   315   197   604   514   853    78   402   363   498   672   457     0 
  393   425   208   336   344   463   335   402   232   473   651   319   174   294   340   276   180   143   172   193   639    95   423   304   104     0   312   192   637   551   752   144   393   380   452   568   354     0 
  678   476   307    26   655   773   507   497   221   240   343   528   487   507   114   587   373   224   176   224   451   278   717   615   315   312     0   122   345   271   787   245   702   675   760   653   481     0 
  570   445   214   144   536   651   410   451   152   324   459   423   367   400   162   466   263   114    73   135   522   160   606   494   197   192   122     0   450   367   773   136   581   555   643   617   422     0 
 1019   789   542   320   980  1077   709   823   451   426    98   753   809   740   300   898   630   512   470   481   596   575  1056   927   604   637   345   450     0    91  1064   525  1005   959  1089   964   816     0 
  937   733   451   246   892   987   620   762   360   396   155   663   722   650   212   809   539   423   382   390   586   485   972   838   514   551   271   367    91     0  1024   435   915   868  1002   910   750     0 
  670   332   942   805   810   975  1085   351   918   640  1004  1060   776  1035   898   856   932   843   829   889   532   831   721   866   853   752   787   773  1064  1024     0   858   942  1000   828   197   404     0 
  532   526    87   261   462   552   275   516    90   460   555   287   293   265   227   374   128    22    69    51   655    54   558   403    78   144   245   136   525   435   858     0   480   440   573   685   475     0 
  292   681   475   724   133    72   400   625   557   858  1033   338   229   331   707   119   386   495   539   525  1000   433   261    94   402   393   702   581  1005   915   942   480     0    96   181   746   567     0 
  374   720   419   696   212   145   315   670   508   852   994   253   242   251   665   144   330   457   504   480  1010   398   349   135   363   380   675   555   959   868  1000   440    96     0   277   803   611     0 
  159   615   592   784   111   170   560   552   659   871  1101   501   280   489   790   214   509   582   620   623   980   520   107   191   498   452   760   643  1089  1002   828   573   181   277     0   639   498     0 
  481   177   767   674   615   782   898   169   753   558   918   869   581   845   757   660   748   672   665   721   517   653   533   669   672   568   653   617   964   910   197   685   746   803   639     0   215     0 
  348   117   554   505   446   614   683    58   548   458   787   656   378   632   575   468   533   463   462   514   504   440   403   482   457   354   481   422   816   750   404   475   567   611   498   215     0     0 
    0     0     0     0     0     0     0     0     0     0     0     0     0     0     0     0     0     0     0     0     0     0     0     0     0     0     0     0     0     0     0     0     0     0     0     0     0     0 
