DIMENSION: 47
N: 15
M: 15
K: 2

SERVICE: 
99 251 65 260 150 184 221 136 204 170 220 144 383 196 317 

DIST MATRIX: 
    0   591   820   359   624   537   600   388   678   584   624  1207   428   390   699   630   168   501   692   491   245   749   436   276   774   508   217   582   178   452   905   558   511   660   249   133  1004   884    10   599   509   358   256   235   582   178   397     0 
  286     0   465     1   305   272   262    86   331   229   318   887   110   291   420   550   225   252   350   301   378   391   191   164   503   335   256   442   181   147   718   238   206   338   110   270   646   560   358   345   468   270   103   146   267   242   193     0 
  786   321     0   501   311   433   287   482   207   276   335   499   444   665   381   749   712   499   212   538   841   120   517   631   411   560   714   628   683   433   687   345   425   286   612   758   167   336   859   437   748   639   604   640   338   732   534     0 
  522    28   285     0   296   365   229   286   227   143   326   765   264   372   432   709   486   209   257   451   553   173   224   352   503   484   513   585   430   279   775   267   131   306   361   531   407   306   609   416   660   490   358   375   285   458   386     0 
  674   465   325   432     0   173   217   354   232   304   124   509   322   712    13   369   540   608   207   234   803   379   578   595    71   236   503   259   568   286   331   203   525   140   514   578   549   676   703   111   398   375   499   565   175   658   311     0 
  323   319   461   109   253     0   233    35   313   238   256   839    65   395   344   443   208   356   324   195   451   412   298   253   425   228   206   335   215    82   619   188   301   289   160   253   666   627   368   255   364   173   145   213   212   303    85     0 
  328   298   447    94   246   187     0    14   300   220   251   833    49   384   344   459   221   338   312   208   449   394   282   246   425   241   224   349   219    73   627   179   281   282   160   267   649   606   378   259   383   194   145   210   205   303   103     0 
  201   331   551    88   376   319   341     0   413   315   384   962   173   280   478   548   146   294   431   321   315   478   226   125   559   351   192   453    94   205   751   308   270   410    26   188   733   636   271   391   451   249    15    77   335   169   206     0 
  590   407   329   349    98    89   161   270     0   247    67   586   239   633    75   357   457   537   187   166   718   356   502   512   156   178   423   235   483   202   390   130   456   110   429   496   559   647   621    45   359   302   414   480   106   573   228     0 
  575    73   258   313   316   397   251   336   231     0   347   741   311   413   446   744   540   244   260   489   601   141   268   404   513   522   565   619   484   323   790   296   174   319   415   584   357   258   663   442   702   537   412   428   311   510   432     0 
  368   251   395    99   209   177   174    42   250   166     0   795    16   384   322   485   273   314   265   226   474   340   265   262   404   260   278   368   259    51   626   142   248   243   193   319   595   556   426   249   418   240   181   238   170   334   138     0 
 1114   802   511   856   550   614   601   787   557   668   539     0   751  1113   451   693   982   977   529   668  1233   627   966  1019   377   662   943   637  1007   717   417   618   892   519   949  1020   609   875  1145   552   777   810   934   997   589  1092   753     0 
  186   594   780   346   561   459   551   345   632   553   556  1131     0   465   617   508   119   542   641   396   359   725   473   322   686   407   122   469   196   399   792   501   531   597   251    75   981   900   117   513   386   255   250   264   521   253   320     0 
  180   512   803   366   672   626   626   440   686   576   684  1250   473     0   783   821   327   361   709   621    18   705   317   204   865   648   400   744   245   508  1053   604   410   704   282   326   941   754   263   698   708   520   299   229   633   145   508     0 
  397   213   358   115   194   189   147    84   218   125   210   772    54   383     0   514   311   294   236   253   491   298   252   275   400   288   320   394   289    73   635   128   221   225   221   357   554   515   461   257   454   280   210   260   157   357   176     0 
  651   719   684   552   450   347   501   470   560   575   421   806   469   828   374     0   496   796   544   260   823   711   741   673   383   226   425   126   578   441   318   449   732   467   564   508   913   993   621   315   123   303   549   616   439   678   357     0 
  156   475   667   226   459   368   441   231   521   437   457  1039   270   380   531   496     0   433   533   326   328   608   364   225   606   346    74   429    99   290   749   395   415   495   137    46   864   782   164   431   381   201   133   162   418   189   229     0 
  404   181   494   250   459   483   394   327   420   313   484   972   330   174   595   796   433     0   449   540   378   381    69   226   674   574   486   682   345   363   926   407    85   479   296   469   592   395   506   549   719   522   303   278   434   327   441     0 
  632   282   151   350    99   221    92   304    30   139   124   542   264   585   195   544   533   449     0   326   722   173   437   505   254   349   523   420   524   243   534   142   364    77   456   578   379   470   690   229   537   433   445   496   128   592   333     0 
  475   460   477   302   227   105   261   217   333   322   206   742   210   590   229   260   326   540   326     0   627   476   488   444   292    35   277   142   379   180   432   203   473   256   343   358   705   744   485   125   216   142   326   397   202   477   115     0 
  177   529   818   378   683   634   638   449   700   589   694  1263   483   214   792   823   328   378   722   627     0   721   334   217   874   653   400   748   249   518  1059   615   427   716   290   324   958   772   254   706   709   523   306   238   644   150   515     0 
  672   201   118   390   261   372   215   382   152   174   291   601   347   545   368   711   608   381   173   476   721     0   396   513   420   503   618   586   571   343   702   273   305   248   500   654   256   297   749   396   691   558   493   525   275   615   451     0 
  340   198   503   190   432   440   371   272   410   298   455   972   281   151   565   741   364    69   437   488   334   396     0   160   646   522   417   630   277   316   888   375    94   457   228   400   625   452   441   509   658   459   235   209   403   264   384     0 
  180   331   604   164   468   432   421   243   483   373   482  1046   273   159   584   673   225   226   505   444   217   513   160     0   666   475   291   578   128   310   872   402   240   500   109   253   758   611   281   505   573   372   124    63   430   107   330     0 
  743   525   348   503   215   242   281   425   282   366   192   454   394   782    83   383   606   674   254   292   874   420   646   666     0   288   566   288   638   357   282   272   590   198   585   643   561   717   769   175   431   434   569   636   244   728   378     0 
  497   494   498   336   250   131   288   250   358   354   226   742   244   622   233   226   346   574   349    35   653   503   522   475   288     0   292   108   404   215   406   232   507   276   371   375   728   775   501   134   189   152   355   426   228   504   145     0 
  226   505   665   257   440   337   433   236   515   444   434  1009   271   449   495   425    74   486   523   277   400   618   417   291   566   292     0   365   170   282   688   382   458   476   191    85   872   815   210   392   309   141   182   228   401   262   198     0 
  584   596   564   443   325   221   375   358   435   449   296   735   352   728   262   126   429   682   420   142   748   586   630   578   288   108   365     0   498   321   324   323   614   344   472   451   793   867   574   191   143   227   456   526   313   599   251     0 
  109   415   645   182   465   396   433   224   507   409   470  1052   262   281   558   578    99   345   524   379   249   571   277   128   638   404   170   498     0   292   810   397   341   500    71   125   825   713   179   465   469   276    80    68   424   100   268     0 
  401   284   383   147   173   126   152    69   233   170   178   759    37   435   275   441   290   363   243   180   518   343   316   310   357   215   282   321   292     0   575   106   293   208   232   335   594   580   449   198   382   218   217   280   131   375   110     0 
  902   794   626   719   478   449   546   632   562   633   449   551   612  1009   344   318   749   926   534   432  1059   702   888   872   282   406   688   324   810   575     0   520   846   471   773   773   826   999   897   378   430   548   757   828   495   909   545     0 
  506   282   289   238    68   103    59   173   139   126    82   654   135   510   190   449   395   407   142   203   615   273   375   402   272   232   382   323   397   106   520     0   326   103   334   439   511   544   555   150   419   294   321   380    29   476   191     0 
  419   104   414   205   376   407   310   268   335   228   401   890   264   241   512   732   415    85   364   473   427   305    94   240   590   507   458   614   341   293   846   326     0   395   280   456   531   373   514   471   663   472   282   277   352   347   382     0 
  609   327   222   338    36   154    86   276    97   168    50   552   238   599   127   467   495   479    77   256   716   248   457   500   198   276   476   344   500   208   471   103   395     0   436   538   452   542   657   152   463   374   423   482    77   578   280     0 
  176   347   575   111   402   344   366   162   439   339   410   988   199   267   503   564   137   296   456   343   290   500   228   109   585   371   191   472    71   232   773   334   280   436     0   176   755   650   249   416   464   263    16    54   361   144   228     0 
  147   519   713   271   502   408   486   277   566   483   500  1080   316   402   570   508    46   469   578   358   324   654   400   253   643   375    85   451   125   335   773   439   456   538   176     0   910   825   127   468   389   225   175   193   461   198   268     0 
  924   430   230   645   478   600   452   637   373   429   502   526   601   765   541   913   864   592   379   705   958   256   625   758   561   728   872   793   825   594   826   511   531   452   755   910     0   302  1004   604   915   804   749   776   505   863   698     0 
  790   310   383   559   549   647   492   592   446   421   580   813   569   560   665   993   782   395   470   744   772   297   452   611   717   775   815   867   713   580   999   544   373   542   650   825   302     0   887   683   958   795   650   650   555   717   690     0 
  105   593   819   359   620   532   598   386   676   584   620  1203   425   398   695   621   164   506   690   485   254   749   441   281   769   501   210   574   179   449   897   555   514   657   249   127  1004   887     0   594   500   351   256   237   579   184   392     0 
  569   431   374   345   135    73   192   261   244   274   105   619   236   633   105   315   431   549   229   125   706   396   509   505   175   134   392   191   465   198   378   150   471   152   416   468   604   683   594     0   314   265   400   468   131   558   202     0 
  535   666   686   469   438   319   476   395   547   537   413   878   403   731   399   123   381   719   537   216   709   691   658   573   431   189   309   143   469   382   430   419   663   463   464   389   915   958   500   314     0   202   449   513   417   567   282     0 
  357   491   583   272   340   222   352   207   433   388   327   884   226   529   369   303   201   522   433   142   523   558   459   372   434   152   141   227   276   218   548   294   472   374   263   225   804   795   351   265   202     0   248   314   305   376   108     0 
  187   345   566   103   388   328   354   148   428   330   395   975   185   282   488   549   133   303   445   326   306   493   235   124   569   355   182   456    80   217   757   321   282   423    16   175   749   650   256   400   449   248     0    71   348   159   211     0 
  147   357   607   146   448   396   408   211   476   372   457  1032   246   222   554   616   162   278   496   397   238   525   209    63   636   426   228   526    68   280   828   380   277   482    54   193   776   650   237   468   513   314    71     0   408    97   282     0 
  532   302   279   267    41    98    62   200   132   143    53   628   163   539   162   439   418   434   128   202   644   275   403   430   244   228   401   313   424   131   495    29   352    77   361   461   505   555   579   131   417   305   348   408     0   504   206     0 
   79   438   701   242   544   487   504   305   572   467   553  1129   341   216   647   678   189   327   592   477   150   615   264   107   728   504   262   599   100   375   909   476   347   578   144   198   863   717   184   558   567   376   159    97   504     0   365     0 
  369   389   480   195   245   140   247   114   329   280   237   813   123   477   302   357   229   441   333   115   515   451   384   330   378   145   198   251   268   110   545   191   382   280   228   268   698   690   392   202   282   108   211   282   206   365     0     0 
    0     0     0     0     0     0     0     0     0     0     0     0     0     0     0     0     0     0     0     0     0     0     0     0     0     0     0     0     0     0     0     0     0     0     0     0     0     0     0     0     0     0     0     0     0     0     0     0 
