DIMENSION: 27
N: 15
M: 5
K: 2

SERVICE: 
278 62 567 203 365 122 430 140 299 30 314 161 210 118 343 

DIST MATRIX: 
    0   395   533   387   566   478   529   702   530   729    93   655   423   562   529   119   776   571   384   750   158   684   284   644   623   355   171     0 
  101     0   436    69   718   543   209   700   703   705   380   654   480   429   405   439   961   247   279   907   252   792   304   288   870   716   524     0 
  365   261     0   260   935   742   223   840   931   830   657   800   686   535   527   716  1179   161   467  1115   515   982   515    47  1117   992   802     0 
  273   318   705     0   978   812   412   972   959   975   577   926   749   692   671   628  1219   135   552  1170   363  1060   288   261  1108   835   689     0 
  476   397    59   510     0   168   376   260   378   267   422   214   143   111    91   456   598   659   162   526   534   387   663   635   590   762   547     0 
  533   462   110   572   310     0   443   199   328   213   444   152   123   160   149   471   536   725   224   463   579   321   712   702   542   764   556     0 
  424   396   204   487   300   127     0   334   293   359   287   287    63   251   222   314   545   663   172   487   441   373   581   667   489   614   401     0 
  771   670   287   790   437   340   601     0   478    94   706   163   374   295   316   730   580   913   457   497   835   357   964   859   675  1011   811     0 
  418   464   405   513   334   273   552   501     0   535   139   458   234   449   418   132   550   705   318   519   362   455   503   743   417   411   203     0 
  746   666   282   781   316   248   624    21   359     0   634    65   297   310   321   650   462   924   434   379   788   236   924   886   552   914   722     0 
  118    86   369   151   632   460   219   625   618   633     0   578   396   369   342   373   876   332   204   822   238   708   327   362   787   667   464     0 
  772   725   375   828   173   222   715   153   222   197   592     0   286   418   416   593   298   991   484   215   782    69   925   973   392   816   648     0 
  546   451    64   568   394   213   403   215   416   209   507   177     0    91   100   540   610   704   232   533   614   387   740   665   630   843   630     0 
  403   322    89   434   415   217   311   335   420   341   382   289   171     0    85   423   654   585    88   586   469   452   595   565   626   737   518     0 
  789   696   309   814   399   324   636   104   442    62   702   139   366   325     0   722   530   945   474   447   844   310   976   897   633   994   798     0 
  371   459   503   477   460   402   576   630   421   662    59   586   356   541   508     0   662   667   381   639   272   585   403   726   504   318    99     0 
  947   940   646  1025   245   438   964   450   260   492   687   457   492   694   685   662     0  1206   712    83   911   230  1053  1210   213   772   674     0 
  296   268   642   192   962   781   316   915   949   912   611   872   720   620   604   667  1206     0   507  1150   426  1029   389   126  1117   910   742     0 
  315   240   171   348   468   277   258   422   465   429   332   375   220   185   153   381   712   507     0   649   388   523   509   499   660   699   479     0 
  900   883   572   972   192   373   897   367   221   409   658   376   431   619   612   639    83  1150   649     0   876   149  1019  1148   249   784   664     0 
  153   302   557   255   686   564   451   772   656   791   229   724   502   573   541   272   911   426   388   876     0   794   143   512   771   484   326     0 
  796   761   429   859   135   249   762   222   183   266   591   228   312   474   469   585   230  1029   523   149   794     0   937  1018   330   786   631     0 
  212   365   680   272   829   705   513   909   799   925   367   861   643   689   660   403  1053   389   509  1019   143   937     0   499   906   554   438     0 
  366   281   606   258   966   775   262   880   960   871   668   840   718   576   566   726  1210   126   499  1148   512  1018   499     0  1142   994   810     0 
  835   862   647   927   242   422   918   535   215   581   542   522   455   699   681   504   213  1117   660   249   771   330   906  1142     0   565   495     0 
  627   750   813   735   651   672   881   893   602   932   370   855   643   854   822   318   772   910   699   784   484   786   554   994   565     0   220     0 
  447   549   597   555   499   475   671   702   455   737   154   660   437   636   604    99   674   742   479   664   326   631   438   810   495   220     0     0 
    0     0     0     0     0     0     0     0     0     0     0     0     0     0     0     0     0     0     0     0     0     0     0     0     0     0     0     0 
