DIMENSION: 47
N: 15
M: 15
K: 2

SERVICE: 
318 395 85 77 343 324 256 452 281 175 189 141 456 68 131 

DIST MATRIX: 
    0   749   926   534   432  1059   702   888   872   282   406   688   324   810   575   386   473   793   570   696   662   452   549   996   548   662   916   509   840   557   454   357   668   830   809   775   141   825  1044   482   798   960   748   633   804   545    66     0 
  449     0   407   142   203   615   273   375   402   272   232   382   323   397   106   240    64   378   180   295   303    73    31   513   612   328   415    33   322   156   166   295   254   343   289   332   407   306   611   660   513   481   317   116   511   191   520     0 
  732   415     0   364   473   427   305    94   240   590   507   458   614   341   293   528   376   330   358   331   381   395   298   277   840   413   163   340    58   352   435   578   311   196    38   273   729    31   439   921   544   266   305   217   551   382   845     0 
  467   495   479     0   256   716   248   457   500   198   276   476   344   500   208   141   126   480   122   397   401   110   113   607   509   424   504    71   377   101   228   325   356   361   356   434   378   380   712   560   609   577   296   179   446   280   459     0 
  564   137   296   456     0   290   500   228   109   585   371   191   472    71   232   573   339    54   479    86   138   364   327   234   945   161   201   366   330   460   320   434   105   454   273     7   636   250   282   994   264   195   523   306   767   228   794     0 
  508    46   469   578   358     0   654   400   253   643   375    85   451   125   335   660   419   130   609   151   138   442   443   350  1041   121   361   472   506   587   355   416   191   625   448   183   633   427   300  1072    88   315   682   450   919   268   807     0 
  913   864   592   379   705   958     0   625   758   561   728   872   793   825   594   452   565   809   335   760   787   557   492   808   476   818   694   485   474   359   672   777   721   338   512   749   784   545   969   600   994   797   233   462    35   698   785     0 
  993   782   395   470   744   772   297     0   611   717   775   815   867   713   580   614   608   701   429   688   732   613   515   616   762   765   517   534   320   446   705   839   660   210   377   643   919   400   790   878   913   618   250   443   335   690   973     0 
  621   164   506   690   485   254   749   441     0   769   501   210   574   179   449   782   541   195   717   260   261   565   556   336  1163   247   386   589   569   697   481   540   302   699   515   255   757   488   225  1196   118   310   772   551  1015   392   933     0 
  315   431   549   229   125   706   396   509   505     0   134   392   191   465   198   209    95   446   275   351   334    77   181   625   585   347   540   150   471   252   114   173   315   488   435   416   258   449   696   605   523   591   443   266   596   202   386     0 
  123   381   719   537   216   709   691   658   573   431     0   309   143   469   382   509   357   458   582   378   326   360   446   696   853   309   656   437   687   558   254   143   373   750   635   468   301   633   687   839   388   657   736   515   909   282   481     0 
  303   201   522   433   142   523   558   459   372   434   152     0   227   276   218   471   248   262   474   177   127   265   312   496   850   117   454   323   503   450   153   191   172   585   448   267   408   442   505   866   264   458   597   359   805   108   582     0 
  549   133   303   445   326   306   493   235   124   569   355   182     0    80   217   559   323    61   468    71   124   349   314   249   932   149   212   353   331   449   304   417    89   452   274    19   619   252   297   979   263   211   517   297   760   211   778     0 
  616   162   278   496   397   238   525   209    63   636   426   228   526     0   280   620   389    65   515   138   187   415   370   182   988   207   168   411   332   497   374   487   159   463   278    53   690   251   232  1040   276   144   543   340   790   282   848     0 
  439   418   434   128   202   644   275   403   430   244   228   401   313   424     0   212    60   404   171   320   324    59    54   542   586   348   443    21   345   146   168   287   278   357   314   359   385   333   640   633   533   510   321   138   502   206   493     0 
  478   619   613   169   334   855   320   595   641   110   342   590   370   634   342     0   242   614   194   526   522   218   254   748   382   541   644   210   504   187   318   366   486   462   490   571   332   516   851   421   723   718   365   316   435   393   358     0 
  386   377   454   188   142   627   334   415   420   247   169   353   260   395   110   242     0   376   231   285   281    26    94   537   623   302   447    81   378   206   107   231   245   406   340   337   353   354   620   659   486   504   379   176   562   155   479     0 
  565    97   339   504   361   266   554   270   128   619   387   164   483    20   273   614   376     0   529    97   136   401   373   241   989   149   233   410   382   509   344   444   131   507   326    60   653   301   252  1034   216   203   577   358   820   250   817     0 
  589   563   442    46   370   735   132   437   519   289   394   558   466   548   276   194   231   529     0   459   475   222   167   608   487   503   496   152   324    25   338   446   418   268   322   475   491   353   737   563   686   584   179   175   332   371   549     0 
  478   105   364   430   264   363   503   297   195   524   291   127   389   115   189   526   285    97   459     0    55   310   296   319   905    83   281   328   374   438   247   351    42   484   316    90   557   300   349   944   235   281   532   299   768   153   720     0 
  430    97   417   442   233   400   532   351   247   509   256    86   348   151   200   522   281   136   475    55     0   304   309   370   903    33   336   336   422   453   223   310    72   525   364   143   522   350   383   935   211   331   564   325   793   132   690     0 
  380   401   474   178   148   653   333   437   445   222   172   374   255   421   136   218    26   401   222   310   304     0   104   562   599   324   471    79   394   198   118   229   271   415   358   363   335   373   646   634   508   529   379   189   553   177   456     0 
  480   398   380   134   230   603   249   350   387   296   260   391   354   393   109   254    94   373   167   296   309   104     0   494   618   336   393    45   292   144   192   325   254   312   260   324   437   279   600   672   520   464   291    85   493   206   547     0 
  798   332   223   601   570   156   578   184   126   782   601   403   704   233   428   748   537   241   608   319   370   562   494     0  1094   388   116   539   334   596   544   665   335   471   301   230   862   267   175  1162   419    38   582   439   828   456  1011     0 
  788  1000   922   495   709  1217   550   923  1000   425   711   972   710  1009   717   382   623   989   487   905   903   599   618  1094     0   923   982   579   799   498   698   718   864   703   806   942   592   838  1217   130  1105  1069   572   657   442   775   485     0 
  418    87   447   469   239   406   563   380   268   523   258    55   343   161   228   541   302   149   503    83    33   324   336   388   923     0   362   360   454   480   234   307   105   558   396   167   521   382   388   951   185   350   596   356   823   148   693     0 
  747   330   123   492   502   264   463    69   109   687   535   392   642   236   342   644   447   233   496   281   336   471   393   116   982   362     0   438   220   485   471   604   283   358   186   195   787   152   278  1054   443   104   467   330   714   392   926     0 
  460   428   423   111   222   645   254   395   430   252   249   414   334   430   139   210    81   410   152   328   336    79    45   539   579   360   438     0   331   127   188   308   287   338   302   363   402   322   642   630   545   509   300   124   483   222   505     0 
  748   463   125   336   487   485   256   151   298   575   522   501   627   394   308   504   378   382   324   374   422   394   292   334   799   454   220   331     0   321   449   592   350   138    58   324   729    81   497   885   594   324   251   207   495   406   834     0 
  567   541   437    24   346   721   149   428   503   276   370   535   443   528   253   187   206   509    25   438   453   198   144   596   498   480   485   127   321     0   313   422   396   276   315   456   474   345   722   571   664   571   197   159   356   347   538     0 
  299   319   504   294    39   608   439   453   419   289    73   278   179   362   143   318   107   344   338   247   223   118   192   544   698   234   471   188   449   313     0   143   216   499   402   321   318   408   596   719   409   507   483   263   669    94   474     0 
  156   392   645   400   105   710   562   592   539   293    71   331    39   460   286   366   231   444   446   351   310   229   325   665   718   307   604   308   592   422   143     0   330   636   545   436   216   551   693   713   444   627   608   402   769   212   394     0 
  466   145   353   388   238   393   465   288   209   487   267   157   369   151   148   486   245   131   418    42    72   271   254   335   864   105   283   287   350   396   216   330     0   453   292   107   531   280   382   905   273   297   496   259   729   123   690     0 
  792   581   253   298   537   623   156   289   434   552   570   609   666   521   371   462   406   507   268   484   525   415   312   471   703   558   358   338   138   276   499   636   453     0   185   448   736   216   636   801   713   462   132   235   361   480   814     0 
  700   406   123   327   440   447   277   120   249   552   475   443   581   338   260   490   340   326   322   316   364   358   260   301   806   396   186   302    58   315   402   545   292   185     0   267   692    34   457   885   537   286   282   179   530   353   807     0 
  568   144   290   453   344   291   495   221   105   584   373   198   475    76   230   571   337    60   475    90   143   363   324   230   942   167   195   363   324   456   321   436   107   448   267     0   638   244   282   992   271   192   517   302   761   230   795     0 
  204   608   806   450   293   920   623   763   737   223   266   547   184   670   447   332   353   653   491   557   522   335   437   862   592   521   787   402   729   474   318   216   531   736   692   638     0   706   905   554   659   825   670   523   767   408   181     0 
  704   385   101   355   445   413   311    86   218   574   480   427   587   313   266   516   354   301   353   300   350   373   279   267   838   382   152   322    81   345   408   551   280   216    34   244   706     0   423   915   515   252   316   202   564   352   826     0 
  802   307   395   722   613    31   729   347   219   866   638   378   731   235   512   851   620   252   737   349   383   646   600   175  1217   388   278   642   497   722   596   693   382   636   457   282   905   423     0  1272   336   174   738   563   987   502  1069     0 
  757  1033  1005   562   723  1275   645   999  1060   432   718   996   698  1054   762   421   659  1034   563   944   935   634   672  1162   130   951  1054   630   885   571   719   713   905   801   885   992   554   915  1272     0  1127  1134   674   724   567   804   416     0 
  511   133   554   653   405   364   738   485   334   696   415   133   475   209   411   723   486   216   686   235   211   508   520   419  1105   185   443   545   594   664   409   444   273   713   537   271   659   515   336  1127     0   387   768   533  1002   331   838     0 
  760   296   222   575   533   161   562   173    88   749   563   366   666   196   394   718   504   203   584   281   331   529   464    38  1069   350   104   509   324   571   507   627   297   462   286   192   825   252   174  1134   387     0   568   412   816   418   976     0 
  757   636   375   221   520   729    48   399   526   466   548   650   632   593   380   365   379   577   179   532   564   379   291   582   572   596   467   300   251   197   483   608   496   132   282   517   670   316   738   674   768   568     0   241   249   490   724     0 
  558   403   301   163   302   561   207   279   344   373   334   411   433   377   141   316   176   358   175   299   325   189    85   439   657   356   330   124   207   159   263   402   259   235   179   302   523   202   563   724   533   412   241     0   469   251   629     0 
  902   872   615   375   701   977   267   645   775   544   722   878   784   837   597   435   562   820   332   768   793   553   493   828   442   823   714   483   495   356   669   769   729   361   530   761   767   564   987   567  1002   816   249   469     0   700   761     0 
  357   229   441   333   115   515   451   384   330   378   145   198   251   268   110   393   155   250   371   153   132   177   206   456   775   148   392   222   406   347    94   212   123   480   353   230   408   352   502   804   331   418   490   251   700     0   568     0 
  374   780   927   516   457  1082   678   893   889   262   434   723   363   835   585   358   479   817   549   720   690   456   547  1011   485   693   926   505   834   538   474   394   690   814   807   795   181   826  1069   416   838   976   724   629   761   568     0     0 
    0     0     0     0     0     0     0     0     0     0     0     0     0     0     0     0     0     0     0     0     0     0     0     0     0     0     0     0     0     0     0     0     0     0     0     0     0     0     0     0     0     0     0     0     0     0     0     0 
