DIMENSION: 27
N: 15
M: 5
K: 2

SERVICE: 
278 62 567 203 365 122 430 140 299 30 314 161 210 118 343 

DIST MATRIX: 
    0   395   533   387   566   478   529   702   530   729    93   655   423   562   529   297   439   526   508   219   208   466   449   762   633   355   765     0 
  101     0   436    69   718   543   209   700   703   705   380   654   480   429   405    78   587   741   342   154   208   360   621   511   327   716   977     0 
  365   261     0   260   935   742   223   840   931   830   657   800   686   535   527   351   815   982   454   430   464   512   854   468   215   992  1206     0 
  273   318   705     0   978   812   412   972   959   975   577   926   749   692   671   335   845   987   604   383   312   631   875   717   136   835  1228     0 
  476   397    59   510     0   168   376   260   378   267   422   214   143   111    91   390   281   451   151   385   533    87   326   372   744   762   638     0 
  533   462   110   572   310     0   443   199   328   213   444   152   123   160   149   448   244   406   216   436   582   154   287   415   810   764   579     0 
  424   396   204   487   300   127     0   334   293   359   287   287    63   251   222   352   179   350   251   317   454   176   220   507   746   614   569     0 
  771   670   287   790   437   340   601     0   478    94   706   163   374   295   316   682   448   563   384   685   834   366   480   416   995  1011   647     0 
  418   464   405   513   334   273   552   501     0   535   139   458   234   449   418   383   209   304   430   313   397   363   217   695   780   411   546     0 
  746   666   282   781   316   248   624    21   359     0   634    65   297   310   321   660   342   443   394   649   795   353   369   495  1008   914   527     0 
  118    86   369   151   632   460   219   625   618   633     0   578   396   369   342    28   502   657   286    94   208   291   536   491   412   667   892     0 
  772   725   375   828   173   222   715   153   222   197   592     0   286   418   416   696   253   299   486   666   800   425   263   641  1076   816   360     0 
  546   451    64   568   394   213   403   215   416   209   507   177     0    91   100   457   335   496   172   461   610   141   378   328   788   843   659     0 
  403   322    89   434   415   217   311   335   420   341   382   289   171     0    85   315   313   486   105   315   465    29   357   362   670   737   689     0 
  789   696   309   814   399   324   636   104   442    62   702   139   366   325     0   701   424   526   413   698   846   386   452   466  1028   994   598     0 
   91    98   395   137   645   477   241   648   629   656   306   601   413   396   369     0   514   665   313    80   181   316   546   518   402   652   902     0 
  574   569   340   650   135   123   609   321   117   362   345   286   142   392   371   514     0   174   417   463   579   341    44   653   914   574   392     0 
  714   730   509   800   128   285   780   424    85   470   439   404   316   561   542   665   174     0   590   605   700   514   130   820  1067   548   242     0 
  404   287   113   408   513   315   232   387   522   380   456   346   275    89    73   313   417   590     0   339   485    76   461   266   616   822   787     0 
  110   177   401   200   597   444   312   634   577   648   226   586   380   413   382    80   463   605   339     0   149   323   492   569   467   573   845     0 
  107   262   551   204   713   579   413   779   686   795   270   731   516   561   531   181   579   700   485   149     0   473   601   699   428   538   942     0 
  405   314    79   429   439   241   291   342   446   345   404   298   198    96    63   316   341   514    76   323   473     0   385   333   658   762   714     0 
  602   605   384   683   117   165   650   349    85   391   356   317   187   437   415   546    44   130   461   492   601   385     0   697   948   555   356     0 
  600   449   313   560   722   535   311   500   743   470   719   480   514   261   285   518   653   820   266   569   699   333   697     0   678  1086   985     0 
  365   352   726   267  1044   865   397  1000  1030   997   679   956   803   704   688   402   914  1067   616   467   428   658   948   678     0   961  1304     0 
  627   750   813   735   651   672   881   893   602   932   370   855   643   854   822   652   574   548   822   573   538   762   555  1086   961     0   727     0 
  954   961   689  1038   274   473   995   513   275   557   679   516   521   739   727   902   392   242   787   845   942   714   356   985  1304   727     0     0 
    0     0     0     0     0     0     0     0     0     0     0     0     0     0     0     0     0     0     0     0     0     0     0     0     0     0     0     0 
