DIMENSION: 27
N: 15
M: 5
K: 2

SERVICE: 
224 289 314 199 415 112 374 191 432 223 315 221 354 436 241 

DIST MATRIX: 
    0   742   447   468   373   571   391   650   387   211   553   427   461   412   202   794   806   866   128   437   709   892   937   370   995   357   563     0 
  812     0   643   640   870   578   735   586   735   924   629   726   572   660   928   627   255   207  1001   573  1015   248   240   889    21   781   622     0 
   93   658     0   333   248   435   254   624   249    99   416   289   398   279    92   656   724   782   104   328   595   817   862   248   891   219   540     0 
  370   278   197     0   426   178   288   477   287   475   225   284   269   210   480   384   343   386   558   146   642   441   481   445   437   333   443     0 
  467   452   243   224     0   121   312   690   315   529   152   284   478   279   536   170   504   530   630   319   503   594   625   433   493   358   657     0 
  289   375    94    97   324     0   186   532   186   382   145   182   293   112   388   356   441   487   472   118   554   540   581   342   536   232   484     0 
  482   898   442   429   267   453     0  1018   378   403   402   356   762   452   412   466   963  1004   482   591   113  1061  1100   259  1006   355   950     0 
  607   145   545   558   755   561   621     0   618   736   607   633   279   538   737   746   143   190   779   402  1021   178   218   772   402   654   238     0 
  544   938   489   474   329   487   427  1071     0   468   436   406   815   503   476   466  1001  1040   546   641    64  1098  1136   322  1030   412  1005     0 
  143   591   344   367   352   466   314   513   309     0   460   352   310   306   217   706   654   714   210   298   704   740   785   357   847   296   427     0 
  322   780   316   310   109   364   234   871   237   246     0   227   615   317   255   462   848   894   334   454   255   946   988    99   925   205   799     0 
  144   433   172   196   302   283   192   461   187   270   290     0   207   138   271   531   501   558   330   103   624   595   640   316   664   206   390     0 
  657    87   551   559   775   538   636   319   634   783   588   640     0   553   784   688    25    64   839   428  1005    82   127   793   274   675   360     0 
  481   873   422   408   266   424   360  1004   365   412   373   339   748     0   421   426   937   977   497   574    90  1035  1073   261   973   347   938     0 
  338   843   382   379   154   444   293   908   295   234   395   294   655   376     0   549   911   960   299   506   297  1010  1052   137  1002   255   832     0 
  575   614   364   340   461   249   402   860   407   606   246   367   643   401   615     0   662   681   712   474   417   746   774   475   606   439   825     0 
  644    68   531   539   757   516   618   332   616   769   566   621   349   535   771   662     0    61   828   413   982    99   141   775   260   658   369     0 
  701   125   579   584   806   553   667   381   665   824   604   668   410   584   827   681    61     0   886   467  1018    66    96   824   215   708   424     0 
  189   761   394   409   265   510   319   721   316   106   483   350   501   363    97   712   828   886     0   428   587   921   966   258   990   276   636     0 
  239   345   154   174   353   229   220   434   216   358   253   235   183   138   361   474   413   467   428     0   638   510   554   370   563   252   376     0 
  565   920   484   467   351   466   433  1072   437   501   417   407   817   502   510   417   982  1018   587   638     0  1078  1114   348   995   425  1009     0 
  739   167   630   637   856   612   717   361   715   864   662   720   432   633   866   746    99    66   921   510  1078     0    45   873   260   756   415     0 
  784   210   672   678   898   649   759   395   757   909   700   761   477   676   911   774   141    96   966   554  1114    45     0   916   255   799   454     0 
  223   707   248   249    19   325   157   777   159   159   281   163   523   240   169   475   775   824   258   370   348   873   916     0   874   118   704     0 
  801   290   629   626   855   561   721   592   721   912   612   711   569   647   916   606   260   215   990   563   995   260   255   874     0   768   625     0 
  153   590   139   146   101   239    48   666    47   172   208    75   410   124   180   439   658   708   276   252   425   756   799   118   768     0   595     0 
  498   339   529   550   691   595   578    87   574   622   627   602   194   507   620   825   369   424   636   376  1009   415   454   704   625   595     0     0 
    0     0     0     0     0     0     0     0     0     0     0     0     0     0     0     0     0     0     0     0     0     0     0     0     0     0     0     0 
