DIMENSION: 47
N: 15
M: 15
K: 2

SERVICE: 
74 705 379 27 260 128 387 104 67 334 122 301 326 101 97 

DIST MATRIX: 
    0   422   412   659   512   429   703   426   426   435   665   505   483   360   381   269   179   217   291   528   338   205   479   523   483   343   433   280   219   190   381   222   407   493   219   283   230   504   352   490   152   546   280   143   525    71   713     0 
  397     0   688   979   647   652  1005   668   733   663   969   812   804   584   596   488   331   357   429   773   576   181   599   785   577   667   569   539   309   318   693   390   310   568   408   467   513   541   674   599   393   724   396   369   587   256  1036     0 
   87   392     0   656   451   380   685   382   410   387   648   489   511   309   329   332   240   153   354   485   290   237   416   486   420   367   371   237   158   128   417   285   452   556   157   222   196   440   352   427   216   490   216    82   461    96   734     0 
  606   361   388     0   692   516   176   471   285   501   163   221   324   535   545   696   776   708   801   435   517   876   713   386   756   382   683   511   757   729   429   761  1036   948   650   631   506   845   327   733   691   608   720   651   817   750   260     0 
  221   237   215   558     0   174   543   185   299   184   510   368   525   104   122   499   441   134   546   290    92   440   237   301   257   393   189    73   187   167   474   477   659   750    76    52   105   314   302   253   398   284   136   129   313   302   712     0 
  410   289   262   618    72     0   551   174   384   143   528   427   670   133   112   688   624   258   733   237   163   601    69   275   112   552    45   218   298   299   641   664   824   937   229   163   278   203   435    90   586   122   207   303   172   474   824     0 
  541   437   462   230   781   599     0   555   339   587   364   323   139   592   609   541   653   702   649   559   565   779   789   512   826   263   749   533   743   711   263   624   902   767   651   655   503   904   300   809   569   719   732   626   888   674   111     0 
  276    94    76   417   303   133   400     0   161   128   367   225   434   105   124   520   505   276   591   191    78   540   304   183   340   322   262    75   328   305   414   526   748   789   217   188   111   418   199   324   441   271   278   244   401   399   593     0 
  332   161   182   255   497   316   310   273     0   306   272   119   250   305   323   476   522   438   572   302   279   607   503   262   540   184   462   252   485   455   272   520   783   747   382   375   234   618    59   523   441   444   459   375   601   476   393     0 
  131   360   344   649   384   325   662   333   394     0   627   472   538   254   272   397   308    88   422   438   240   289   348   444   351   395   303   195   106    73   456   353   509   624    90   157   170   374   354   359   283   428   149    24   394   155   753     0 
  470   175   201   161   505   328   160   283   119   313     0    40   342   349   358   625   671   536   722   255   333   748   525   206   568   323   495   334   587   561   402   670   931   895   477   450   342   657   209   546   590   425   541   489   629   613   399     0 
  292   162   137   496   224    85   461    90   244    91   431     0   516    22    46   559   520   225   618   195     9   531   220   208   254   398   177    73   277   261   487   550   748   820   170   121   135   332   281   240   467   213   211   221   316   391   679     0 
  735   717   741   500  1055   876   659   833   619   865   641   610     0   859   879   621   769   930   719   846   830   915  1058   799  1092   464  1015   789   962   929   404   721   977   763   886   903   747  1163   557  1078   696  1002   971   845  1153   844   225     0 
  272   100    81   423   300   132   406   104   166   128   373   231   437     0   121   518   502   270   589   194    74   536   300   187   335   324   258    69   322   299   416   524   744   787   211   182   107   413   202   320   439   270   272   239   397   394   598     0 
  349   281   254   615   131   139   566   178   368   155   539   421   636   108     0   628   560   194   670   263   133   536   107   294   132   511    59   174   236   235   597   601   759   874   164    98   228   207   404   124   524   182   147   238   193   409   804     0 
  280   571   573   684   759   640   781   622   527   641   743   594   401   579   603     0   157   484   109   708   551   308   732   687   743   314   685   487   487   459   278   101   365   273   476   533   424   771   418   746   118   772   546   403   789   292   627     0 
  230   576   571   760   691   605   831   598   559   610   793   635   516   537   559   157     0   387   122   696   513   151   656   685   658   400   611   452   376   354   395    62   261   318   397   462   396   670   464   666    86   725   451   322   696   166   750     0 
  217   370   349   683   315   295   676   314   424   307   643   497   607   228   240   484   387     0   505   418   225   344   275   434   271   465   234   202    52    41   533   436   567   705    59   110   204   287   405   282   369   375    64    89   309   225   813     0 
  327   652   651   789   802   702   880   690   618   705   842   689   510   636   659   109   122   505     0   782   611   251   769   766   774   419   723   547   496   473   387    69   260   203   510   572   487   790   513   781   151   828   568   434   814   287   735     0 
  466   147   137   408   266   127   319   106   235   113   299   238   551   190   181   708   696   418   782     0   199   722   298    49   344   473   281   249   469   455   566   718   935   978   365   310   300   437   334   316   632   173   394   415   399   581   651     0 
  285   158   133   491   233    92   459    93   238    97   428   297   507    31    55   551   513   225   611   199     0   526   229   209   262   389   185    64   277   259   478   543   742   812   168   122   127   340   273   248   460   222   213   217   324   386   672     0 
  278   625   614   857   660   614   907   618   630   622   870   709   646   543   561   308   151   344   251   722   526     0   618   722   609   517   578   474   314   304   529   209   223   412   376   443   430   601   552   624   219   715   403   311   636   142   881     0 
  453   359   332   686    51   197   615   243   453   212   593   496   736   199   180   732   656   275   769   298   229   618     0   339    46   615    48   278   305   314   702   700   840   972   260   199   334   140   501    21   625   153   215   335   104   498   893     0 
  458   117   115   359   311   155   276   121   194   140   254   189   508   208   204   687   685   434   766    49   209   722   339     0   385   438   319   250   486   469   530   703   931   959   378   328   293   478   299   359   618   222   416   420   442   581   602     0 
  464   400   373   729    90   240   661   286   493   255   638   538   768   235   218   743   658   271   774   344   262   609    46   385     0   643    77   307   295   308   729   705   830   975   267   213   359    94   535    30   633   197   209   341    62   497   932     0 
  281   325   340   370   622   455   472   419   248   449   435   298   144   420   442   314   400   465   419   473   389   517   615   438   643     0   569   337   500   466    93   380   657   577   422   444   287   706   139   634   314   592   507   382   702   411   370     0 
  405   324   297   656    82   168   594   212   416   183   570   463   692   157   141   685   611   234   723   281   185   578    48   319    77   569     0   232   269   274   655   654   800   926   214   152   287   163   458    65   578   161   177   289   139   455   855     0 
  223   169   150   485   290   155   475   146   225   158   441   295   463    93   118   487   452   202   547   249    64   474   278   250   307   337   232     0   254   230   423   480   686   749   143   123    63   374   234   297   396   286   210   171   366   333   643     0 
  236   422   401   732   350   345   728   366   473   358   695   547   642   280   290   487   376    52   496   469   277   314   305   486   295   500   269   254     0    33   562   429   535   692   111   160   251   295   449   310   369   418    91   118   325   210   854     0 
  203   399   379   705   356   334   705   351   446   345   671   521   609   266   278   459   354    41   473   455   259   304   314   469   308   466   274   230    33     0   529   405   527   671    91   149   222   316   418   321   342   416   100    85   343   189   822     0 
  331   418   433   421   711   547   541   512   338   541   506   381   123   509   532   278   395   533   387   566   478   529   702   530   729    93   655   423   562   529     0   362   639   520   495   524   370   787   232   720   313   684   580   446   787   443   355     0 
  259   590   588   747   732   635   830   623   563   638   792   636   485   568   591   101    62   436    69   718   543   209   700   703   705   380   654   480   429   405   362     0   278   273   440   503   421   722   461   711    85   759   500   365   746   222   716     0 
  474   827   819  1020   882   832  1091   832   817   839  1053   894   763   761   780   365   261   567   260   935   742   223   840   931   830   657   800   686   535   527   639   278     0   295   598   665   637   815   725   845   345   936   625   530   854   356   992     0 
  529   843   845   940  1005   903  1048   889   800   906  1011   866   633   839   862   273   318   705   203   978   812   412   972   959   975   577   926   749   692   671   520   273   295     0   712   775   688   987   690   983   353  1030   768   637  1014   483   835     0 
  199   311   290   625   294   245   617   260   365   256   584   438   561   176   190   476   397    59   510   365   168   376   260   378   267   422   214   143   111    91   495   440   598   712     0    67   149   301   352   271   366   339    85    75   314   245   762     0 
  253   278   254   605   230   185   581   207   347   198   550   413   577   120   130   533   462   110   572   310   122   443   199   328   213   444   152   123   160   149   524   503   665   775    67     0   157   264   354   213   426   272    91   140   266   312   764     0 
  166   196   183   482   350   216   493   203   225   218   457   302   420   156   180   424   396   204   487   300   127   430   334   293   359   287   287    63   251   222   370   421   637   688   149   157     0   419   203   352   337   348   230   147   417   289   614     0 
  498   486   459   818   181   330   754   375   575   346   731   625   837   315   301   771   670   287   790   437   340   601   140   478    94   706   163   374   295   316   787   722   815   987   301   264   419     0   608   123   656   289   225   370    54   504  1011     0 
  279   187   203   307   501   326   368   287   112   318   330   176   235   302   323   418   464   405   513   334   273   552   501   299   535   139   458   234   449   418   232   461   725   690   352   354   203   608     0   521   382   461   432   335   596   423   411     0 
  466   379   352   706    60   217   635   263   474   232   612   516   755   219   200   746   666   282   781   316   248   624    21   359    30   634    65   297   310   321   720   711   845   983   271   213   352   123   521     0   637   167   221   347    84   507   914     0 
  177   506   503   675   655   551   750   539   480   554   712   555   433   486   509   118    86   369   151   632   460   219   625   618   633   314   578   396   369   342   313    85   345   353   366   426   337   656   382   637     0   678   432   291   677   175   667     0 
  501   284   262   581   108   138   487   173   383   143   470   403   692   193   169   772   725   375   828   173   222   715   153   222   197   592   161   286   418   416   684   759   936  1030   339   272   348   289   461   167   678     0   328   408   243   582   816     0 
  275   369   345   694   259   268   672   295   435   281   641   503   646   208   213   546   451    64   568   394   213   403   215   416   209   507   177   210    91   100   580   500   625   768    85    91   230   225   432   221   432   328     0   145   246   288   843     0 
  130   337   320   627   369   303   639   309   372   311   603   449   524   232   250   403   322    89   434   415   217   311   335   420   341   382   289   171   118    85   446   365   530   637    75   140   147   370   335   347   291   408   145     0   386   174   737     0 
  512   461   434   790   136   301   718   346   554   315   696   599   829   296   279   789   696   309   814   399   324   636   104   442    62   702   139   366   325   343   787   746   854  1014   314   266   417    54   596    84   677   243   246   386     0   532   994     0 
  144   484   472   730   537   475   770   477   494   483   733   573   550   404   424   292   166   225   287   581   386   142   498   581   497   411   455   333   210   189   443   222   356   483   245   312   289   504   423   507   175   582   288   174   532     0   781     0 
  650   538   564   277   883   701   436   656   441   688   420   414   235   698   714   627   750   813   735   651   672   881   893   602   932   370   855   643   854   822   355   716   992   835   762   764   614  1011   411   914   667   816   843   737   994   781     0     0 
    0     0     0     0     0     0     0     0     0     0     0     0     0     0     0     0     0     0     0     0     0     0     0     0     0     0     0     0     0     0     0     0     0     0     0     0     0     0     0     0     0     0     0     0     0     0     0     0 
