DIMENSION: 47
N: 15
M: 15
K: 2

SERVICE: 
318 395 85 77 343 324 256 452 281 175 189 141 456 68 131 

DIST MATRIX: 
    0   749   926   534   432  1059   702   888   872   282   406   688   324   810   575   569   628   551   264   225   296   279   356   627   694   359   580   613   706   190   233  1010   959   420   293  1007   382   299   862  1022   267   358   291   690   603   545   342     0 
  449     0   407   142   203   615   273   375   402   272   232   382   323   397   106   136   156   353   471   295   293   241   263   175   227   254   374   142   256   350   295   534   556   605   378   487   163   275   409   633   316   392   229   198   379   191   221     0 
  732   415     0   364   473   427   305    94   240   590   507   458   614   341   293   325   266   543   773   621   602   567   554   277   234   551   546   267   258   674   619   324   458   877   677   168   479   584   277   514   626   671   555   198   538   382   529     0 
  467   495   479     0   256   716   248   457   500   198   276   476   344   500   208   102   158   259   381   253   208   199   291   277   329   159   282   245   358   286   269   545   529   506   286   544    89   280   510   735   316   293   196   297   291   280   234     0 
  564   137   296   456     0   290   500   228   109   585   371   191   472    71   232   431   401   673   792   565   614   524   423   163   109   585   688   192    78   642   544   604   721   937   704   415   487   476    89   300   512   724   504   153   688   228   432     0 
  508    46   469   578   358     0   654   400   253   643   375    85   451   125   335   560   545   792   848   595   679   566   420   272   254   665   812   308   219   679   563   780   892  1010   770   586   564   481   214   251   507   804   545   305   816   268   453     0 
  913   864   592   379   705   958     0   625   758   561   728   872   793   825   594   375   370   276   606   660   535   617   743   643   657   477   248   609   693   645   691   361   187   592   539   560   508   725   789  1034   757   483   624   607   224   698   684     0 
  993   782   395   470   744   772   297     0   611   717   775   815   867   713   580   440   393   502   828   793   705   740   808   600   582   642   484   575   613   809   811    70   129   858   743   317   625   813   649   877   853   704   738   534   463   690   761     0 
  621   164   506   690   485   254   749   441     0   769   501   210   574   179   449   669   646   906   975   722   805   693   546   383   350   789   924   418   315   806   690   836   967  1135   896   618   688   607   240   142   632   928   672   399   927   392   579     0 
  315   431   549   229   125   706   396   509   505     0   134   392   191   465   198   247   290   386   382   155   212   108   139   258   324   207   413   239   341   226   148   678   679   542   303   635   113   130   501   696   170   340    91   314   427   202    81     0 
  123   381   719   537   216   709   691   658   573   431     0   309   143   469   382   547   575   697   594   336   474   344   176   387   438   497   725   399   428   414   292   938   975   772   549   829   422   215   547   637   207   606   327   466   740   282   238     0 
  303   201   522   433   142   523   558   459   372   434   152     0   227   276   218   430   439   632   634   374   473   351   195   199   241   471   656   220   228   459   340   767   831   802   563   635   373   256   348   474   282   604   330   275   665   108   232     0 
  549   133   303   445   326   306   493   235   124   569   355   182     0    80   217   420   392   661   776   549   599   508   407   148    97   570   677   178    65   626   528   606   719   922   689   422   472   459   106   313   496   710   488   144   677   211   416     0 
  616   162   278   496   397   238   525   209    63   636   426   228   526     0   280   468   433   711   842   619   664   577   478   213   153   633   724   240   128   695   598   600   730   984   753   394   536   530    35   263   566   772   557   189   723   282   486     0 
  439   418   434   128   202   644   275   403   430   244   228   401   313   424     0   131   163   333   442   270   264   216   254   201   255   226   355   169   283   322   274   547   559   577   349   511   134   260   437   659   301   364   206   227   362   206   207     0 
  562   515   410    40   333   691   149   400   474   290   358   510   437   500   228     0    63   243   452   355   291   301   381   288   322   233   257   253   356   382   371   443   432   552   357   460   188   377   491   730   415   347   298   279   258   326   328     0 
  602   499   350   103   359   648   119   345   432   352   388   503   476   472   225    63     0   286   515   411   354   356   417   274   296   296   295   240   332   442   423   389   399   611   420   397   246   421   453   696   461   408   351   249   291   332   369     0 
  671   748   625   217   506   932   254   628   715   297   520   734   561   741   458   243   286     0   335   402   265   366   520   523   564   213    31   489   597   374   438   537   429   361   263   646   275   489   734   972   514   209   378   522    52   539   458     0 
  513   812   858   413   492  1080   548   838   870   208   483   769   454   846   562   452   515   335     0   265   179   283   451   629   691   222   360   603   714   181   306   855   763   179    96   912   309   392   874  1078   388   126   304   668   383   584   402     0 
  277   563   701   324   237   855   496   664   658   106   222   513   193   610   354   355   411   402   265     0   146    55   186   411   478   188   432   394   493    85    43   798   769   441   213   782   168   127   653   834   129   272    66   469   452   342   142     0 
  423   641   687   253   331   902   411   663   692    42   329   603   331   669   384   291   354   265   179   146     0   131   308   451   513    63   296   425   536   110   187   721   663   331    91   749   130   259   695   903   271   134   150   490   317   413   250     0 
  305   532   648   271   210   814   444   612   613    88   202   487   202   572   306   301   356   366   283    55   131     0   178   366   432   156   396   346   450   118    75   744   719   451   214   727   115   129   610   800   148   264    21   420   415   306   122     0 
  186   393   623   366    84   704   528   571   527   266    52   336    61   455   261   381   417   520   451   186   308   178     0   294   359   324   549   291   363   271   148   796   813   625   390   722   246    62   513   667    89   442   158   369   563   197    62     0 
  462   227   335   307   210   451   388   279   247   423   243   230   351   223    69   288   274   523   629   411   451   366   294     0    67   422   541    35    85   484   395   570   645   774   541   442   324   337   245   459   377   562   348    79   545   106   287     0 
  521   208   281   347   274   390   401   220   181   486   307   233   415   177   129   322   296   564   691   478   513   432   359    67     0   480   579    88    35   550   462   545   640   832   601   394   384   403   183   409   443   619   414    51   580   165   354     0 
  460   625   636   194   331   869   348   616   656    85   336   594   357   644   353   233   296   213   222   188    63   156   324   422   480     0   244   393   506   171   225   659   600   352   127   693   101   283   663   879   304   140   171   452   264   398   263     0 
  701   767   627   234   532   942   251   633   726   328   547   755   590   756   477   257   295    31   360   432   296   396   549   541   579   244     0   506   613   404   468   522   406   375   291   642   303   518   746   986   543   235   408   536    24   561   487     0 
  466   262   332   272   208   477   355   281   268   398   243   263   351   255    41   253   240   489   603   394   425   346   291    35    88   393   506     0   114   463   381   547   616   745   514   434   296   329   270   491   370   532   329    78   509   118   277     0 
  518   174   296   380   280   366   436   232   166   508   311   203   416   144   153   356   332   597   714   493   536   450   363    85    35   506   613   114     0   568   475   574   674   858   626   412   409   412   160   378   450   646   431    86   614   166   365     0 
  341   646   756   346   321   932   512   724   731    92   307   598   273   689   422   382   442   374   181    85   110   118   271   484   550   171   404   463   568     0   125   821   771   359   144   829   198   211   728   916   207   210   138   536   426   422   227     0 
  236   533   697   343   208   832   516   656   640   147   189   480   150   585   342   371   423   438   306    43   187    75   148   395   462   225   468   381   475   125     0   812   793   483   256   783   189    87   632   806    86   315    73   458   487   318   113     0 
  982   739   336   476   727   709   310   397   557   728   760   776   857   665   557   443   389   537   855   798   721   744   796   570   545   659   522   547   574   821   812     0   197   897   766   250   631   807   597   819   848   732   740   499   502   664   754     0 
  995   847   497   453   759   875   284   546   698   681   787   871   870   789   613   432   399   429   763   769   663   719   813   645   640   600   406   616   674   771   793   197     0   770   686   434   604   809   734   971   846   638   721   590   383   723   760     0 
  691   972   961   514   660  1221   611   952  1006   368   654   934   632   996   705   552   611   361   179   441   331   451   625   774   832   352   375   745   858   359   483   897   770     0   240   998   451   568  1014  1230   566   213   473   802   395   743   573     0 
  484   733   763   317   420   991   457   743   779   128   416   694   406   760   473   357   420   263    96   213    91   214   390   541   601   127   291   514   626   144   256   766   686   240     0   817   218   337   784   994   342    67   235   576   314   504   336     0 
  900   551   118   500   641   463   392   187   339   742   675   604   782   462   461   460   397   646   912   782   749   727   722   442   394   693   642   434   412   829   783   250   434   998   817     0   631   751   381   581   793   802   717   363   628   548   696     0 
  406   524   562   156   238   773   329   535   562   112   247   493   289   545   255   188   246   275   309   168   130   115   246   324   384   101   303   296   409   198   189   631   604   451   218   631     0   219   566   779   249   241   118   360   318   297   184     0 
  188   453   657   356   133   760   526   610   577   216   108   397    73   511   294   377   421   489   392   127   259   129    62   337   403   283   518   329   412   211    87   807   809   568   337   751   219     0   565   726    42   391   112   407   534   248    55     0 
  651   188   267   520   432   207   540   201    42   668   461   257   562    89   311   491   453   734   874   653   695   610   513   245   183   663   746   270   160   728   632   597   734  1014   784   381   566   565     0   246   602   801   591   214   744   317   521     0 
  757   273   482   756   598   141   785   426   276   870   619   336   701   235   528   730   696   972  1078   834   903   800   667   459   409   879   986   491   378   916   806   819   971  1230   994   581   779   726   246     0   755  1019   780   451   986   494   693     0 
  157   482   699   393   170   794   564   651   615   230   141   422    67   545   336   415   461   514   388   129   271   148    89   377   443   304   543   370   450   207    86   848   846   566   342   793   249    42   602   755     0   401   136   448   561   285    97     0 
  547   765   757   308   463  1008   428   743   793   176   462   731   463   784   493   347   408   209   126   272   134   264   442   562   619   140   235   532   646   210   315   732   638   213    67   802   241   391   801  1019   401     0   284   589   259   537   384     0 
  293   511   635   270   188   795   443   598   595   108   181   465   186   552   289   298   351   378   304    66   150    21   158   348   414   171   408   329   431   138    73   740   721   473   235   717   118   112   591   780   136   284     0   404   425   285   101     0 
  540   259   256   307   285   419   351   203   204   466   319   282   427   223   116   279   249   522   668   469   490   420   369    79    51   452   536    78    86   536   458   499   590   802   576   363   360   407   214   451   448   589   404     0   535   185   355     0 
  718   771   617   239   544   938   238   626   723   348   560   761   607   757   481   258   291    52   383   452   317   415   563   545   580   264    24   509   614   426   487   502   383   395   314   628   318   534   744   986   561   259   425   535     0   569   502     0 
  357   229   441   333   115   515   451   384   330   378   145   198   251   268   110   326   332   539   584   342   413   306   197   106   165   398   561   118   166   422   318   664   723   743   504   548   297   248   317   494   285   537   285   185   569     0   205     0 
  234   421   603   310    95   719   476   557   530   209    81   371   110   472   241   328   369   458   402   142   250   122    62   287   354   263   487   277   365   227   113   754   760   573   336   696   184    55   521   693    97   384   101   355   502   205     0     0 
    0     0     0     0     0     0     0     0     0     0     0     0     0     0     0     0     0     0     0     0     0     0     0     0     0     0     0     0     0     0     0     0     0     0     0     0     0     0     0     0     0     0     0     0     0     0     0     0 
