DIMENSION: 47
N: 15
M: 15
K: 2

SERVICE: 
196 443 380 481 396 120 81 250 209 183 268 188 471 321 490 

DIST MATRIX: 
    0   379   392   510   199   359   458   328   431   585   827   418   114   395   532   560   344   357   611   762   474   195   248   809   550   531   353   422   763   368   566   232   374   779   503   189   170   373   560   895   898   327   533   880   463   468   895     0 
  807     0   569   262   832   974   769   495   487    54   331   785   679   763   359   125   361   418   120   167   312   477   879   194   203   239   286   302   126   314   336   413   628   143   177   482   476   959   211   349   314   403   164   353   385   602   258     0 
  489   250     0   260   513   662   555   263   342   268   551   549   370   524   334   257   161   211   310   450   255   181   558   499   273   270    39   193   447   135   350   106   396   464   209   183   157   656   287   607   598   171   240   598   294   424   579     0 
  664   203   692     0   749   914   870   270   642   290   652   862   644   837   582   379   463   208   413   316   507   487   750   501   450   472   285   459   400   422   578   413   368   424   383   488   394   927   464   669   627   230   398   675   569   307   517     0 
  254   254   649   656     0   559   740   189   662   622   948   702   396   679   715   647   518   264   699   745   641   405   341   868   672   668   416   579   791   517   738   386   119   813   606   400   274   603   686   997   980   271   636   991   659   227   923     0 
  195   638   562   772    94     0   518   576   635   873  1088   458   263   448   771   841   606   624   890  1051   729   460   117  1091   820   797   642   686  1051   640   810   514   566  1066   782   454   458   190   828  1163  1172   602   811  1145   699   674  1181     0 
  596   808   277   596   448   418     0   776   368   807   846    67   368    92   529   722   492   774   752  1008   541   445   572   939   659   623   649   542   950   540   569   517   850   955   667   445   568   341   659   933   971   733   683   906   473   935  1054     0 
  432   253   359   295   454   604   521     0   336   327   598   510   313   485   356   310   165   214   363   508   280   134   500   555   318   309    97   218   506   156   377    60   375   522   258   135   103   600   330   657   652   172   289   646   306   418   637     0 
  765   794   199   402   656   688   240   788     0   642   571   299   510   297   304   539   390   755   550   829   357   447   774   704   460   424   571   392   743   427   334   490   899   741   499   451   587   622   453   659   707   713   502   629   285   957   823     0 
  577   227   480   282   620   774   664   268   428     0   520   662   484   638   377   218   250   195   266   341   299   298   653   427   267   280    80   247   358   208   380   224   406   377   195   301   253   772   282   561   540   172   219   558   357   402   491     0 
 1127   759   798   486  1139  1271   992   815   705   378     0  1022   978  1004   543   393   638   737   346   295   540   775  1196   143   427   459   607   562   208   598   504   720   944   185   453   781   796  1246   423   197   128   726   425   227   601   905    90     0 
  477   569   100   373   381   450   194   546   178   562   663     0   224   164   334   486   244   533   522   763   319   200   492   720   433   400   396   304   715   292   375   267   639   723   428   201   335   404   436   746   771   491   448   723   265   712   829     0 
  680   522   253    68   641   748   451   537   163   305   356   477     0   458    59   204   144   483   224   496    22   289   727   410   131    94   278    82   423   142    83   275   670   426   162   295   386   712   129   435   457   445   166   414    58   698   524     0 
  217   566   416   631    69   176   392   512   487   749   945   336   122     0   626   708   467   545   755   936   586   326   192   958   682   656   525   546   925   503   665   388   537   938   648   320   353   185   689  1021  1034   515   676  1002   553   639  1053     0 
  646   821   251   565   504   485    60   794   335   786   798   101   407   120     0   696   479   786   722   986   511   453   628   903   629   592   645   519   920   526   529   521   877   924   643   454   584   409   626   886   927   744   657   858   440   957  1019     0 
  742   445   446   137   746   879   646   484   362   107   303   665   586   643   237     0   250   412    53   292   187   382   807   250    81   115   232   182   229   206   217   328   622   238    60   388   413   858    92   351   341   386    39   344   260   618   348     0 
  539   409   232   167   513   635   423   413   182   318   484   430   345   407   198   250     0   370   292   519   131   150   590   495   215   190   181    80   477    48   226   133   540   487   189   156   245   609   222   556   567   329   214   539   142   580   597     0 
  456    39   573   459   544   712   726    78   548   368   715   707   454   682   542   412   370     0   461   481   463   333   542   612   456   463   206   402   530   346   554   271   211   552   384   332   210   730   471   755   730    43   411   752   505   215   661     0 
  794   493   475   157   795   926   674   534   387   126   254   696   633   676   245    53   292   461     0   281   211   430   858   203    93   130   284   220   198   252   218   379   671   203   108   436   465   901    97   299   289   436    79   293   282   664   307     0 
  914   494   735   429   960  1112   934   557   654   201   426   947   818   925   525   292   519   481   281     0   479   621   992   230   369   405   411   467   124   471   499   551   674   144   342   625   594  1104   376   409   351   481   331   425   553   623   206     0 
  670   501   264    55   636   747   463   518   176   286   359   487   466   467    80   187   131   463   211   479     0   280   719   402   118    83   257    63   409   124    97   261   651   414   142   286   371   713   118   436   455   425   148   416    73   678   514     0 
  391   369   251   317   366   499   393   349   258   428   634   378   204   353   338   382   150   333   430   621   280     0   440   632   361   339   218   229   600   179   371    75   453   613   322     6   141   483   369   705   712   291   351   689   272   517   727     0 
   89   551   591   756   124   236   584   486   651   825  1074   528   270   513   771   807   590   542   858   992   719   440     0  1055   797   778   592   669  1004   616   807   480   460  1021   751   434   402   301   807  1143  1145   525   781  1128   700   568  1137     0 
  988   637   663   348   997  1128   860   689   571   245   204   887   836   868   413   250   495   612   203   230   402   632  1055     0   286   320   468   421   108   455   376   578   822    86   310   638   656  1104   284   179   127   597   282   196   466   793   118     0 
  740   492   382    64   726   849   581   523   294   188   281   605   560   585   157    81   215   456    93   369   118   361   797   286     0    37   258   137   291   182   136   320   660   295    73   367   419   820    15   345   352   425    52   331   189   668   396     0 
  723   500   346    28   703   821   545   526   257   221   296   569   535   549   122   115   190   463   130   405    83   339   778   320    37     0   260   111   328   164   107   305   663   332    90   345   408   791    36   366   378   429    81   350   152   677   431     0 
  521   244   407   254   550   700   587   266   362   233   531   583   408   558   337   232   181   206   284   411   257   218   592   468   258   260     0   198   412   146   348   144   403   429   190   221   190   695   272   583   571   170   219   575   304   421   544     0 
  616   441   268    88   592   712   467   456   193   267   405   483   424   461   141   182    80   402   220   467    63   229   669   421   137   111   198     0   412    62   159   201   588   420   125   235   310   684   143   477   488   364   144   460   110   617   527     0 
  932   551   673   355   957  1099   872   608   585   179   302   893   804   872   440   229   477   530   198   124   409   600  1004   108   291   328   412   412     0   432   408   538   736    24   288   605   602  1082   295   287   233   520   268   302   480   699   133     0 
  560   385   278   145   546   674   470   396   220   271   459   478   381   455   201   206    48   346   252   471   124   179   616   455   182   164   146    62   432     0   221   142   527   443   146   185   249   651   191   527   533   306   173   512   159   559   554     0 
  762   592   300    98   719   819   489   612   206   325   288   523   548   506    42   217   226   554   218   499    97   371   807   376   136   107   348   159   408   221     0   357   746   407   196   377   468   779   126   371   402   517   186   347   112   769   493     0 
  420   308   303   286   420   563   461   298   287   362   600   450   268   425   331   328   133   271   379   551   261    75   480   578   320   305   144   201   538   142   357     0   415   552   271    78   112   553   331   665   666   228   301   651   273   467   667     0 
  372   185   704   656   510   675   818   138   702   579   925   785   488   762   729   622   540   211   671   674   651   453   460   822   660   663   403   588   736   527   746   415     0   759   590   449   312   715   675   966   941   236   618   963   681   109   864     0 
  950   573   677   359   972  1112   877   630   589   197   284   899   817   878   440   238   487   552   203   144   414   613  1021    86   295   332   429   420    24   443   407   552   759     0   298   619   619  1094   297   265   210   541   275   282   483   723   115     0 
  688   419   393   101   688   819   592   452   312   145   342   608   526   586   205    60   189   384   108   342   142   322   751   310    73    90   190   125   288   146   196   271   590   298     0   328   361   797    88   399   395   354    31   389   215   596   408     0 
  384   368   255   323   360   493   393   346   263   432   640   377   198   352   345   388   156   332   436   625   286     6   434   638   367   345   221   235   605   185   377    78   449   619   328     0   138   479   376   711   718   290   357   695   278   514   732     0 
  332   241   392   392   368   527   524   211   392   423   700   500   250   476   443   413   245   210   465   594   371   141   402   656   419   408   190   310   602   249   468   112   312   619   361   138     0   534   431   760   754   172   392   749   385   377   735     0 
  365   751   493   764   207    82   388   697   581   911  1066   326   287   325   737   858   609   730   901  1104   713   483   301  1104   820   791   695   684  1082   651   779   553   715  1094   797   479   534     0   825  1147  1168   699   823  1125   667   820  1205     0 
  751   506   382    64   734   855   580   537   292   199   269   605   567   585   149    92   222   471    97   376   118   369   807   284    15    36   272   143   295   191   126   331   675   297    88   376   431   825     0   336   345   439    67   321   186   683   396     0 
 1085   784   670   390  1069  1183   852   829   576   391    88   891   900   875   413   351   556   755   299   409   436   705  1143   179   345   366   583   477   287   527   371   665   966   265   399   711   760  1147   336     0    71   733   368    32   481   949   251     0 
 1083   756   702   404  1078  1199   890   806   607   362   142   925   912   908   444   341   567   730   289   351   455   712  1145   127   352   378   571   488   233   533   402   666   941   210   395   718   754  1168   345    71     0   711   365   100   508   916   181     0 
  442    81   530   424   519   684   684    98   506   352   690   666   420   641   504   386   329    43   436   481   425   291   525   597   425   429   170   364   520   306   517   228   236   541   354   290   172   699   439   733   711     0   382   729   465   253   652     0 
  719   445   407    99   717   846   607   480   323   141   312   626   554   604   202    39   214   411    79   331   148   351   781   282    52    81   219   144   268   173   186   301   618   275    31   357   392   823    67   368   365   382     0   358   222   621   384     0 
 1071   782   645   373  1051  1162   825   826   551   393    60   864   882   849   389   344   539   752   293   425   416   689  1128   196   331   350   575   460   302   512   347   651   963   282   389   695   749  1125   321    32   100   729   358     0   458   950   277     0 
  660   544   197   125   609   707   394   553   106   359   399   422   438   403    72   260   142   505   282   553    73   272   700   466   189   152   304   110   480   159   112   273   681   483   215   278   385   667   186   481   508   465   222   458     0   718   580     0 
  481   177   767   674   615   782   898   169   753   558   918   869   581   845   757   618   580   215   664   623   678   517   568   793   668   677   421   617   699   559   769   467   109   723   596   514   377   820   683   949   916   253   621   950   718     0   821     0 
 1065   680   777   459  1087  1226   974   738   686   312   303  1000   931   980   530   348   597   661   307   206   514   727  1137   118   396   431   544   527   133   554   493   667   864   115   408   732   735  1205   396   251   181   652   384   277   580   821     0     0 
    0     0     0     0     0     0     0     0     0     0     0     0     0     0     0     0     0     0     0     0     0     0     0     0     0     0     0     0     0     0     0     0     0     0     0     0     0     0     0     0     0     0     0     0     0     0     0     0 
