DIMENSION: 37
N: 15
M: 10
K: 2

SERVICE: 
318 231 131 268 316 143 335 279 175 130 185 104 300 207 356 

DIST MATRIX: 
    0   107   344   338   247   223   118   192   544   698   234   471   188   449   313   237   338   406   246   285   390    52   189   564   285   315   452   293   351   341   783   260   328   338    26   474   180     0 
  366     0   444   446   351   310   229   325   665   718   307   604   308   592   422   378   460   523   352   336   380   186   308   700   324   451   517   389   494   431   778   403   409   481   120   394    69     0 
  486   245     0   418    42    72   271   254   335   864   105   283   287   350   396   145   131   193    36   164   589   164    28   385   184   152   269    90   252   139   967   195   140   249   240   690   386     0 
  462   406   507     0   484   525   415   312   471   703   558   358   338   138   276   311   412   448   476   616   614   473   445   351   637   326   667   513   205   542   845   263   564   205   518   814   648     0 
  490   340   326   322     0   364   358   260   301   806   396   186   302    58   315   171   229   262   309   450   636   362   292   217   473   148   483   338    52   361   938   143   386    66   427   807   576     0 
  571   337    60   475    90     0   363   324   230   942   167   195   363   324   456   181    42    87    87   202   684   269   132   299   229   122   222    80   243    95  1052   225   121   247   346   795   492     0 
  332   353   653   491   557   522     0   437   862   592   521   787   402   729   474   542   656   723   557   552   256   370   506   875   540   629   733   599   641   643   618   552   623   626   293   181   149     0 
  516   354   301   353   300   350   373     0   267   838   382   152   322    81   345   172   204   232   293   433   660   365   283   189   457   130   456   318    68   338   968   154   365    85   433   826   584     0 
  851   620   252   737   349   383   646   600     0  1217   388   278   642   497   722   450   285   217   351   377   967   545   409   325   399   363   221   305   462   262  1331   484   286   473   619  1069   756     0 
  421   659  1034   563   944   935   634   672  1162     0   951  1054   630   885   571   824   987  1057   940  1004   334   758   877  1103  1002   917  1166   994   851  1043    65   797  1037   836   705   416   650     0 
  723   486   216   686   235   211   508   520   419  1105     0   443   545   594   664   416   312   311   242   125   796   374   292   540   125   389   115   201   508   177  1192   466   150   509   422   838   514     0 
  718   504   203   584   281   331   529   464    38  1069   350     0   509   324   571   314   169   105   279   368   847   455   320   166   395   218   287   256   298   235  1192   337   269   311   532   976   682     0 
  365   379   577   179   532   564   379   291   582   572   596   467     0   251   197   351   487   536   525   658   513   471   481   475   675   398   738   570   280   607   716   301   623   273   497   724   605     0 
  316   176   358   175   299   325   189    85   439   657   356   330   124     0   159   122   283   346   292   419   459   239   242   389   435   200   517   341   134   382   780    79   394   117   283   629   419     0 
  435   562   820   332   768   793   553   493   828   442   823   714   483   495     0   588   734   784   761   886   544   671   710   712   900   644   981   809   529   848   590   540   862   520   677   761   747     0 
  405   197   236   294   181   216   221   152   345   767   248   250   195   224   276     0   166   233   174   309   534   193   134   333   328    96   395   220   122   261   883    50   274   113   262   676   415     0 
  567   341    97   457   125   179   366   315   206   932   206   157   357   285   440   166     0    71   120   244   687   285   152   260   270    90   255   122   209   134  1047   204   163   215   363   808   513     0 
  637   412   105   521   176   227   437   385   144  1000   247   132   427   313   505   233    71     0   173   271   758   353   217   231   298   147   231   154   256   142  1116   268   176   265   431   877   578     0 
  522   281    98   453     7    60   306   290   317   900    90   276   323   367   432   174   120   173     0   141   623   195    63   380   164   163   233    54   273   102  1002   224   104   271   269   719   410     0 
  598   360   166   566   134    94   382   399   405   979    63   396   422   508   543   309   244   271   141     0   674   249   177   499    27   303   181   122   414   133  1068   359   100   412   300   728   404     0 
  152   347   720   345   626   611   321   387   878   343   624   780   342   654   339   534   687   758   623   674     0   433   561   848   671   629   841   675   592   724   399   519   715   576   374   219   320     0 
  349   115   293   340   197   178   135   181   491   731   193   421   189   412   316   193   285   353   195   249   433     0   137   515   252   266   408   244   311   292   822   222   282   300    78   526   230     0 
  459   218   159   396    67    83   243   231   358   837   115   299   262   349   374   134   152   217    63   177   561   137     0   400   195   159   294   117   249   166   939   184   165   244   214   663   361     0 
  705   528   335   539   385   440   550   463   151  1021   466   104   507   226   533   333   260   231   380   499   848   515   400     0   526   249   449   378   256   373  1155   332   407   272   590  1006   744     0 
  601   366   193   577   157   112   387   410   432   982    80   422   431   531   554   328   270   298   164    27   671   252   195   526     0   327   197   149   436   160  1067   378   126   433   297   717   393     0 
  500   291   182   375   170   221   315   246   249   856   252   158   290   206   359    96    90   147   163   303   629   266   159   249   327     0   343   190   121   216   975   122   239   126   341   769   495     0 
  750   509   162   684   227   230   533   523   316  1131   218   359   556   538   663   395   255   231   233   181   841   408   294   449   197   343     0   179   464   134  1229   442   130   468   470   908   584     0 
  576   335    56   505    50    80   360   344   294   954    94   274   377   395   484   220   122   154    54   122   675   244   117   378   149   190   179     0   307    49  1056   270    53   308   315   765   451     0 
  449   289   303   291   280   325   308   211   319   777   357   205   255   102   281   122   209   256   273   414   592   311   249   256   436   121   464   307     0   337   906    91   358    16   375   759   524     0 
  624   383    39   550    98   122   409   390   272  1002   127   272   424   418   529   261   134   142   102   133   724   292   166   373   160   216   134    49   337     0  1105   309    34   339   362   811   494     0 
  482   721  1096   616  1006   999   696   731  1219   149  1015  1109   690   935   625   883  1047  1116  1002  1068   399   822   939  1155  1067   975  1229  1056   906  1105     0   854  1100   890   770   475   715     0 
  383   200   282   254   231   266   220   132   365   734   298   261   177   190   238    50   204   268   224   359   519   222   184   332   378   122   442   270    91   309   854     0   323    78   284   675   432     0 
  621   379    71   557    98   105   404   394   306  1001   102   305   426   444   536   274   163   176   104   100   715   282   165   407   126   239   130    53   358    34  1100   323     0   360   348   793   474     0 
  432   274   307   276   279   321   292   195   333   762   354   220   238   112   265   113   215   265   271   412   576   300   244   272   433   126   468   308    16   339   890    78   360     0   362   742   510     0 
  312   119   367   346   270   243   124   209   569   688   252   497   199   472   322   262   363   431   269   300   374    78   214   590   297   341   470   315   375   362   770   284   348   362     0   450   154     0 
  358   479   817   549   720   690   456   547  1011   485   693   926   505   834   538   676   808   877   719   728   219   526   663  1006   717   769   908   765   759   811   475   675   793   742   450     0   325     0 
  327   243   505   435   410   373   233   336   719   662   372   651   311   618   413   415   513   578   410   404   320   230   361   744   393   495   584   451   524   494   715   432   474   510   154   325     0     0 
    0     0     0     0     0     0     0     0     0     0     0     0     0     0     0     0     0     0     0     0     0     0     0     0     0     0     0     0     0     0     0     0     0     0     0     0     0     0 
