DIMENSION: 37
N: 15
M: 10
K: 2

SERVICE: 
99 251 65 260 150 184 221 136 204 170 220 144 383 196 317 

DIST MATRIX: 
    0   591   820   359   624   537   600   388   678   584   624  1207   428   390   699   986   739   606   559   584   515   666  1117  1015   700   714   403   522   154   224  1022   622  1098  1062  1162   178   829     0 
  286     0   465     1   305   272   262    86   331   229   318   887   110   291   420   685   505   355   309   363   312   401   777   712   438   411   143   242   360   315   709   377   803   789   835   242   471     0 
  786   321     0   501   311   433   287   482   207   276   335   499   444   665   381   405   496   443   449   495   563   412   338   418   424   321   493   419   835   764   456   452   502   549   431   732    67     0 
  522    28   285     0   296   365   229   286   227   143   326   765   264   372   432   611   551   426   400   463   278   437   620   633   469   389   329   333   620   570   459   446   726   743   702   458   242     0 
  674   465   325   432     0   173   217   354   232   304   124   509   322   712    13   280   112   106   149   148   683    44   462   309    35    69   315   194   618   529   820    97   391   360   476   658   423     0 
  323   319   461   109   253     0   233    35   313   238   256   839    65   395   344   624   413   265   217   265   419   318   747   652   355   348    41   160   326   259   779   286   740   715   793   303   492     0 
  328   298   447    94   246   187     0    14   300   220   251   833    49   384   344   620   418   269   222   273   402   320   737   648   357   344    50   160   342   277   759   290   737   715   785   303   475     0 
  201   331   551    88   376   319   341     0   413   315   384   962   173   280   478   753   549   400   352   398   340   453   859   781   490   477   176   294   282   251   783   421   870   849   912   169   559     0 
  590   407   329   349    98    89   161   270     0   247    67   586   239   633    75   361   166    50    73   102   611    53   523   390    91    99   230   110   541   454   797    62   474   445   548   573   414     0 
  575    73   258   313   316   397   251   336   231     0   347   741   311   413   446   601   568   453   431   493   307   456   590   622   486   398   375   368   674   622   412   471   714   738   676   510   199     0 
  368   251   395    99   209   177   174    42   250   166     0   795    16   384   322   588   409   260   216   274   383   303   692   616   341   314    79   146   396   332   709   282   706   690   745   334   420     0 
 1114   802   511   856   550   614   601   787   557   668   539     0   751  1113   451   171   433   546   591   575  1050   484   277   145   453   446   754   633  1056   965   976   531    52   121   182  1092   610     0 
  186   594   780   346   561   459   551   345   632   553   556  1131     0   465   617   904   641   518   475   489   571   581  1056   933   611   640   342   450    30   105  1046   533  1013   969  1092   253   806     0 
  180   512   803   366   672   626   626   440   686   576   684  1250   473     0   783  1051   855   707   659   703   339   759  1131  1079   797   777   483   600   394   436   871   728  1170  1153  1196   145   779     0 
  397   213   358   115   194   189   147    84   218   125   210   772    54   383     0   572   415   268   228   290   366   304   664   600   341   301   118   155   437   374   668   290   691   681   720   357   379     0 
  946   637   362   685   380   449   430   617   389   499   369   233   581   943   287     0   296   386   429   422   883   324   246    29   296   276   587   466   898   809   856   374   119   144   214   922   468     0 
  719   570   431   506   254   233   322   421   344   409   225   528   396   794   123   296     0   150   197   155   777   115   517   323    82   180   373   263   630   539   932   128   386   330   509   714   533     0 
  577   442   379   356   144    83   202   271   252   284   113   615   246   644   102   386   150     0    48    52   633    63   563   415    94   143   224   114   512   423   843    22   495   457   582   567   463     0 
  530   413   386   310   139    39   185   225   248   261   114   656   202   599   142   429   197    48     0    64   594   107   595   458   141   172   176    73   470   382   829    69   539   504   620   519   462     0 
  564   477   431   364   192   102   245   278   301   323   163   653   259   655   146   422   155    52    64     0   655   105   609   450   126   193   224   135   481   390   889    51   525   480   623   561   514     0 
  416   250   562   311   534   555   469   392   494   388   559  1043   399   143   670   883   777   633   594   655     0   664   896   907   700   639   451   522   596   586   532   655  1000  1010   980   337   504     0 
  635   456   347   401   141   134   208   320   238   294   111   553   291   685    41   324   115    63   107   105   664     0   504   352    38    95   278   160   575   485   831    54   433   398   520   621   440     0 
 1060   648   335   777   496   602   518   730   447   555   501   176   690   988   463   246   517   563   595   609   896   504     0   233   489   423   717   606  1056   972   721   558   261   349   107  1019   403     0 
  975   660   378   712   407   478   456   645   413   524   397   205   609   969   316    29   323   415   458   450   907   352   233     0   325   304   615   494   927   838   866   403    94   135   191   950   482     0 
  671   489   360   439   173   171   240   358   263   327   144   528   329   723    44   296    82    94   141   126   700    38   489   325     0   104   315   197   604   514   853    78   402   363   498   658   457     0 
  671   411   256   411   108   181   170   341   168   253    94   493   306   680    60   276   180   143   172   193   639    95   423   304   104     0   312   192   637   551   752   144   393   380   452   646   354     0 
  360   330   442   144   222   144   210    59   292   229   221   804    65   433   305   587   373   224   176   224   451   278   717   615   315   312     0   122   345   271   787   245   702   675   760   344   481     0 
  482   345   360   243   115    34   136   161   212   199   105   685   133   530   184   466   263   114    73   135   522   160   606   494   197   192   122     0   450   367   773   136   581   555   643   463   422     0 
  216   610   786   361   562   456   555   354   637   562   555  1126   390   493   612   898   630   512   470   481   596   575  1056   927   604   637   345   450     0    91  1064   525  1005   959  1089   281   816     0 
  257   564   713   316   481   370   480   290   562   496   472  1038   323   501   523   809   539   423   382   390   586   485   972   838   514   551   271   367    91     0  1024   435   915   868  1002   305   750     0 
  926   461   513   708   699   800   644   745   593   575   730   897   723   675   809   856   932   843   829   889   532   831   721   866   853   752   787   773  1064  1024     0   858   942  1000   828   850   404     0 
  596   462   388   377   159   105   220   293   266   303   128   605   268   666    95   374   128    22    69    51   655    54   558   403    78   144   245   136   525   435   858     0   480   440   573   587   475     0 
 1062   753   466   803   498   562   549   734   507   617   487   162   699  1062   399   119   386   495   539   525  1000   433   261    94   402   393   702   581  1005   915   942   480     0    96   181  1039   567     0 
 1034   769   505   789   488   532   546   714   517   622   471   256   681  1060   371   144   330   457   504   480  1010   398   349   135   363   380   675   555   959   868  1000   440    96     0   277  1018   611     0 
 1112   730   418   835   539   633   573   779   510   622   539    69   741  1063   480   214   509   582   620   623   980   520   107   191   498   452   760   643  1089  1002   828   573   181   277     0  1077   498     0 
   79   438   701   242   544   487   504   305   572   467   553  1129   341   216   647   922   714   567   519   561   337   621  1019   950   658   646   344   463   281   305   850   587  1039  1018  1077     0   693     0 
  751   268   110   471   323   441   286   462   214   254   351   566   427   612   413   468   533   463   462   514   504   440   403   482   457   354   481   422   816   750   404   475   567   611   498   693     0     0 
    0     0     0     0     0     0     0     0     0     0     0     0     0     0     0     0     0     0     0     0     0     0     0     0     0     0     0     0     0     0     0     0     0     0     0     0     0     0 
