DIMENSION: 27
N: 15
M: 5
K: 2

SERVICE: 
371 389 429 179 213 749 115 62 245 409 304 235 329 86 426 

DIST MATRIX: 
    0   423   438   306    43   187    75   148   395   462   225   468   381   475   125   488   514   755   253   439   605   296   740   730   530   113   570     0 
  443     0   537   855   798   721   744   796   570   545   659   522   547   574   821   330   947   726   658   940   327   906   342   827   756   754   277     0 
  432   399     0   763   769   663   719   813   645   640   600   406   616   674   771   319   818   878   697   826   454   821   513   966   613   760   225     0 
  552   611   361     0   441   331   451   625   774   832   352   375   745   858   359   611    50  1162   671    84   862   212  1003  1168   173   573   624     0 
  357   420   263    96     0    91   214   390   541   601   127   291   514   626   144   445   280   928   432   223   662   140   806   930   276   336   491     0 
  460   397   646   912   782     0   727   722   442   394   693   642   434   412   829   387  1048   490   569  1022   181   953   102   601   886   696   399     0 
  188   246   275   309   168   130     0   246   324   384   101   303   296   409   198   302   495   711   227   441   463   335   605   719   434   184   382     0 
  377   421   489   392   127   259   129     0   337   403   283   518   329   412   211   494   600   680   193   526   570   383   698   649   605    55   584     0 
  491   453   734   874   653   695   610   513     0   183   663   746   270   160   728   510  1060   158   379  1007   280   893   281   232   962   521   586     0 
  730   696   972  1078   834   903   800   667   459     0   879   986   491   378   916   755  1274    93   566  1214   519  1088   480    91  1194   693   832     0 
  415   461   514   388   129   271   148    89   377   443     0   543   370   450   207   532   595   712   233   518   612   372   740   675   615    97   621     0 
  347   408   209   126   272   134   264   442   562   619   140     0   532   646   210   421   260   949   465   221   656   183   799   960   215   384   455     0 
  298   351   378   304    66   150    21   158   348   414   171   408     0   431   138   415   509   722   215   441   541   309   678   709   496   101   498     0 
  279   249   522   668   469   490   420   369    79    51   452   536    78     0   536   316   849   370   216   799   188   693   295   413   748   355   405     0 
  258   291    52   383   452   317   415   563   545   580   264    24   509   614     0   252   444   902   511   444   524   442   654   946   259   502   235     0 
  117    82   261   538   470   393   417   494   351   366   331   262   318   402   491     0   662   667   381   639   272   585   403   726   504   444    99     0 
  602   661   411   208   473   372   488   658   819   877   397   424   790   903   389   662     0  1206   712    83   911   230  1053  1210   213   609   674     0 
  648   611   891  1015   780   838   742   622   387   332   810   904   417   303   860   667  1206     0   507  1150   426  1029   389   126  1117   642   742     0 
  281   299   478   512   274   340   235   154   144   211   327   502   138   221   353   381   712   507     0   649   388   523   509   499   660   144   479     0 
  567   628   404   137   400   312   420   585   764   824   348   422   736   849   315   639    83  1150   649     0   876   149  1019  1148   249   538   664     0 
  310   251   529   758   606   587   553   541   266   226   536   533   255   251   659   272   911   426   388   876     0   794   143   512   771   516   326     0 
  493   556   393    61   259   207   288   444   648   712   260   419   624   733   174   585   230  1029   523   149   794     0   937  1018   330   401   631     0 
  452   392   664   901   744   730   691   663   373   317   679   665   372   329   799   403  1053   389   509  1019   143   937     0   499   906   645   438     0 
  688   661   928  1011   761   839   730   588   406   366   820   944   440   332   844   726  1210   126   499  1148   512  1018   499     0  1142   619   810     0 
  475   524   243   274   487   347   477   654   736   785   336   244   703   816   420   504   213  1117   660   249   771   330   906  1142     0   595   495     0 
  328   369   458   402   142   250   122    62   287   354   263   487   277   365   227   444   609   642   144   538   516   401   645   619   595     0   536     0 
  208   181   263   578   548   453   497   589   447   456   390   252   414   491   558    99   674   742   479   664   326   631   438   810   495   536     0     0 
    0     0     0     0     0     0     0     0     0     0     0     0     0     0     0     0     0     0     0     0     0     0     0     0     0     0     0     0 
