DIMENSION: 27
N: 15
M: 5
K: 2

SERVICE: 
318 395 85 77 343 324 256 452 281 175 189 141 456 68 131 

DIST MATRIX: 
    0   749   926   534   432  1059   702   888   872   282   406   688   324   810   575   711   359   439   449   696   840   406   380   546  1062   545   498     0 
  449     0   407   142   203   615   273   375   402   272   232   382   323   397   106   237   277   430   267   190   323   212   309   532   639   191   665     0 
  732   415     0   364   473   427   305    94   240   590   507   458   614   341   293   220   568   680   512   173    50   493   587   736   474   382   921     0 
  467   495   479     0   256   716   248   457   500   198   276   476   344   500   208   338   180   328   325   284   401   255   209   588   740   280   563     0 
  564   137   296   456     0   290   500   228   109   585   371   191   472    71   232   104   608   764   344   182   232   368   643   499   307   228   998     0 
  508    46   469   578   358     0   654   400   253   643   375    85   451   125   335   259   689   858   326   338   408   382   729   378   307   268  1079     0 
  913   864   592   379   705   958     0   625   758   561   728   872   793   825   594   655   471   421   773   575   575   706   445  1038  1003   698   591     0 
  993   782   395   470   744   772   297     0   611   717   775   815   867   713   580   572   647   666   802   501   423   755   640  1057   825   690   871     0 
  621   164   506   690   485   254   749   441     0   769   501   210   574   179   449   350   813   979   451   430   464   508   852   464   219   392  1203     0 
  315   431   549   229   125   706   396   509   505     0   134   392   191   465   198   339   230   403   190   318   462   114   273   444   719   202   612     0 
  123   381   719   537   216   709   691   658   573   431     0   309   143   469   382   455   517   684   156   491   633   210   561   137   696   282   851     0 
  303   201   522   433   142   523   558   459   372   434   152     0   227   276   218   257   494   667   100   304   438   162   537   265   519   108   874     0 
  549   133   303   445   326   306   493   235   124   569   355   182     0    80   217    95   593   751   328   174   235   352   629   487   322   211   984     0 
  616   162   278   496   397   238   525   209    63   636   426   228   526     0   280   144   656   809   398   213   227   423   689   541   259   282  1045     0 
  439   418   434   128   202   644   275   403   430   244   228   401   313   424     0   265   248   404   269   219   350   207   281   534   667   206   637     0 
  539   214   264   353   292   378   399   203   167   499   325   243   432   174   142     0   514   665   313    80   181   316   546   518   402   182   902     0 
  476   649   654   208   354   892   356   635   678    95   358   617   376   668   376   514     0   174   417   463   579   341    44   653   914   422   392     0 
  630   816   764   322   528  1041   410   758   824   252   531   788   541   827   535   665   174     0   590   605   700   514   130   820  1067   591   242     0 
  226   300   572   394    69   617   540   515   451   347    59   241   130   368   226   313   417   590     0   339   485    76   461   266   616   132   787     0 
  560   293   238   286   302   436   319   192   219   462   336   316   444   253   125    80   463   605   339     0   149   323   492   569   467   209   845     0 
  708   368    89   380   451   383   341    58   190   593   485   414   593   291   274   181   579   700   485   149     0   473   601   699   428   353   942     0 
  243   351   562   327    26   653   482   511   470   273    21   300   121   405   200   316   341   514    76   323   473     0   385   333   658   141   714     0 
  518   689   673   224   398   924   355   658   709   135   403   659   419   704   412   546    44   130   461   492   601   385     0   697   948   462   356     0 
  228   386   780   659   333   701   805   715   604   568   312   315   280   485   476   518   653   820   266   569   699   333   697     0   678   367   985     0 
  813   319   430   752   633    58   762   381   251   890   657   389   746   255   538   402   914  1067   616   467   428   658   948   678     0   523  1304     0 
  357   229   441   333   115   515   451   384   330   378   145   198   251   268   110   182   422   591   132   209   353   141   462   367   523     0   811     0 
  770  1040  1005   564   732  1279   643  1000  1063   440   728  1004   710  1059   767   902   392   242   787   845   942   714   356   985  1304   811     0     0 
    0     0     0     0     0     0     0     0     0     0     0     0     0     0     0     0     0     0     0     0     0     0     0     0     0     0     0     0 
