DIMENSION: 37
N: 15
M: 10
K: 2

SERVICE: 
224 289 314 199 415 112 374 191 432 223 315 221 354 436 241 

DIST MATRIX: 
    0   742   447   468   373   571   391   650   387   211   553   427   461   412   202   503   468   764   939   636   894   936   620   670   580   820   506   793   979   833   898  1102   873   732   685   357   149     0 
  812     0   643   640   870   578   735   586   735   924   629   726   572   660   928   719   770   816   105   462   382    68   517   358   463   291   944   851    31   369   383   492   357   371   324   781   999     0 
   93   658     0   333   248   435   254   624   249    99   416   289   398   279    92   366   332   630   829   508   837   834   487   588   459   697   392   661   879   704   842   968   744   666   593   219   110     0 
  370   278   197     0   426   178   288   477   287   475   225   284   269   210   480   300   342   505   369   108   523   386   150   242    27   242   523   546   432   276   528   562   313   355   200   333   554     0 
  467   452   243   224     0   121   312   690   315   529   152   284   478   279   536   239   294   320   409   107   700   465    78   437   190   223   448   359   506   174   704   412   210   548   382   358   620     0 
  289   375    94    97   324     0   186   532   186   382   145   182   293   112   388   205   242   442   464   128   614   487   126   330    86   316   423   483   532   324   619   600   364   441   297   232   466     0 
  482   898   442   429   267   453     0  1018   378   403   402   356   762   452   412   320   284   299   924   567  1138   972   509   853   596   738   116   299  1015   683  1143   828   712   963   820   355   461     0 
  607   145   545   558   755   561   621     0   618   736   607   633   279   538   737   671   703   887   406   477   162   343   530   143   411   460   880   928   364   547   167   794   565    33   199   654   785     0 
  544   938   489   474   329   487   427  1071     0   468   436   406   815   503   476   362   332   284   946   598  1180   999   539   896   634   760   176   275  1041   698  1185   822   725  1007   859   412   525     0 
  143   591   344   367   352   466   314   513   309     0   460   352   310   306   217   432   411   711   794   513   745   787   506   518   448   686   503   745   830   709   750   986   748   581   535   296   223     0 
  322   780   316   310   109   364   234   871   237   246     0   227   615   317   255   223   171   350   846   479  1011   883   427   729   489   669    52   368   928   630  1016   825   665   834   702   205   313     0 
  144   433   172   196   302   283   192   461   187   270   290     0   207   138   271   293   296   574   605   315   630   607   314   366   249   488   446   612   651   510   635   790   549   453   366   206   331     0 
  657    87   551   559   775   538   636   319   634   783   588   640     0   553   784   664   704   847   285   437   173   216   495   148   389   371   885   887   236   462   177   687   474   106   165   675   843     0 
  481   873   422   408   266   424   360  1004   365   412   373   339   748     0   421   296   265   258   890   537  1115   940   478   830   570   704   115   258   983   646  1120   788   675   941   795   347   476     0 
  338   843   382   379   154   444   293   908   295   234   395   294   655   376     0   304   250   428   924   557  1067   958   507   787   559   750   121   442  1003   714  1072   912   750   888   766   255   278     0 
  293   578   134   115   178   142   118   722   123   312    92    81   470   158   321     0    55   283   623   257   819   662   204   535   276   446   226   320   707   412   824   634   449   645   499   146   404     0 
  268   617   158   146   124   194   105   741   110   269   146    76   486   172   278    55     0   301   675   308   854   712   257   570   320   500   181   335   757   467   859   686   504   679   539   116   359     0 
  569   768   405   382   394   332   399   973   404   556   298   363   732   437   566   283   301     0   712   413  1017   776   357   745   478   526   308    41   815   449  1021   538   469   857   694   417   641     0 
  738   275   556   551   780   481   647   591   647   844   532   635   531   576   849   623   675   712     0   367   432    83   420   332   378   187   847   747   108   264   435   415   254   377   283   694   923     0 
  415   355   202   191   415   116   289   583   290   500   167   272   375   231   506   257   308   413   367     0   604   406    59   334    85   198   483   453   450   197   609   474   237   446   282   337   586     0 
  769   249   698   709   913   700   777   287   775   898   748   786   439   694   898   819   854  1017   432   604     0   352   661   285   549   542  1034  1057   354   634     5   846   644   178   324   812   947     0 
  745   226   581   579   809   522   673   532   673   859   573   665   506   596   862   662   712   776    83   406   352     0   463   293   401   250   888   812    46   335   354   498   331   316   256   719   933     0 
  396   413   174   157   370    64   252   627   254   468   112   229   406   208   475   204   257   357   420    59   661   463     0   387   124   243   427   398   507   222   666   482   261   500   338   300   557     0 
  509    73   414   424   633   420   496   280   493   635   466   503   218   412   637   535   570   745   332   334   285   293   387     0   269   337   750   785   329   418   289   682   441   113    63   533   695     0 
  366   303   180   180   409   151   272   503   272   466   199   265   290   197   471   276   320   478   378    85   549   401   124   269     0   239   501   519   446   264   554   549   303   382   226   318   547     0 
  604   316   399   389   612   306   487   617   488   696   354   469   478   426   702   446   500   526   187   198   542   250   243   337   239     0   666   562   289    92   546   347   105   427   274   535   781     0 
  368   798   336   326   152   367   262   905   266   298   315   248   648   343   307   226   181   308   847   483  1034   888   427   750   501   666     0   323   933   621  1039   801   654   857   720   240   365     0 
  603   808   445   421   421   373   434  1014   440   584   338   399   773   475   593   320   335    41   747   453  1057   812   398   785   519   562   323     0   851   483  1061   555   501   898   735   450   666     0 
  790   260   626   625   855   566   719   555   718   904   618   710   544   642   908   707   757   815   108   450   354    46   507   329   446   289   933   851     0   370   355   511   362   340   297   764   978     0 
  611   403   393   378   586   282   474   696   476   689   323   450   534   425   696   412   467   449   264   197   634   335   222   418   264    92   621   483   370     0   637   286    40   513   355   521   778     0 
  774   254   703   714   918   705   782   290   780   903   753   791   444   699   903   824   859  1021   435   609     5   354   666   289   554   546  1039  1061   355   637     0   848   647   183   329   817   952     0 
  878   650   654   635   810   532   722   961   725   938   558   692   819   690   946   634   686   538   415   474   846   498   482   682   549   347   801   555   511   286   848     0   251   762   619   766  1029     0 
  651   421   433   418   624   321   513   721   515   729   361   489   568   465   736   449   504   469   254   237   644   331   261   441   303   105   654   501   362    40   647   251     0   532   378   560   818     0 
  594   112   521   534   735   533   600   216   597   722   579   610   271   516   723   645   679   857   377   446   178   316   500   113   382   427   857   898   340   513   183   762   532     0   167   634   775     0 
  508    78   386   394   612   376   473   343   471   630   425   476   250   390   633   499   539   694   283   282   324   256   338    63   226   274   720   735   297   355   329   619   378   167     0   513   696     0 
  153   590   139   146   101   239    48   666    47   172   208    75   410   124   180   146   116   417   694   337   812   719   300   533   318   535   240   450   764   521   817   766   560   634   513     0   263     0 
  188   764   385   400   247   500   308   732   305    92   471   338   508   356    84   404   359   641   923   586   947   933   557   695   547   781   365   666   978   778   952  1029   818   775   696   263     0     0 
    0     0     0     0     0     0     0     0     0     0     0     0     0     0     0     0     0     0     0     0     0     0     0     0     0     0     0     0     0     0     0     0     0     0     0     0     0     0 
