DIMENSION: 37
N: 15
M: 10
K: 2

SERVICE: 
196 443 380 481 396 120 81 250 209 183 268 188 471 321 490 

DIST MATRIX: 
    0   379   392   510   199   359   458   328   431   585   827   418   114   395   532   474   639   706   616   710   235   465   555   731   717   561   849   670   483   717   424   439   720   468   440   468   467     0 
  807     0   569   262   832   974   769   495   487    54   331   785   679   763   359   180    85    94   202   329   713   342   220   180   355    84   322   207   168   214  1055   200   245   179   419   602   572     0 
  489   250     0   260   513   662   555   263   342   268   551   549   370   524   334   171   331   394   338   462   429   266   286   424   477   248   565   388   170   430   737   127   441   154   299   424   424     0 
  664   203   692     0   749   914   870   270   642   290   652   862   644   837   582   345   397   413   487   627   728   530   471   260   651   324   643   512   224   531   969   308   558   232   587   307   729     0 
  254   254   649   656     0   559   740   189   662   622   948   702   396   679   715   564   711   763   736   860   519   644   685   698   874   622   958   784   508   824   580   516   838   499   649   227   719     0 
  195   638   562   772    94     0   518   576   635   873  1088   458   263   448   771   757   922   990   885   961   316   713   822  1019   962   847  1115   939   772   988   139   726   986   757   668   674   635     0 
  596   808   277   596   448   418     0   776   368   807   846    67   368    92   529   670   796   865   703   705   244   512   649  1002   693   761   885   747   758   792   518   672   774   742   435   935   301     0 
  432   253   359   295   454   604   521     0   336   327   598   510   313   485   356   223   387   451   384   501   379   285   328   481   513   305   614   436   228   480   678   184   488   212   304   418   412     0 
  765   794   199   402   656   688   240   788     0   642   571   299   510   297   304   521   594   653   480   435   415   329   443   840   417   592   614   511   637   548   792   546   522   624   262   957   131     0 
  577   227   480   282   620   774   664   268   428     0   520   662   484   638   377   151   272   322   320   459   547   320   286   310   479   182   524   361    68   394   845   104   413    58   373   402   514     0 
 1127   759   798   486  1139  1271   992   815   705   378     0  1022   978  1004   543   477   312   245   372   389   991   567   432   353   410   391   225   325   492   280  1358   512   302   503   640   905   774     0 
  477   569   100   373   381   450   194   546   178   562   663     0   224   164   334   425   564   635   487   526   152   293   427   754   521   519   697   537   506   585   551   422   574   490   227   712   175     0 
  680   522   253    68   641   748   451   537   163   305   356   477     0   458    59   188   269   336   175   228   455    21   119   504   233   255   387   224   308   271   843   221   260   298    95   698   244     0 
  217   566   416   631    69   176   392   512   487   749   945   336   122     0   626   626   790   859   746   816   173   568   683   909   817   719   973   799   656   848   257   600   844   640   521   639   490     0 
  646   821   251   565   504   485    60   794   335   786   798   101   407   120     0   651   766   834   668   657   284   481   617   984   644   739   839   709   747   752   586   658   732   731   403   957   258     0 
  655   375   400   136   663   799   598   408   327   137   384   609   505   587   237     0   166   233   174   309   534   193   134   333   328    96   395   220   122   261   883    50   274   113   262   552   415     0 
  819   494   519   201   827   961   718   540   431   107   258   740   667   719   290   166     0    71   120   244   687   285   152   260   270    90   255   122   209   134  1047   204   163   215   363   662   513     0 
  883   536   588   269   896  1031   787   586   499   142   246   810   737   789   351   233    71     0   173   271   758   353   217   231   298   147   231   154   256   142  1116   268   176   265   431   696   578     0 
  807   547   428   116   792   911   624   582   335   205   214   652   624   633   180   174   120   173     0   141   623   195    63   380   164   163   233    54   273   102  1002   224   104   271   269   723   410     0 
  906   684   445   206   869   971   624   715   352   342   141   663   698   648   192   309   244   271   141     0   674   249   177   499    27   303   181   122   414   133  1068   359   100   412   300   861   404     0 
  365   583   249   507   241   299   232   544   330   667   809   184   124   164   481   534   687   758   623   674     0   433   561   848   671   629   841   675   592   724   399   519   715   576   374   697   320     0 
  661   515   235    84   621   727   434   528   146   316   378   458   450   439    71   193   285   353   195   249   433     0   137   515   252   266   408   244   311   292   822   222   282   300    78   690   230     0 
  747   509   372    55   729   848   570   539   282   208   273   595   561   576   139   134   152   217    63   177   561   137     0   400   195   159   294   117   249   166   939   184   165   244   214   686   361     0 
  876   445   733   438   930  1084   930   509   657   199   471   940   794   917   538   333   260   231   380   499   848   515   400     0   526   249   449   378   256   373  1155   332   407   272   590   568   744     0 
  912   703   438   218   871   969   612   733   345   367   155   653   700   639   191   328   270   298   164    27   671   252   195   526     0   327   197   149   436   160  1067   378   126   433   297   880   393     0 
  736   406   488   190   753   893   687   451   408    50   342   702   598   679   292    96    90   147   163   303   629   266   159   249   327     0   343   190   121   216   975   122   239   126   341   576   495     0 
 1039   749   622   343  1021  1135   804   793   527   360    44   842   853   827   364   395   255   231   233   181   841   408   294   449   197   343     0   179   464   134  1229   442   130   468   470   917   584     0 
  860   588   474   169   846   964   667   626   380   224   163   698   678   679   219   220   122   154    54   122   675   244   117   378   149   190   179     0   307    49  1056   270    53   308   315   761   451     0 
  644   285   499   257   681   832   690   332   435   115   463   694   539   670   359   122   209   256   273   414   592   311   249   256   436   121   464   307     0   337   906    91   358    16   375   455   524     0 
  907   621   520   218   894  1013   712   662   426   242   126   744   727   726   263   261   134   142   102   133   724   292   166   373   160   216   134    49   337     0  1105   309    34   339   362   792   494     0 
  326   776   647   888   225   104   563   714   729  1003  1200   500   380   497   876   883  1047  1116  1002  1068   399   822   939  1155  1067   975  1229  1056   906  1105     0   854  1100   890   770   807   715     0 
  616   325   409   178   632   774   603   358   344   150   433   609   479   586   275    50   204   268   224   359   519   222   184   332   378   122   442   270    91   309   854     0   323    78   284   502   432     0 
  911   640   504   213   892  1007   693   679   409   269   110   727   723   710   245   274   163   176   104   100   715   282   165   407   126   239   130    53   358    34  1100   323     0   360   348   813   474     0 
  630   281   484   249   665   816   675   325   422   125   466   678   523   654   350   113   215   265   271   412   576   300   244   272   433   126   468   308    16   339   890    78   360     0   362   453   510     0 
  636   549   159   162   578   672   356   553    68   390   436   383   408   364   107   262   363   431   269   300   374    78   214   590   297   341   470   315   375   362   770   284   348   362     0   720   154     0 
  481   177   767   674   615   782   898   169   753   558   918   869   581   845   757   552   662   696   723   861   697   690   686   568   880   576   917   761   455   792   807   502   813   453   720     0   826     0 
  650   665    76   312   556   612   220   657    88   544   545   261   398   248   232   415   513   578   410   404   320   230   361   744   393   495   584   451   524   494   715   432   474   510   154   826     0     0 
    0     0     0     0     0     0     0     0     0     0     0     0     0     0     0     0     0     0     0     0     0     0     0     0     0     0     0     0     0     0     0     0     0     0     0     0     0     0 
