DIMENSION: 37
N: 15
M: 10
K: 2

SERVICE: 
74 705 379 27 260 128 387 104 67 334 122 301 326 101 97 

DIST MATRIX: 
    0   422   412   659   512   429   703   426   426   435   665   505   483   360   381    20   225   597    62   295   233   305   563   321   386   410   332   565   154   344   314   189   432   476   327    71   833     0 
  397     0   688   979   647   652  1005   668   733   663   969   812   804   584   596   306   464   902   378   476   505   424   873   502   648   675   618   885   271   593   189   514   698   615   522   256  1086     0 
   87   392     0   656   451   380   685   382   410   387   648   489   511   309   329    65   173   580   117   234   290   241   598   385   347   373   302   562   101   300   347   198   486   540   270    96   795     0 
  606   361   388     0   692   516   176   471   285   501   163   221   324   535   545   699   579   172   640   631   613   713   384   753   440   420   419   116   752   492   977   491   586   854   599   750   463     0 
  221   237   215   558     0   174   543   185   299   184   510   368   525   104   122   270    40   448   287    58   433   133   631   561   168   195   165   472   214   111   549   237   598   718    68   302   603     0 
  410   289   262   618    72     0   551   174   384   143   528   427   670   133   112   450   229   481   475   151   621   179   779   750   214   228   272   547   356   183   705   417   778   907   121   474   516     0 
  541   437   462   230   781   599     0   555   339   587   364   323   139   592   609   625   583   337   552   658   470   735   163   588   506   496   453   214   717   542   867   427   389   665   641   674   670     0 
  276    94    76   417   303   133   400     0   161   128   367   225   434   105   124   355   151   304   340   188   440   270   543   587    49    70    36   334   343    55   651   222   565   737   158   399   492     0 
  332   161   182   255   497   316   310   273     0   306   272   119   250   305   323   425   311   205   373   377   388   457   359   541   221   215   167   162   475   255   712   220   443   671   356   476   515     0 
  131   360   344   649   384   325   662   333   394     0   627   472   538   254   272   133   123   561   179   169   350   173   632   452   305   332   273   557    80   253   398   219   540   608   208   155   750     0 
  470   175   201   161   505   328   160   283   119   313     0    40   342   349   358   563   407    55   517   449   538   532   439   690   254   233   244   103   591   308   855   365   574   816   415   613   382     0 
  292   162   137   496   224    85   461    90   244    91   431     0   516    22    46   355   123   373   359   116   485   198   625   624    84   109   120   416   308    31   641   272   629   779    78   391   508     0 
  735   717   741   500  1055   876   659   833   619   865   641   610     0   859   879   802   825   623   723   909   584   979   225   642   781   774   719   502   922   809   979   639   410   650   899   844   946     0 
  272   100    81   423   300   132   406   104   166   128   373   231   437     0   121   351   145   310   336   182   438   264   547   585    51    74    39   339   338    51   646   221   566   736   153   394   496     0 
  349   281   254   615   131   139   566   178   368   155   539   421   636   108     0   386   170   486   413    86   564   120   744   690   202   223   245   539   292   156   641   365   727   846    65   409   560     0 
   94   438   428   679   516   440   721   439   444   446   684   524   503   370   391     0   234   616    79   299   246   304   581   325   400   425   348   585   145   357   297   209   446   479   334    51   847     0 
  182   245   226   554   300   206   550   211   294   214   516   367   499   136   156   234     0   452   247    92   393   154   603   522   184   211   163   465   194   131   518   201   561   678   108   269   628     0 
  523   212   237   146   524   354   106   310   171   338    68    92   382   383   389   616   452     0   571   488   591   570   473   743   289   265   289   124   639   345   909   419   622   867   451   665   341     0 
   67   412   406   621   545   443   677   434   401   447   640   479   427   377   399    79   247   571     0   328   173   350   503   277   387   409   325   528   214   353   339   153   371   434   355   123   827     0 
  265   276   251   605   218   177   578   201   347   190   547   412   583   114   121   299    92   488   328     0   482    83   689   605   200   226   214   521   214   142   561   293   652   762    46   324   612     0 
  222   485   489   600   692   563   694   542   439   563   656   506   331   505   530   246   393   591   173   482     0   517   377   154   488   504   413   514   387   470   404   217   201   298   500   276   893     0 
  295   358   333   687   229   247   659   277   429   261   629   495   653   192   194   304   154   570   350    83   517     0   756   625   282   307   296   603   185   225   532   349   699   781   121   316   678     0 
  511   520   541   388   846   670   539   630   424   661   511   435   110   646   667   581   603   473   503   689   377   756     0   466   575   572   507   351   697   597   781   414   245   519   682   625   814     0 
  340   638   640   742   821   706   844   688   593   707   807   659   450   644   668   325   522   743   277   605   154   625   466     0   636   653   563   661   467   613   352   366   232   157   630   333  1047     0 
  323    79    53   414   275    96   378    58   170    87   347   219   465    95   106   400   184   289   387   200   488   282   575   636     0    27    77   337   377    58   694   271   609   786   162   442   448     0 
  346    61    34   393   285   103   352    59   158    91   322   200   462   118   126   425   211   265   409   226   504   307   572   653    27     0    90   319   404    85   719   287   618   802   187   467   423     0 
  264    90    81   393   339   168   389   135   134   162   354   204   398   140   160   348   163   289   325   214   413   296   507   563    77    90     0   307   351    90   645   197   533   711   189   394   503     0 
  491   259   286    94   600   420   196   374   174   406   163   122   265   431   443   585   465   124   528   521   514   603   351   661   337   319   307     0   636   385   866   377   516   773   492   636   463     0 
  187   437   419   729   413   385   740   399   474   396   705   551   608   315   330   145   194   639   214   214   387   185   697   467   377   404   351   636     0   322   349   291   586   619   258   138   817     0 
  287   133   109   466   250    93   436    82   213    94   405   272   487    50    71   357   131   345   353   142   470   225   597   613    58    85    90   385   322     0   647   255   608   766   107   396   497     0 
  386   735   724   959   761   723  1014   728   737   732   977   817   731   652   670   297   518   909   339   561   404   532   781   352   694   719   645   866   349   647     0   492   573   441   603   252  1142     0 
  117   275   276   471   488   348   525   325   251   347   487   328   318   293   317   209   201   419   153   293   217   349   414   366   271   287   197   377   291   255   492     0   362   515   300   260   690     0 
  409   583   595   581   850   698   711   667   508   694   676   554   262   651   675   446   561   622   371   652   201   699   245   232   609   618   533   516   586   608   573   362     0   276   662   477   955     0 
  497   782   787   847   977   859   964   840   728   860   928   789   534   799   823   479   678   867   434   762   298   781   519   157   786   802   711   773   619   766   441   515   276     0   786   482  1184     0 
  289   240   214   573   192   131   538   156   319   144   508   379   574    70    75   334   108   451   355    46   500   121   682   630   162   187   189   492   258   107   603   300   662   786     0   362   566     0 
  144   484   472   730   537   475   770   477   494   483   733   573   550   404   424    51   269   665   123   324   276   316   625   333   442   467   394   636   138   396   252   260   477   482   362     0   890     0 
  766   416   422   446   512   435   287   418   456   423   306   400   723   502   490   847   628   341   827   612   893   678   814  1047   448   423   503   463   817   497  1142   690   955  1184   566   890     0     0 
    0     0     0     0     0     0     0     0     0     0     0     0     0     0     0     0     0     0     0     0     0     0     0     0     0     0     0     0     0     0     0     0     0     0     0     0     0     0 
