DIMENSION: 37
N: 15
M: 10
K: 2

SERVICE: 
224 289 314 199 415 112 374 191 432 223 315 221 354 436 241 

DIST MATRIX: 
    0   742   447   468   373   571   391   650   387   211   553   427   461   412   202   739   473   587   219   750   615   639   639   295   828   824   898   282   320  1040   284   659   857   549   942   357   724     0 
  812     0   643   640   870   578   735   586   735   924   629   726   572   660   928   270   733   528   993   446   652   678   457   997   461   528   410   849   996   367   934   399   188   910   160   781   867     0 
   93   658     0   333   248   435   254   624   249    99   416   289   398   279    92   632   335   456   148   701   477   502   581   211   783   687   766   149   232   978   176   537   769   428   856   219   595     0 
  370   278   197     0   426   178   288   477   287   475   225   284   269   210   480   183   304   132   544   442   286   324   335   547   521   344   355   399   548   629   484    84   360   501   446   333   527     0 
  467   452   243   224     0   121   312   690   315   529   152   284   478   279   536   308   263   111   585   641   144   166   544   560   715   141   215   441   551   782   506   167   498   406   569   358   360     0 
  289   375    94    97   324     0   186   532   186   382   145   182   293   112   388   285   205    92   449   520   219   258   405   448   603   345   393   302   447   727   385   158   462   405   548   232   452     0 
  482   898   442   429   267   453     0  1018   378   403   402   356   762   452   412   788   320   505   390  1036   373   352   915   315  1120   559   693   369   290  1249   326   636   977   119  1059   355   227     0 
  607   145   545   558   755   561   621     0   618   736   607   633   279   538   737   296   668   515   806    65   670   707    97   839   137   680   626   690   848   304   778   413   208   869   259   654   911     0 
  544   938   489   474   329   487   427  1071     0   468   436   406   815   503   476   821   365   539   455  1083   397   371   963   379  1167   565   700   432   354  1288   391   669  1011   165  1091   412   213     0 
  143   591   344   367   352   466   314   513   309     0   460   352   310   306   217   593   404   473   272   603   532   562   490   336   683   721   779   248   356   890   296   526   705   532   790   296   685     0 
  322   780   316   310   109   364   234   871   237   246     0   227   615   317   255   687   209   413   245   900   317   313   777   175   985   538   659   209   152  1131   171   543   869   103   955   205   293     0 
  144   433   172   196   302   283   192   461   187   270   290     0   207   138   271   406   273   280   341   504   368   403   380   370   589   532   582   223   380   765   309   327   543   453   630   206   564     0 
  657    87   551   559   775   538   636   319   634   783   588   640     0   553   784   222   667   488   854   182   640   675   201   876   216   609   535   724   882   265   813   367    81   866   138   675   880     0 
  481   873   422   408   266   424   360  1004   365   412   373   339   748     0   421   759   298   476   407  1016   339   316   896   332  1100   520   654   370   308  1224   336   607   949    98  1029   347   187     0 
  338   843   382   379   154   444   293   908   295   234   395   294   655   376     0   759   286   491   208   949   403   400   825   131  1035   624   745   229   106  1192   159   618   936   179  1023   255   366     0 
  542   153   379   379   608   335   471   451   470   654   386   465   338   393   658     0   480   283   724   361   428   461   297   730   422   389   331   580   730   475   667   153   191   670   271   516   664     0 
  264   580   124   110   152   158    90   711    95   282   112    54   456   142   291   480     0   205   330   718   147   167   598   297   802   372   476   195   288   932   246   334   664   202   748   116   292     0 
  364   404   143   129   349    52   226   604   227   440   104   206   377   176   446   283   205     0   502   573   155   192   466   487   652   252   310   353   482   750   428   131   473   388   553   274   396     0 
  199   772   362   373   190   468   276   768   274    71   434   302   532   337    70   724   330   502     0   836   476   490   714    77   920   701   800   148   101  1105    87   607   878   346   967   229   531     0 
  638   210   594   609   798   619   666   150   663   767   662   680   304   585   767   361   718   573   836     0   727   766   124   873    86   744   691   727   884   296   813   475   262   919   300   697   968     0 
  398   557   196   171   293   110   224   750   228   429    78   188   511   232   438   428   147   155   476   727     0    39   617   439   807   227   342   342   427   901   392   276   620   262   697   261   241     0 
  426   593   232   207   302   149   250   790   255   448   116   213   550   267   456   461   167   192   490   766    39     0   656   448   844   224   348   362   433   935   404   310   653   247   729   283   205     0 
  516   173   474   490   674   508   544   155   540   645   549   559   183   463   645   297   598   466   714   124   617   656     0   750   209   659   624   603   761   400   690   382   272   799   339   573   856     0 
  238   792   355   361   147   448   264   816   263   115   408   281   572   337   120   730   297   487    77   873   439   448   750     0   958   666   773   152    25  1133    63   602   894   278   982   216   466     0 
  723   269   679   693   883   698   752   197   748   852   743   765   388   670   851   422   802   652   920    86   807   844   209   958     0   811   747   812   969   236   898   548   290  1003   304   782  1048     0 
  601   542   379   357   520   255   437   809   440   651   272   404   612   416   659   389   372   252   701   744   227   224   659   666   811     0   136   562   654   844   618   278   562   466   620   479   360     0 
  674   481   452   435   628   334   526   778   529   743   367   499   616   487   750   331   476   310   800   691   342   348   624   773   747   136     0   655   764   748   720   273   476   594   521   572   496     0 
  113   640   213   225   104   322   129   679   127    89   291   158   428   190    97   580   195   353   148   727   342   362   603   152   812   562   655     0   159   982    89   459   742   284   831    83   446     0 
  253   797   353   358   136   441   261   830   262   134   399   276   583   338   140   730   288   482   101   884   427   433   761    25   969   654   764   159     0  1140    71   600   898   255   986   215   444     0 
  907   352   815   824  1038   802   900   432   897  1035   852   905   582   816  1035   475   932   750  1105   296   901   935   400  1133   236   844   748   982  1140     0  1071   625   285  1131   227   938  1139     0 
  183   729   294   301   103   391   203   760   202    77   353   224   513   274    85   667   246   428    87   813   392   404   690    63   898   618   720    89    71  1071     0   541   831   266   919   155   448     0 
  444   286   247   242   472   183   339   532   339   540   235   327   345   270   546   153   334   131   607   475   276   310   382   602   548   278   273   459   600   625   541     0   344   519   423   386   514     0 
  686   115   555   559   783   524   644   398   643   807   576   644   406   562   810   191   664   473   878   262   620   653   272   894   290   562   476   742   898   285   831   344     0   858    88   686   855     0 
  392   779   325   311   181   336   263   906   267   338   284   241   650   338   347   670   202   388   346   919   262   247   799   278  1003   466   594   284   255  1131   266   519   858     0   941   252   190     0 
  774   200   641   645   870   605   731   447   730   896   657   730   487   650   898   271   748   553   967   300   697   729   339   982   304   620   521   831   986   227   919   423    88   941     0   774   929     0 
  153   590   139   146   101   239    48   666    47   172   208    75   410   124   180   516   116   274   229   697   261   283   573   216   782   479   572    83   215   938   155   386   686   252   774     0   389     0 
  542   798   402   380   351   350   379   984   384   514   307   345   736   429   524   664   292   396   531   968   241   205   856   466  1048   360   496   446   444  1139   448   514   855   190   929   389     0     0 
    0     0     0     0     0     0     0     0     0     0     0     0     0     0     0     0     0     0     0     0     0     0     0     0     0     0     0     0     0     0     0     0     0     0     0     0     0     0 
