DIMENSION: 37
N: 15
M: 10
K: 2

SERVICE: 
74 13 384 76 121 182 306 179 76 134 242 656 293 384 137 

DIST MATRIX: 
    0   704   759   535   159   667   335   535   638   419   494   263   702   588   224   647   308   621   748   510   688   890   440   728   346   580   303   464   661   377   526   776   356  1027   286   480  1115     0 
  724     0   219   439   666   300   520   262    99   430   476   515   209   148   473    80   687   392   148   190   175   492   483   107   412   122   569   479   242   336   230   309   489   333   690   502   447     0 
 1056   323     0   687   988   525   821   544   396   720   759   831   425   451   804   384  1004   633   337   518   411   587   780   332   725   452   887   770   480   660   542   459   803    62   995   765   229     0 
  668   409   622     0   487   654   280   179   316   187   708   342   594   280   429   335   775   706   557   324   559   885   682   517   272   404   675   693   602   304   492   703   633   668   432   156   822     0 
  300   781   893   473     0   829   280   553   696   387   699   262   840   641   340   710   543   805   864   588   818  1068   646   836   367   679   525   670   809   441   663   930   561  1105   120   396  1220     0 
  832   425   197   815   889     0   822   635   501   765   380   780   215   529   670   483   666   228   271   501   250    77   428   310   703   407   577   406   215   612   358   107   499   477   962   859   427     0 
  108   698   763   508   124   677     0   519   629   394   514   238   707   577   216   638   340   636   749   502   691   904   460   727   326   577   328   484   668   365   529   784   375  1023   251   451  1115     0 
  515   440   619    85   333   616   127     0   343    37   616   188   580   292   289   361   641   646   566   288   548   860   582   529   135   386   550   597   573   200   440   687   521   742   291    72   880     0 
  609   168   356   280   516   386   356    99     0   264   480   359   325    21   346    91   626   448   297    82   290   615   468   257   254   135   510   472   333   193   237   434   444   486   528   338   611     0 
  528   552   733   139   313   725   130   291   455     0   705   212   692   405   346   474   691   748   680   401   661   970   667   642   215   499   614   684   684   298   547   799   598   848   230    56   990     0 
  408   340   366   436   417   291   368   302   307   343     0   313   310   276   198   306   366   284   355   183   294   533   216   339   257   206   249   226   273   176   132   392   180   648   492   447   723     0 
  465   735   625   866   655   482   735   752   737   756   247     0   579   717   516   731   214   376   666   628   592   576   242   676   658   615   249   243   523   606   495   574   276   972   778   855   978     0 
  964   461   249   884  1005   302   918   703   551   850   520   884     0   590   785   532   806   366   309   582   322   148   567   350   799   483   715   545   316   709   463   196   634   411  1069   938   319     0 
  922   235   190   668   893   332   756   496   332   667   574   746   238     0   688   314   836   440   161   419   234   393   602   176   645   329   723   589   293   565   386   258   637   160   925   736   214     0 
  264   486   503   488   327   405   356   400   443   375   255   280   446   404     0   446   242   363   500   312   434   631   205   486   277   353   139   227   402   236   274   514   123   796   430   473   867     0 
  682    79   290   359   604   350   447   182    19   354   490   449   270    71   423     0   672   429   223   138   235   560   489   182   344   117   555   488   293   276   238   376   480   395   619   423   521     0 
  251   700   656   721   451   527   561   642   673   603   287   479   602   639   351   672     0   441   676   546   603   694   242   673   507   567   118   262   548   477   463   635   201   986   577   694  1028     0 
  607   405   250   692   684   108   651   527   442   616   154   596   210   446   470   429   441     0   301   382   231   269   201   319   537   318   349   179   158   451   214   201   272   599   772   718   604     0 
  763   156    74   576   748   194   630   395   242   551   422   609    91   282   537   223   676   301     0   287    75   347   445    41   513   188   562   434   144   427   226   168   476   311   792   633   368     0 
  544   197   333   317   477   334   343   145   132   268   401   328   291    93   286   138   546   382   287     0   260   574   387   253   228   100   430   392   287   147   168   399   362   523   507   359   632     0 
  699   187    76   568   699   129   597   387   252   528   347   568    35   280   483   235   603   231    75   260     0   326   371    88   479   162   490   359    73   389   162   144   404   386   752   617   433     0 
  876   501   273   890   947   247   890   710   578   836   412   844   291   605   729   560   694   269   347   574   326     0   464   386   771   482   614   440   287   680   426   183   540   534  1025   932   463     0 
  416   497   418   648   530   285   550   517   494   547    55   479   365   475   338   489   242   201   445   387   371   464     0   448   453   373   150    25   310   385   254   393    85   756   635   650   788     0 
  746   115   113   537   721   217   596   356   201   514   430   578   115   242   513   182   673   319    41   253    88   386   448     0   481   157   557   439   161   396   214   205   472   313   760   595   388     0 
  402   416   554   214   265   524   119   195   330    98   490   106   507   274   157   344   507   537   513   228   479   771   453   481     0   325   415   469   489    91   345   608   388   739   280   198   858     0 
  605   133   234   408   565   251   442   228   126   367   373   422   195   130   361   117   567   318   188   100   162   482   373   157   325     0   449   372   198   240   121   303   370   448   604   456   543     0 
  270   581   547   627   418   424   487   533   555   513   203   407   492   523   268   555   118   349   562   430   490   614   150   557   415   449     0   174   439   373   345   535    86   871   535   610   919     0 
  440   492   403   661   553   267   568   525   495   562    30   499   352   479   358   488   262   179   434   392   359   440    25   439   469   372   174     0   296   399   252   374   109   744   657   666   771     0 
  665   255   109   603   689    58   608   425   308   550   281   570    56   326   470   293   548   158   144   287    73   287   310   161   489   198   439   296     0   398   147   121   353   450   754   645   480     0 
  421   342   465   263   330   433   210   169   265   167   417   182   416   213   157   276   477   451   427   147   389   680   385   396    91   240   373   399   398     0   254   517   330   668   364   271   779     0 
  538   243   234   481   543   179   464   313   246   413   252   423   178   239   325   238   463   214   226   168   162   426   254   214   345   121   345   252   147   254     0   268   262   527   607   512   593     0 
  775   319    94   711   809   111   727   530   394   665   352   690   109   423   590   376   635   201   168   399   144   183   393   205   608   303   535   374   121   517   268     0   451   416   874   757   404     0 
  336   501   461   592   445   340   476   478   482   484   139   402   405   455   260   480   201   272   476   362   404   540    85   472   388   370    86   109   353   330   262   451     0   785   552   586   833     0 
 1052   326   349   717   998   491   840   565   409   741   731   844   394   465   806   395   986   599   311   523   386   534   756   313   739   448   871   744   450   668   527   416   785     0  1013   794   171     0 
  359   694   828   356   128   780   174   452   604   279   684   184   778   549   303   619   577   772   792   507   752  1025   635   760   280   604   535   657   754   364   607   874   552  1013     0   277  1137     0 
  548   501   688    83   346   688   145   240   404   104   686   223   650   355   344   423   694   718   633   359   617   932   650   595   198   456   610   666   645   271   512   757   586   794   277     0   937     0 
 1130   444   372   865  1107   504   967   701   538   874   752   960   428   592   901   521  1028   604   368   632   433   463   788   388   858   543   919   771   480   779   593   404   833   171  1137   937     0     0 
    0     0     0     0     0     0     0     0     0     0     0     0     0     0     0     0     0     0     0     0     0     0     0     0     0     0     0     0     0     0     0     0     0     0     0     0     0     0 
