DIMENSION: 27
N: 15
M: 5
K: 2

SERVICE: 
74 705 379 27 260 128 387 104 67 334 122 301 326 101 97 

DIST MATRIX: 
    0   422   412   659   512   429   703   426   426   435   665   505   483   360   381   183   371   236   309   735   322   536   580   505   542    71    84     0 
  397     0   688   979   647   652  1005   668   733   663   969   812   804   584   596   252   245   397   581  1025   378   540   864   670   654   256   316     0 
   87   392     0   656   451   380   685   382   410   387   648   489   511   309   329   133   409   172   272   710   260   595   552   447   480    96    22     0 
  606   361   388     0   692   516   176   471   285   501   163   221   324   535   545   782  1021   678   466   263   786  1050   283   633   739   750   688     0 
  221   237   215   558     0   174   543   185   299   184   510   368   525   104   122   233   613    97   118   549   203   798   389   245   298   302   199     0 
  410   289   262   618    72     0   551   174   384   143   528   427   670   133   112   361   772   222   236   527   234   980   387    67   116   474   371     0 
  541   437   462   230   781   599     0   555   339   587   364   323   139   592   609   749   899   681   497   473   800   876   438   729   830   674   641     0 
  276    94    76   417   303   133   400     0   161   128   367   225   434   105   124   367   711   241    32   412   343   855   252   260   350   399   304     0 
  332   161   182   255   497   316   310   273     0   306   272   119   250   305   323   506   761   411   212   362   526   834   238   447   545   476   411     0 
  131   360   344   649   384   325   662   333   394     0   627   472   538   254   272   110   463   104   236   680   198   662   520   383   412   155    52     0 
  470   175   201   161   505   328   160   283   119   313     0    40   342   349   358   619   906   502   289   214   605   984   123   447   553   613   536     0 
  292   162   137   496   224    85   461    90   244    91   431     0   516    22    46   327   704   186    81   460   271   876   302   189   270   391   289     0 
  735   717   741   500  1055   876   659   833   619   865   641   610     0   859   879   954   993   917   759   746  1036   880   726  1007  1104   844   841     0 
  272   100    81   423   300   132   406   104   166   128   373   231   437     0   121   362   706   235    27   418   337   852   257   258   347   394   299     0 
  349   281   254   615   131   139   566   178   368   155   539   421   636   108     0   298   708   157   202   551   184   916   401   131   167   409   306     0 
  219   461   442   758   414   400   766   417   502   412   731   579   640   332   345     0   415   146   336   779   166   654   618   429   431   157   113     0 
  441   793   783  1004   829   787  1066   791   790   795  1029   869   761   716   735   415     0   550   679  1104   575   299   950   839   846   313   415     0 
  223   334   312   652   283   255   640   275   392   267   607   464   592   188   199   146   550     0   214   645   120   763   485   288   309   254   155     0 
  246   125   108   440   305   147   430   126   181   146   396   250   435   103   126   336   679   214     0   444   320   827   284   267   351   367   272     0 
  663   320   337   247   550   412    87   377   317   397   111   244   538   463   461   779  1104   645   444     0   727  1197   160   491   592   800   713     0 
  329   432   407   760   270   317   733   349   501   332   702   567   712   265   266   166   575   120   320   727     0   820   572   300   277   317   239     0 
  584   918   916  1040  1045   961  1140   951   883   965  1103   953   740   893   915   654   299   763   827  1197   820     0  1060  1042  1072   510   610     0 
  509   160   176   257   422   263   165   224   179   248   142   128   461   307   308   618   950   485   284   160   572  1060     0   362   468   643   554     0 
  466   292   267   606    60   131   524   174   390   142   504   421   691   167   143   429   839   288   267   491   300  1042   362     0   106   538   434     0 
  515   394   368   712    49   231   629   276   491   244   610   526   784   248   227   431   846   309   351   592   277  1072   468   106     0   562   463     0 
  144   484   472   730   537   475   770   477   494   483   733   573   550   404   424   157   313   254   367   800   317   510   643   538   562     0   104     0 
  106   394   380   666   436   372   690   377   417   380   654   496   529   301   320   113   415   155   272   713   239   610   554   434   463   104     0     0 
    0     0     0     0     0     0     0     0     0     0     0     0     0     0     0     0     0     0     0     0     0     0     0     0     0     0     0     0 
