DIMENSION: 37
N: 15
M: 10
K: 2

SERVICE: 
318 395 85 77 343 324 256 452 281 175 189 141 456 68 131 

DIST MATRIX: 
    0   749   926   534   432  1059   702   888   872   282   406   688   324   810   575   373   405   138   654   419  1004   727   374   749   497   479   443   142   761   391  1008   417   401   859   692   545   759     0 
  449     0   407   142   203   615   273   375   402   272   232   382   323   397   106   262   299   489   421   125   557   438   148   273    49   288   480   530   484   312   562   596   351   384   240   191   502     0 
  732   415     0   364   473   427   305    94   240   590   507   458   614   341   293   551   568   809   538   437   377   500   473   207   353   513   731   850   534   579   382   859   609   224   257   382   578     0 
  467   495   479     0   256   716   248   457   500   198   276   476   344   500   208   164   197   416   507   158   657   532   139   373   132   353   378   457   578   353   662   621   393   483   342   280   429     0 
  564   137   296   456     0   290   500   228   109   585   371   191   472    71   232   594   633   783   277   371   233   224   428    84   320   327   814   823   255   415   238   658   432   104    95   228   777     0 
  508    46   469   578   358     0   654   400   253   643   375    85   451   125   335   679   726   814   148   426   285    67   485   254   408   294   905   851    82   384   287   564   384   259   230   268   923     0 
  913   864   592   379   705   958     0   625   758   561   728   872   793   825   594   459   421   714   925   609   907   927   588   671   559   797   451   742   971   805   911  1068   845   740   681   698    93     0 
  993   782   395   470   744   772   297     0   611   717   775   815   867   713   580   631   614   913   888   668   731   862   674   571   591   815   707   948   900   855   735  1140   892   596   607   690   390     0 
  621   164   506   690   485   254   749   441     0   769   501   210   574   179   449   801   847   940   253   552   236   173   611   334   528   419  1027   978   149   506   236   660   503   293   329   392  1024     0 
  315   431   549   229   125   706   396   509   505     0   134   392   191   465   198   223   276   368   401    45   649   445    19   377   119   224   446   409   488   204   653   468   244   490   326   202   574     0 
  123   381   719   537   216   709   691   658   573   431     0   309   143   469   382   517   571   514   247   307   663   329   331   484   370   150   717   543   353   110   666   197    71   567   422   282   888     0 
  303   201   522   433   142   523   558   459   372   434   152     0   227   276   218   487   539   590   136   230   473   186   284   284   248    71   711   627   227   162   477   398   171   365   222   108   796     0 
  549   133   303   445   326   306   493   235   124   569   355   182     0    80   217   580   620   767   267   355   250   218   413    81   305   311   801   807   252   399   254   644   416   118    81   211   769     0 
  616   162   278   496   397   238   525   209    63   636   426   228   526     0   280   641   679   836   313   424   181   251   481   113   369   379   859   877   274   468   185   706   484    66   144   282   805     0 
  439   418   434   128   202   644   275   403   430   244   228   401   313   424     0   233   272   461   435   114   586   457   127   302    57   293   453   502   502   308   591   588   348   413   267   206   491     0 
  480   638   636   190   348   877   338   618   663   103   354   608   376   655   363     0    55   283   623   257   819   662   204   535   276   446   226   320   707   412   824   634   449   645   499   411   404     0 
  533   684   654   204   401   913   330   641   697   152   408   657   431   696   403    55     0   301   675   308   854   712   257   570   320   500   181   335   757   467   859   686   504   679   539   460   359     0 
  418   782   893   466   456  1073   622   863   873   219   439   730   385   830   564   283   301     0   712   413  1017   776   357   745   478   526   308    41   815   449  1021   538   469   857   694   562   641     0 
  368   155   569   563   277   472   674   501   376   568   281    86   332   254   332   623   675   712     0   367   432    83   420   332   378   187   847   747   108   264   435   415   254   377   283   230   923     0 
  325   388   512   230    99   661   388   470   461   219   119   352   199   421   156   257   308   413   367     0   604   406    59   334    85   198   483   453   450   197   609   474   237   446   282   159   586     0 
  775   283   335   664   573    58   667   285   160   816   600   356   696   197   460   819   854  1017   432   604     0   352   661   285   549   542  1034  1057   354   634     5   846   644   178   324   459   947     0 
  450    88   520   579   327   390   672   451   313   618   338    56   403   186   338   662   712   776    83   406   352     0   463   293   401   250   888   812    46   335   354   498   331   316   256   253   933     0 
  328   448   552   216   145   719   385   514   515   159   153   410   206   480   207   204   257   357   420    59   661   463     0   387   124   243   427   398   507   222   666   482   261   500   338   219   557     0 
  572   211   241   384   328   343   417   176   129   537   361   251   467   155   181   535   570   745   332   334   285   293   387     0   269   337   750   785   329   418   289   682   441   113    63   217   695     0 
  404   365   430   185   154   607   322   391   398   268   184   345   279   378    89   276   320   478   378    85   549   401   124   269     0   239   501   519   446   264   554   549   303   382   226   149   547     0 
  238   272   569   420    99   593   561   510   435   383    95   209   157   345   235   446   500   526   187   198   542   250   243   337   239     0   666   562   289    92   546   347   105   427   274   131   781     0 
  656   864   816   374   570  1092   459   810   875   287   571   834   574   877   585   226   181   308   847   483  1034   888   427   750   501   666     0   323   933   621  1039   801   654   857   720   638   365     0 
  442   821   934   505   495  1114   658   904   913   260   476   768   418   869   605   320   335    41   747   453  1057   812   398   785   519   562   323     0   851   483  1061   555   501   898   735   601   666     0 
  475   119   549   625   369   386   715   480   335   661   379   102   438   207   384   707   757   815   108   450   354    46   507   329   446   289   933   851     0   370   355   511   362   340   297   299   978     0 
  155   363   642   427   112   685   583   586   522   334    81   298    68   436   289   412   467   449   264   197   634   335   222   418   264    92   621   483   370     0   637   286    40   513   355   202   778     0 
  778   285   340   669   577    53   672   290   165   821   604   359   699   201   465   824   859  1021   435   609     5   354   666   289   554   546  1039  1061   355   637     0   848   647   183   329   463   952     0 
  156   564   916   697   398   888   862   856   767   535   366   490   277   657   573   634   686   538   415   474   846   498   482   682   549   347   801   555   511   286   848     0   251   762   619   477  1029     0 
  133   368   670   466   149   693   623   612   540   367   120   299    85   447   322   449   504   469   254   237   644   331   261   441   303   105   654   501   362    40   647   251     0   532   378   229   818     0 
  665   228   215   487   433   236   494   147    19   650   464   291   568   133   294   645   679   857   377   446   178   316   500   113   382   427   857   898   340   513   183   762   532     0   167   319   775     0 
  509   184   300   365   267   382   424   237   180   492   299   208   405   159   137   499   539   694   283   282   324   256   338    63   226   274   720   735   297   355   329   619   378   167     0   154   696     0 
  357   229   441   333   115   515   451   384   330   378   145   198   251   268   110   411   460   562   230   159   459   253   219   217   149   131   638   601   299   202   463   477   229   319   154     0   693     0 
  874   877   646   362   685  1000   281   671   793   507   704   877   759   848   595   404   359   641   923   586   947   933   557   695   547   781   365   666   978   778   952  1029   818   775   696   693     0     0 
    0     0     0     0     0     0     0     0     0     0     0     0     0     0     0     0     0     0     0     0     0     0     0     0     0     0     0     0     0     0     0     0     0     0     0     0     0     0 
