DIMENSION: 37
N: 15
M: 10
K: 2

SERVICE: 
278 62 567 203 365 122 430 140 299 30 314 161 210 118 343 

DIST MATRIX: 
    0   395   533   387   566   478   529   702   530   729    93   655   423   562   529   557   690   312   553   448   640   650   489   140   251   535   648   789   205   536   569   557   191   291   398   355   157     0 
  101     0   436    69   718   543   209   700   703   705   380   654   480   429   405   214   550   364   196   226   283   335   380   268   587   380   794   985   465   191   253   240   493   501   744   716   494     0 
  365   261     0   260   935   742   223   840   931   830   657   800   686   535   527   166   616   594   122   318    95   200   521   543   864   485  1003  1207   733   129   231   179   767   757  1021   992   771     0 
  273   318   705     0   978   812   412   972   959   975   577   926   749   692   671   378   805   627   327    72   373   160   649   487   771   641  1057  1240   683   180   446   117   696   739   916   835   675     0 
  476   397    59   510     0   168   376   260   378   267   422   214   143   111    91   433   208   187   477   665   528   744    78   368   542   134   419   629   387   589   379   659   445   333   672   762   496     0 
  533   462   110   572   310     0   443   199   328   213   444   152   123   160   149   500   220   212   544   726   594   811   144   405   539   195   358   568   392   655   445   725   449   325   659   764   505     0 
  424   396   204   487   300   127     0   334   293   359   287   287    63   251   222   485   356    66   517   630   585   751   189   261   393   254   373   571   239   598   448   658   297   186   525   614   350     0 
  771   670   287   790   437   340   601     0   478    94   706   163   374   295   316   653   202   476   706   948   728   991   344   666   783   346   436   617   646   841   584   916   702   569   884  1011   760     0 
  418   464   405   513   334   273   552   501     0   535   139   458   234   449   418   597   559   179   614   622   695   792   380   204   191   443   416   565    38   652   581   695    95    59   333   411   153     0 
  746   666   282   781   316   248   624    21   359     0   634    65   297   310   321   680   266   415   729   936   765  1007   336   611   686   361   313   499   559   853   616   925   612   476   776   914   673     0 
  118    86   369   151   632   460   219   625   618   633     0   578   396   369   342   244   496   279   244   300   331   420   312   199   520   323   709   900   388   272   261   325   422   419   677   667   429     0 
  772   725   375   828   173   222   715   153   222   197   592     0   286   418   416   772   413   414   816   976   865  1078   416   601   594   461   148   334   496   923   716   989   541   406   658   816   603     0 
  546   451    64   568   394   213   403   215   416   209   507   177     0    91   100   459   131   272   507   726   546   786   120   451   621   140   434   644   469   632   396   706   526   409   746   843   579     0 
  403   322    89   434   415   217   311   335   420   341   382   289   171     0    85   368   244   157   409   590   465   671    46   312   526   109   476   684   367   516   319   585   424   329   666   737   468     0 
  789   696   309   814   399   324   636   104   442    62   702   139   366   325     0   690   246   477   741   972   768  1025   366   671   765   377   391   567   634   873   622   948   689   553   859   994   749     0 
  315   164   401   240   778   583    57   674   777   665   553   635   530   370   361     0   457   449    54   369   100   341   356   438   755   319   843  1050   612   203    72   280   653   622   912   911   668     0 
  614   493   158   615   509   341   406   270   536   241   624   251   340   131   164   457     0   392   510   772   528   796   203   555   749   173   538   743   595   650   386   727   653   538   876   969   703     0 
  361   345   234   429   354   192   398   398   341   421   235   351   129   273   241   449   392     0   476   568   549   697   203   196   369   264   430   622   210   546   420   603   267   182   512   581   313     0 
  295   159   448   208   814   621   105   722   810   714   558   682   565   419   409    54   510   476     0   323    88   287   401   443   763   368   881  1086   626   150   126   226   663   643   921   908   673     0 
  209   279   662   158   917   756   394   924   896   930   506   878   692   654   631   369   772   568   323     0   383   221   606   419   699   604   996  1176   614   191   432   152   625   673   845   765   604     0 
  381   246   491   288   877   681   155   761   877   748   644   723   629   455   451   100   528   549    88   383     0   294   450   529   849   407   941  1148   708   194   150   260   748   721  1006   996   759     0 
  379   356   724   278  1050   869   391   999  1038   994   694   956   808   701   686   341   796   697   287   221   294     0   672   591   896   649  1125  1319   791   156   413    97   812   835  1047   981   800     0 
  427   331    57   448   440   241   299   327   449   326   426   284   204    74    40   356   203   203   401   606   450   672     0   353   571    66   496   706   412   518   301   589   469   373   711   783   514     0 
  215   285   400   313   510   382   404   594   484   616   115   546   321   426   393   438   555   196   443   419   529   591   353     0   321   397   592   761   200   457   441   495   225   254   479   478   231     0 
  518   606   596   625   435   444   716   665   388   703   207   626   417   640   609   755   749   369   763   699   849   896   571   321     0   633   507   597   159   773   749   801   106   215   157   228    96     0 
  441   325    86   446   499   302   263   355   511   346   479   316   269    52    45   319   173   264   368   604   407   649    66   397   633     0   552   762   474   497   257   571   530   438   774   841   572     0 
  787   769   468   859    82   261   787   297   121   342   555   293   318   517   507   843   538   430   881   996   941  1125   496   592   507   552     0   211   445   971   795  1032   478   357   543   717   538     0 
  968   966   678  1048   272   468   993   487   282   529   701   493   520   727   718  1050   743   622  1086  1176  1148  1319   706   761   597   762   211     0   585  1168  1003  1225   602   509   575   768   655     0 
  414   472   440   513   364   311   569   539   326   573   116   497   272   482   451   612   595   210   626   614   708   791   412   200   159   474   445   585     0   655   600   694    58    91   308   375   115     0 
  258   202   570   149   898   714   246   844   887   841   566   801   654   549   533   203   650   546   150   191   194   156   518   457   773   497   971  1168   655     0   275    77   682   691   928   883   678     0 
  351   195   342   293   734   536    44   611   736   599   554   573   487   306   301    72   386   420   126   432   150   413   301   441   749   257   795  1003   600   275     0   351   645   599   905   919   667     0 
  284   265   643   182   956   778   322   916   943   914   598   872   716   623   606   280   727   603   226   152   260    97   589   495   801   571  1032  1225   694    77   351     0   716   738   954   894   706     0 
  433   507   497   536   399   365   612   592   357   627   119   550   329   539   508   653   653   267   663   625   748   812   469   225   106   530   478   602    58   682   645   716     0   137   260   317    63     0 
  466   498   389   557   275   230   574   456   240   492   198   415   202   437   408   622   538   182   643   673   721   835   373   254   215   438   357   509    91   691   599   738   137     0   340   443   200     0 
  672   763   729   779   486   550   872   755   437   797   364   722   537   776   747   912   876   512   921   845  1006  1047   711   479   157   774   543   575   308   928   905   954   260   340     0   195   250     0 
  627   750   813   735   651   672   881   893   602   932   370   855   643   854   822   911   969   581   908   765   996   981   783   478   228   841   717   768   375   883   919   894   317   443   195     0   269     0 
  423   515   546   530   460   425   631   653   417   688   115   611   386   586   553   668   703   313   673   604   759   800   514   231    96   572   538   655   115   678   667   706    63   200   250   269     0     0 
    0     0     0     0     0     0     0     0     0     0     0     0     0     0     0     0     0     0     0     0     0     0     0     0     0     0     0     0     0     0     0     0     0     0     0     0     0     0 
