DIMENSION: 37
N: 15
M: 10
K: 2

SERVICE: 
99 251 65 260 150 184 221 136 204 170 220 144 383 196 317 

DIST MATRIX: 
    0   591   820   359   624   537   600   388   678   584   624  1207   428   390   699   482  1028   618   356   602   427   505   792   369   824   518   916   777   482   748   581   421   830   106  1101   178    71     0 
  286     0   465     1   305   272   262    86   331   229   318   887   110   291   420   278   671   270    57   329    79   290   434    97   552   229   560   419   124   463   240   113   474   330   827   242   359     0 
  786   321     0   501   311   433   287   482   207   276   335   499   444   665   381   520   169   283   508   404   434   546    83   506   425   409    67   107   379   371   298   470    42   818   577   732   859     0 
  522    28   285     0   296   365   229   286   227   143   326   765   264   372   432   427   452    11   293   383   225   259   212   313   542   317   360   190   151   455   215   190   282   590   779   458   594     0 
  674   465   325   432     0   173   217   354   232   304   124   509   322   712    13   234   507   441   393   108   359   660   395   360   121   205   398   407   375    43   236   492   348   627   400   658   740     0 
  323   319   461   109   253     0   233    35   313   238   256   839    65   395   344   172   676   327    51   247    97   397   453    11   475   152   560   444   170   391   215   216   475   312   754   303   391     0 
  328   298   447    94   246   187     0    14   300   220   251   833    49   384   344   184   660   307    40   248    76   380   435    13   475   150   545   426   149   390   202   198   460   326   754   303   398     0 
  201   331   551    88   376   319   341     0   413   315   384   962   173   280   478   301   758   353    98   381   159   321   521   129   609   284   647   507   211   524   319   172   561   247   888   169   274     0 
  590   407   329   349    98    89   161   270     0   247    67   586   239   633    75   160   531   388   308    24   278   588   381   275   206   120   416   388   301   123   175   415   351   547   485   573   656     0 
  575    73   258   313   316   397   251   336   231     0   347   741   311   413   446   465   408    45   345   408   275   290   173   363   548   352   323   150   202   464   241   243   252   644   772   510   647     0 
  368   251   395    99   209   177   174    42   250   166     0   795    16   384   322   200   608   257    72   231    35   360   381    67   453   132   493   372   101   365   154   178   407   378   729   334   440     0 
 1114   802   511   856   550   614   601   787   557   668   539     0   751  1113   451   673   516   767   825   549   778  1029   610   797   330   640   493   634   770   403   624   890   525  1068   102  1092  1181     0 
  186   594   780   346   561   459   551   345   632   553   556  1131     0   465   617   391   995   614   322   522   397   557   767   321   734   450   879   756   463   666   534   435   794    26  1007   253   194     0 
  180   512   803   366   672   626   626   440   686   576   684  1250   473     0   783   603   988   548   401   688   444   339   746   435   914   589   890   726   465   828   603   356   807   338  1192   145   185     0 
  397   213   358   115   194   189   147    84   218   125   210   772    54   383     0   228   569   216   107   234    37   343   340   110   448   139   455   330    65   358   125   165   369   417   719   357   470     0 
  461   435   460   279   211    88   240   192   315   299   192   742   184   567   228     0   672   429   223   138   235   560   489   182   344   117   555   488   293   276   238   376   480   395   619   460   521     0 
  954   478   216   670   461   584   449   649   367   444   481   430   612   821   501   672     0   441   676   546   603   694   242   673   507   567   118   262   548   477   463   635   201   986   577   899  1028     0 
  532    38   275   269   294   366   227   293   221   142   324   755   270   383   428   429   441     0   301   382   231   269   201   319   537   318   349   179   158   451   214   201   272   599   772   469   604     0 
  296   288   465    58   278   226   246    39   322   232   286   865    75   344   382   223   676   301     0   287    75   347   445    41   513   188   562   434   144   427   226   168   476   311   792   267   368     0 
  566   399   341   329   100    65   157   248   209   241    70   609   219   614    98   138   546   382   287     0   260   574   387   253   228   100   430   392   287   147   168   399   362   523   507   550   632     0 
  361   223   393    78   228   209   184    62   254   158   242   809    51   354   347   235   603   231    75   260     0   326   371    88   479   162   490   359    73   389   162   144   404   386   752   320   433     0 
  406   231   544   289   512   532   447   370   473   366   536  1024   376   144   647   560   694   269   347   574   326     0   464   386   771   482   614   440   287   680   426   183   540   534  1025   327   463     0 
  714   238   100   433   288   404   249   423   178   215   317   576   388   583   385   489   242   201   445   387   371   464     0   448   453   373   150    25   310   385   254   393    85   756   635   657   788     0 
  319   310   459    98   255   191   232    27   312   233   259   842    61   385   350   182   673   319    41   253    88   386   448     0   481   157   557   439   161   396   214   205   472   313   760   297   388     0 
  793   565   365   552   260   292   324   475   317   408   238   413   443   830   132   344   507   537   513   228   479   771   453   481     0   325   415   469   489    91   345   608   388   739   280   778   858     0 
  475   328   352   229   112    50   124   149   203   183   107   689   119   516   194   117   567   318   188   100   162   482   373   157   325     0   449   372   198   240   121   303   370   448   604   454   543     0 
  846   387    99   560   343   467   331   534   249   332   364   438   496   732   392   555   118   349   562   430   490   614   150   557   415   449     0   174   439   373   345   535    86   871   535   794   919     0 
  698   216   123   418   293   406   248   413   183   207   322   600   379   561   396   488   262   179   434   392   359   440    25   439   469   372   174     0   296   399   252   374   109   744   657   640   771     0 
  407   150   346   123   229   249   170   135   222   112   251   788   116   344   362   293   548   158   144   287    73   287   310   161   489   198   439   296     0   398   147   121   353   450   754   356   480     0 
  712   477   307   464   169   212   234   388   234   318   148   466   355   739    49   276   477   451   427   147   389   680   385   396    91   240   373   399   398     0   254   517   330   668   364   693   779     0 
  521   233   247   240    86   160    23   193    98    72   114   648   154   492   223   238   463   214   226   168   162   426   254   214   345   121   345   252   147   254     0   268   262   527   607   482   593     0 
  333   171   447   112   349   352   291   187   338   225   370   904   193   224   479   376   635   201   168   399   144   183   393   205   608   303   535   374   121   517   268     0   451   416   874   268   404     0 
  759   310    23   473   269   392   249   449   168   246   294   492   411   653   339   480   201   272   476   362   404   540    85   472   388   370    86   109   353   330   262   451     0   785   552   708   833     0 
  160   578   772   331   558   459   544   336   625   543   554  1132   375   440   619   395   986   599   311   523   386   534   756   313   739   448   871   744   450   668   527   416   785     0  1013   227   171     0 
 1073   805   535   828   526   571   584   753   553   659   510   245   720  1098   410   619   577   772   792   507   752  1025   635   760   280   604   535   657   754   364   607   874   552  1013     0  1057  1137     0 
   79   438   701   242   544   487   504   305   572   467   553  1129   341   216   647   460   899   469   267   550   320   327   657   297   778   454   794   640   356   693   482   268   708   227  1057     0   140     0 
   73   575   824   360   644   567   614   404   687   588   647  1230   442   339   730   521  1028   604   368   632   433   463   788   388   858   543   919   771   480   779   593   404   833   171  1137   140     0     0 
    0     0     0     0     0     0     0     0     0     0     0     0     0     0     0     0     0     0     0     0     0     0     0     0     0     0     0     0     0     0     0     0     0     0     0     0     0     0 
