DIMENSION: 37
N: 15
M: 10
K: 2

SERVICE: 
318 231 131 268 316 143 335 279 175 130 185 104 300 207 356 

DIST MATRIX: 
    0   107   344   338   247   223   118   192   544   698   234   471   188   449   313   498   442   227   473   475   552   442   561   244   369   504   655   376   185   420   130   441   178   176   439   474   352     0 
  366     0   444   446   351   310   229   325   665   718   307   604   308   592   422   641   425   342   616   406   517   329   689   365   296   645   770   494   327   421   264   324   253   279   437   394   333     0 
  486   245     0   418    42    72   271   254   335   864   105   283   287   350   396   375   643    12   364   690   757   653   361    40   585   354   681   164   179   612   225   650   347    56   632   690   315     0 
  462   406   507     0   484   525   415   312   471   703   558   358   338   138   276   182   657   449   150   792   766   853   429   424   725   250   272   439   321   602   372   860   433   489   619   814   765     0 
  490   340   326   322     0   364   358   260   301   806   396   186   302    58   315    96   687   285    74   793   804   816   272   257   707   122   452   254   221   638   300   819   407   339   658   807   607     0 
  571   337    60   475    90     0   363   324   230   942   167   195   363   324   456   330   738    95   330   794   855   759   262    80   689   292   700    58   244   704   311   756   438   158   725   795   365     0 
  332   353   653   491   557   522     0   437   862   592   521   787   402   729   474   787   279   543   755   201   338   125   878   561   101   805   798   693   475   303   392   127   303   484   310   181   534     0 
  516   354   301   353   300   350   373     0   267   838   382   152   322    81   345    96   711   272    87   814   829   830   239   243   725   100   484   226   231   664   314   833   427   330   684   826   592     0 
  851   620   252   737   349   383   646   600     0  1217   388   278   642   497   722   465  1021   371   488  1072  1137  1022   233   362   965   398   907   242   521   987   592  1017   721   422  1007  1069   500     0 
  421   659  1034   563   944   935   634   672  1162     0   951  1054   630   885   571   951   288   913   911   378   222   551  1149   915   453  1003   665  1030   751   299   682   569   558   884   280   416  1044     0 
  723   486   216   686   235   211   508   520   419  1105     0   443   545   594   664   600   847   273   601   850   951   761   473   293   740   556   953   301   450   828   478   752   580   263   847   838   168     0 
  718   504   203   584   281   331   529   464    38  1069   350     0   509   324   571   291   900   285   314   972  1019   948    87   264   870   225   733   134   389   861   470   946   599   350   881   976   523     0 
  365   379   577   179   532   564   379   291   582   572   596   467     0   251   197   307   551   495   271   698   655   779   547   475   644   372   186   522   332   495   354   788   374   520   510   724   792     0 
  316   176   358   175   299   325   189    85   439   657   356   330   124     0   159   268   510   260   234   615   628   645   426   245   531   300   425   324    92   463   139   649   229   280   483   629   551     0 
  435   562   820   332   768   793   553   493   828   442   823   714   483   495     0   544   561   729   511   727   632   852   790   713   709   612   112   769   554   508   549   865   516   745   515   761  1006     0 
  570   435   384   390   393   444   452   352   294   863   476   189   393    66   388     0   768   367    39   882   884   911   248   338   799    69   451   302   317   718   396   914   498   425   737   897   686     0 
  198   401   774   389   680   664   375   440   932   312   676   833   395   702   385   768     0   652   730   166   119   315   930   659   185   808   623   784   511    56   431   332   302   614    46   203   757     0 
  493   254   122   421    38    78   279   259   323   871   111   271   293   343   400   367   652     0   357   701   767   664   349    30   596   344   680   152   182   621   232   661   356    67   641   701   321     0 
  532   404   387   351   386   435   421   319   321   824   467   210   358    28   349    39   730   357     0   846   846   878   279   328   764   102   422   309   289   680   365   882   463   412   698   862   678     0 
  333   471   819   525   722   695   447   535  1007   445   699   918   491   818   516   882   166   701   846     0   157   173  1014   715   110   913   785   846   593   219   508   191   387   651   212    40   733     0 
  314   518   889   501   794   775   492   559  1051   294   786   952   514   818   499   884   119   767   846   157     0   329  1049   775   237   926   707   901   630   167   549   347   420   727   148   195   851     0 
  425   477   772   600   677   639   458   560   985   614   636   911   523   851   585   911   315   664   878   173   329     0  1002   684   143   930   895   815   600   356   516    18   421   604   356   135   622     0 
  741   543   284   589   352   405   567   490    61  1076   426    97   535   296   579   248   930   349   279  1014  1049  1002     0   324   916   179   700   205   422   887   506  1001   632   416   907  1020   607     0 
  494   259   120   411    60   107   284   253   301   869   139   244   290   315   391   338   659    30   328   715   775   684   324     0   611   314   660   132   174   626   233   682   360    95   646   716   349     0 
  284   375   712   465   615   586   353   447   906   496   590   822   406   737   452   799   185   596   764   110   237   143   916   611     0   825   753   742   499   218   413   156   301   543   221   105   625     0 
  612   453   341   440   365   419   473   379   226   920   448   126   422   123   435    69   808   344   102   913   926   930   179   314   825     0   520   255   330   760   414   932   526   407   779   926   655     0 
  470   548   760   324   718   750   544   467   742   544   781   630   468   410   347   451   623   680   422   785   707   895   700   660   753   520     0   701   516   568   528   906   522   705   578   817   975     0 
  610   383    88   499   148   200   409   359   172   975   222   146   400   307   482   302   784   152   309   846   901   815   205   132   742   255   701     0   279   747   353   813   482   216   768   847   412     0 
  331   124   293   239   220   239   146    80   421   698   269   326   121   265   218   317   511   182   289   593   630   600   422   174   499   330   516   279     0   471    86   602   211   191   492   602   460     0 
  148   367   743   335   651   639   342   397   891   299   653   790   352   652   332   718    56   621   680   219   167   356   887   626   218   760   568   747   471     0   394   371   266   588    20   253   748     0 
  261    39   353   219   266   269    61    63   503   638   293   411    68   339   194   396   431   232   365   508   549   516   506   233   413   414   528   353    86   394     0   519   129   216   415   516   458     0 
  436   480   768   609   673   634   462   564   983   632   630   911   528   855   593   914   332   661   882   191   347    18  1001   682   156   932   906   813   602   371   519     0   427   601   372   153   611     0 
  143   102   477   199   387   380    76   148   632   525   398   536   105   435   178   498   302   356   463   387   420   421   632   360   301   526   522   482   211   266   129   427     0   327   286   400   529     0 
  469   228   169   424    73    53   252   257   388   850    79   339   283   395   401   425   614    67   412   651   727   604   416    95   543   407   705   216   191   588   216   601   327     0   607   648   275     0 
  168   388   763   353   670   658   362   417   911   286   673   810   373   671   350   737    46   641   698   212   148   356   907   646   221   779   578   768   492    20   415   372   286   607     0   248   765     0 
  358   479   817   549   720   690   456   547  1011   485   693   926   505   834   538   897   203   701   862    40   195   135  1020   716   105   926   817   847   602   253   516   153   400   648   248     0   715     0 
  667   451   326   676   292   243   467   513   559  1039   211   558   525   664   652   686   757   321   678   733   851   622   607   349   625   655   975   412   460   748   458   611   529   275   765   715     0     0 
    0     0     0     0     0     0     0     0     0     0     0     0     0     0     0     0     0     0     0     0     0     0     0     0     0     0     0     0     0     0     0     0     0     0     0     0     0     0 
