DIMENSION: 27
N: 15
M: 5
K: 2

SERVICE: 
99 251 65 260 150 184 221 136 204 170 220 144 383 196 317 

DIST MATRIX: 
    0   591   820   359   624   537   600   388   678   584   624  1207   428   390   699   350   817   983   458   430   461   515   856   474   209   178  1208     0 
  286     0   465     1   305   272   262    86   331   229   318   887   110   291   420    13   515   664   325    72   168   326   547   531   403   242   901     0 
  786   321     0   501   311   433   287   482   207   276   335   499   444   665   381   509   328   331   606   430   461   539   312   871   881   732   548     0 
  522    28   285     0   296   365   229   286   227   143   326   765   264   372   432   272   466   560   504   197   170   467   479   753   596   458   800     0 
  674   465   325   432     0   173   217   354   232   304   124   509   322   712    13   428   122   295   295   392   525   219   167   533   820   658   502     0 
  323   319   461   109   253     0   233    35   313   238   256   839    65   395   344    97   453   615   217   131   269   220   490   438   466   303   845     0 
  328   298   447    94   246   187     0    14   300   220   251   833    49   384   344    84   449   609   235   110   250   232   485   459   466   303   840     0 
  201   331   551    88   376   319   341     0   413   315   384   962   173   280   478    80   582   738   326   159   223   347   617   493   333   169   972     0 
  590   407   329   349    98    89   161   270     0   247    67   586   239   633    75   344   194   366   233   313   452   158   236   489   735   573   583     0 
  575    73   258   313   316   397   251   336   231     0   347   741   311   413   446   326   466   545   545   249   218   503   474   799   646   510   781     0 
  368   251   395    99   209   177   174    42   250   166     0   795    16   384   322    96   418   571   265    76   225   248   451   504   497   334   806     0 
 1114   802   511   856   550   614   601   787   557   668   539     0   751  1113   451   855   341   217   720   802   909   648   310   911  1255  1092    80     0 
  186   594   780   346   561   459   551   345   632   553   556  1131     0   465   617   333   739   911   352   412   483   417   781   348   331   253  1126     0 
  180   512   803   366   672   626   626   440   686   576   684  1250   473     0   783   368   881  1028   613   424   367   647   913   704    75   145  1267     0 
  397   213   358   115   194   189   147    84   218   125   210   772    54   383     0   117   403   549   298    62   206   273   434   543   518   357   788     0 
  280   263   471    15   305   266   264    78   335   235   316   888   106   300   417     0   514   665   313    80   181   316   546   518   402   240   902     0 
  776   491   268   515   210   281   265   446   239   341   198   391   410   779   126   514     0   174   417   463   579   341    44   653   914   751   392     0 
  936   588   295   664   363   452   403   603   349   461   359   224   566   907   299   665   174     0   590   605   700   514   130   820  1067   905   242     0 
  455   510   545   326   296   173   326   246   400   382   275   801   249   604   292   313   417   590     0   339   485    76   461   266   616   469   787     0 
  356   191   395    71   254   248   203    97   265   159   272   827    92   320   379    80   463   605   339     0   149   323   492   569   467   308   845     0 
  368   146   446   166   378   395   316   239   352   241   402   914   241   209   512   181   579   700   485   149     0   473   601   699   428   298   942     0 
  500   476   477   327   229   110   268   240   337   334   205   726   231   615   215   316   341   514    76   323   473     0   385   333   658   503   714     0 
  812   504   257   547   241   322   291   481   253   361   234   351   444   804   170   546    44   130   461   492   601   385     0   697   948   785   356     0 
  524   755   810   533   561   438   591   472   666   642   538  1014   489   762   534   518   653   820   266   569   699   333   697     0   678   573   985     0 
  163   573   855   403   707   649   666   468   731   623   716  1291   504   270   810   402   914  1067   616   467   428   658   948   678     0   163  1304     0 
   79   438   701   242   544   487   504   305   572   467   553  1129   341   216   647   240   751   905   469   308   298   503   785   573   163     0  1141     0 
 1167   827   525   902   597   671   642   837   591   703   589    78   800  1149   509   902   392   242   787   845   942   714   356   985  1304  1141     0     0 
    0     0     0     0     0     0     0     0     0     0     0     0     0     0     0     0     0     0     0     0     0     0     0     0     0     0     0     0 
