DIMENSION: 37
N: 15
M: 10
K: 2

SERVICE: 
99 251 65 260 150 184 221 136 204 170 220 144 383 196 317 

DIST MATRIX: 
    0   591   820   359   624   537   600   388   678   584   624  1207   428   390   699   429   286   257   268   212   876   443   330   467   225   375    36   215   496   170  1264   477   165   501   504   178   616     0 
  286     0   465     1   305   272   262    86   331   229   318   887   110   291   420    76    90   159   121   263   601   220   110   296   285    50   324   157   152   192   957   119   209   151   296   242   449     0 
  786   321     0   501   311   433   287   482   207   276   335   499   444   665   381   430   583   638   600   723   435   506   548   600   736   494   825   650   386   691   592   383   703   375   514   732   593     0 
  522    28   285     0   296   365   229   286   227   143   326   765   264   372   432   214   321   364   380   520   577   383   348   309   541   233   576   418   112   448   850   168   469   109   433   458   571     0 
  674   465   325   432     0   173   217   354   232   304   124   509   322   712    13   368   517   588   452   510   171   265   390   691   510   463   673   505   439   553   558   359   545   423   213   658   216     0 
  323   319   461   109   253     0   233    35   313   238   256   839    65   395   344   108   172   241   103   214   526   114    41   404   230   157   335   157   228   205   901   153   205   221   192   303   344     0 
  328   298   447    94   246   187     0    14   300   220   251   833    49   384   344    87   165   236   112   232   526   126    55   389   248   140   344   165   207   212   896   133   216   200   203   303   356     0 
  201   331   551    88   376   319   341     0   413   315   384   962   173   280   478   160    51   109    70   198   660   245   108   311   223   113   237    78   232   105  1028   206   127   235   322   169   470     0 
  590   407   329   349    98    89   161   270     0   247    67   586   239   633    75   287   433   504   367   431   256   183   305   616   432   382   590   420   369   469   639   284   462   353   143   573   203     0 
  575    73   258   313   316   397   251   336   231     0   347   741   311   413   446   265   375   416   433   572   579   425   399   344   593   287   630   472   166   502   830   217   523   163   470   510   601     0 
  368   251   395    99   209   177   174    42   250   166     0   795    16   384   322    47   186   257   162   286   502   146   109   377   302   133   392   213   167   258   862    83   265   157   215   334   368     0 
 1114   802   511   856   550   614   601   787   557   668   539     0   751  1113   451   784   945  1015   892   950   277   707   829  1072   948   878  1115   945   819   994   128   760   988   802   651  1092   589     0 
  186   594   780   346   561   459   551   345   632   553   556  1131     0   465   617   403   299   299   229   115   787   363   279   529   116   376   110   187   495   165  1182   453   137   496   413   253   507     0 
  180   512   803   366   672   626   626   440   686   576   684  1250   473     0   783   440   278   207   357   399   964   550   413   285   423   349   256   316   440   277  1322   470   304   453   626   145   766     0 
  397   213   358   115   194   189   147    84   218   125   210   772    54   383     0    40   205   273   200   328   495   177   151   366   345   135   427   249   136   292   843    45   302   123   239   357   389     0 
  361   212   391    76   234   220   187    73   255   155   249   812    63   345   355     0   166   233   174   309   534   193   134   333   328    96   395   220   122   261   883    50   274   113   262   318   415     0 
  204   305   550    90   394   352   352   163   419   314   406   977   195   231   505   166     0    71   120   244   687   285   152   260   270    90   255   122   209   134  1047   204   163   215   363   153   513     0 
  162   344   609   159   465   422   420   234   484   376   477  1045   266   181   577   233    71     0   173   271   758   353   217   231   298   147   231   154   256   142  1116   268   176   265   431    94   578     0 
  222   372   556   123   356   280   333   121   411   325   358   941   160   349   442   174   120   173     0   141   623   195    63   380   164   163   233    54   273   102  1002   224   104   271   269   214   410     0 
  224   512   673   264   448   344   442   244   523   452   442  1016   279   451   503   309   244   271   141     0   674   249   177   499    27   303   181   122   414   133  1068   359   100   412   300   262   404     0 
  845   601   378   601   304   344   366   525   350   447   285   366   492   876   182   534   687   758   623   674     0   433   561   848   671   629   841   675   592   724   399   519   715   576   374   829   320     0 
  414   388   449   221   207    96   219   134   299   264   196   768   130   509   257   193   285   353   195   249   433     0   137   515   252   266   408   244   311   292   822   222   282   300    78   407   230     0 
  285   344   501   111   294   218   274    67   354   275   295   878   104   382   380   134   152   217    63   177   561   137     0   400   195   159   294   117   249   166   939   184   165   244   214   271   361     0 
  368   281   594   295   545   553   482   380   515   405   567  1071   393    89   678   333   260   231   380   499   848   515   400     0   526   249   449   378   256   373  1155   332   407   272   590   289   744     0 
  246   534   685   287   456   348   453   261   535   467   448  1018   295   478   503   328   270   298   164    27   671   252   195   526     0   327   197   149   436   160  1067   378   126   433   297   288   393     0 
  293   219   463    48   329   310   278   131   338   229   345   902   147   251   451    96    90   147   163   303   629   266   159   249   327     0   343   190   121   216   975   122   239   126   341   238   495     0 
   84   560   785   325   588   501   565   353   642   550   588  1171   392   376   664   395   255   231   233   181   841   408   294   449   197   343     0   179   464   134  1229   442   130   468   470   161   584     0 
  170   407   607   158   410   332   386   173   463   374   412   995   213   334   495   220   122   154    54   122   675   244   117   378   149   190   179     0   307    49  1056   270    53   308   315   172   451     0 
  411    99   363   151   291   320   227   194   262   150   315   826   183   297   426   122   209   256   273   414   592   311   249   256   436   121   464   307     0   337   906    91   358    16   375   350   524     0 
  122   435   650   193   458   381   432   220   508   415   461  1044   259   320   544   261   134   142   102   133   724   292   166   373   160   216   134    49   337     0  1105   309    34   339   362   134   494     0 
 1224   878   572   957   653   728   697   893   644   757   645    98   856  1202   566   883  1047  1116  1002  1068   399   822   939  1155  1067   975  1229  1056   906  1105     0   854  1100   890   770  1196   715     0 
  405   169   346   119   215   229   159   119   217   110   236   780    97   357   346    50   204   268   224   359   519   222   184   332   378   122   442   270    91   309   854     0   323    78   284   357   432     0 
  139   457   660   211   458   373   437   225   515   427   458  1041   264   354   537   274   163   176   104   100   715   282   165   407   126   239   130    53   358    34  1100   323     0   360   348   164   474     0 
  418   101   351   150   274   305   210   186   246   134   299   811   172   312   410   113   215   265   271   412   576   300   244   272   433   126   468   308    16   339   890    78   360     0   362   359   510     0 
  484   443   452   297   203    81   238   210   309   302   181   722   199   586   208   262   363   431   269   300   374    78   214   590   297   341   470   315   375   362   770   284   348   362     0   482   154     0 
   79   438   701   242   544   487   504   305   572   467   553  1129   341   216   647   318   153    94   214   262   829   407   271   289   288   238   161   172   350   134  1196   357   164   359   482     0   622     0 
  612   584   529   451   298   207   353   364   406   431   267   686   352   739   220   415   513   578   410   404   320   230   361   744   393   495   584   451   524   494   715   432   474   510   154   622     0     0 
    0     0     0     0     0     0     0     0     0     0     0     0     0     0     0     0     0     0     0     0     0     0     0     0     0     0     0     0     0     0     0     0     0     0     0     0     0     0 
