DIMENSION: 37
N: 15
M: 10
K: 2

SERVICE: 
371 389 429 179 213 749 115 62 245 409 304 235 329 86 426 

DIST MATRIX: 
    0   423   438   306    43   187    75   148   395   462   225   468   381   475   125   383   274   178   603   721   129   131   624   568   793    98   217   465   556   854   519   246   569   377   638   113   300     0 
  443     0   537   855   798   721   744   796   570   545   659   522   547   574   821   659   624   638   505   524   733   768   444   575   587   889   918   489   596   818   539   647   709   771   782   754   913     0 
  432   399     0   763   769   663   719   813   645   640   600   406   616   674   771   736   557   634   347   684   690   719   584   423   755   882   939   382   447   979   403   682   827   662   908   760   827     0 
  552   611   361     0   441   331   451   625   774   832   352   375   745   858   359   806   346   523   432  1063   384   360   943   356  1147   559   694   408   331  1271   367   654   996   144  1076   573   213     0 
  357   420   263    96     0    91   214   390   541   601   127   291   514   626   144   567   145   286   410   844   145   126   727   354   926   345   473   306   336  1036   323   415   758   121   838   336   147     0 
  460   397   646   912   782     0   727   722   442   394   693   642   434   412   829   520   674   607   672   287   740   779   241   729   340   838   830   605   746   575   678   564   511   858   571   696   960     0 
  188   246   275   309   168   130     0   246   324   384   101   303   296   409   198   357   129    77   437   628   109   148   515   417   709   281   364   291   410   820   360   208   545   313   628   184   342     0 
  377   421   489   392   127   259   129     0   337   403   283   518   329   412   211   311   328   175   653   661   198   211   573   626   730    88   148   509   616   776   573   191   492   457   557    55   386     0 
  491   453   734   874   653   695   610   513     0   183   663   746   270   160   728   256   670   503   836   124   657   693   152   863   168   645   579   712   871   270   801   389   139   871   190   521   898     0 
  730   696   972  1078   834   903   800   667   459     0   879   986   491   378   916   429   894   708  1080   295   857   890   388  1105   250   792   694   953  1111    57  1042   581   238  1091   173   693  1093     0 
  415   461   514   388   129   271   148    89   377   443     0   543   370   450   207   346   351   213   679   700   212   217   613   648   767    46   132   537   637   806   597   232   523   463   584    97   375     0 
  347   408   209   126   272   134   264   442   562   619   140     0   532   646   210   598   134   315   347   852   194   184   732   289   935   407   532   256   270  1059   262   447   786    72   868   384   190     0 
  298   351   378   304    66   150    21   158   348   414   171   408     0   431   138   351   217   109   543   671    90   114   569   514   747   163   260   401   504   826   462   203   542   352   616   101   313     0 
  279   249   522   668   469   490   420   369    79    51   452   536    78     0   536   162   457   304   633   270   458   496   166   655   350   494   469   503   661   482   592   216   249   659   336   355   699     0 
  258   291    52   383   452   317   415   563   545   580   264    24   509   614     0   613   215   383   119   757   362   379   634   119   843   585   681    33   127  1014    57   491   775   279   863   502   449     0 
  362   357   587   649   408   476   372   257    91   126   458   607   120   115   488     0   480   283   724   361   428   461   297   730   422   389   331   580   730   475   667   153   191   670   271   270   664     0 
  215   277   165   239   237   107   203   366   435   489    49   195   404   518   217   480     0   205   330   718   147   167   598   297   802   372   476   195   288   932   246   334   664   202   748   304   292     0 
  202   249   343   372   175   195   121   186   258   321   177   370   233   343   233   283   205     0   502   573   155   192   466   487   652   252   310   353   482   750   428   131   473   388   553   128   396     0 
  363   385   165   464   566   427   532   683   651   681   378   135   616   715   534   724   330   502     0   836   476   490   714    77   920   701   800   148   101  1105    87   607   878   346   967   621   531     0 
  519   470   755   937   736   758   689   613   326   259   718   763   342   250   805   361   718   573   836     0   727   766   124   873    86   744   691   727   884   296   813   475   262   919   300   613   968     0 
  293   353   312   221    90    61    70   248   412   476    99   342   388   497    89   428   147   155   476   727     0    39   617   439   807   227   342   342   427   901   392   276   620   262   697   191   241     0 
  329   390   328   190    88    63    93   266   449   513   120   358   426   533    53   461   167   192   490   766    39     0   656   448   844   224   348   362   433   935   404   310   653   247   729   213   205     0 
  396   346   631   821   634   644   584   531   237   175   601   639   244   182   699   297   598   466   714   124   617   656     0   750   209   659   624   603   761   400   690   382   272   799   339   521   856     0 
  377   410   145   399   529   385   500   661   663   699   344   122   628   733   487   730   297   487    77   873   439   448   750     0   958   666   773   152    25  1133    63   602   894   278   982   599   466     0 
  604   555   841  1018   811   839   765   679   400   333   801   848   419   319   882   422   802   652   920    86   807   844   209   958     0   811   747   812   969   236   898   548   290  1003   304   683  1048     0 
  454   501   536   380   138   284   171   132   422   488   324   566   416   494   203   389   372   252   701   744   227   224   659   666   811     0   136   562   654   844   618   278   562   466   620   142   360     0 
  507   543   636   515   261   402   275   126   390   449   431   665   395   445   336   331   476   310   800   691   342   348   624   773   747   136     0   655   764   748   720   273   476   594   521   183   496     0 
  225   259    48   382   431   300   391   536   512   547   244    38   477   581   410   580   195   353   148   727   342   362   603   152   812   562   655     0   159   982    89   459   742   284   831   474   446     0 
  382   418   144   378   516   371   489   653   666   704   333   125   631   738   471   730   288   482   101   884   427   433   761    25   969   654   764   159     0  1140    71   600   898   255   986   591   444     0 
  760   723  1003  1121   882   945   846   717   497   444   919  1016   528   414   963   475   932   750  1105   296   901   935   400  1133   236   844   748   982  1140     0  1071   625   285  1131   227   742  1139     0 
  314   348    85   381   482   341   449   605   600   636   294    60   565   670   447   667   246   428    87   813   392   404   690    63   898   618   720    89    71  1071     0   541   831   266   919   543   448     0 
  262   282   457   497   264   323   222   157   149   216   308   481   138   230   340   153   334   131   607   475   276   310   382   602   548   278   273   459   600   625   541     0   344   519   423   139   514     0 
  518   495   756   841   597   667   563   434   233   199   646   773   267   164   679   191   664   473   878   262   620   653   272   894   290   562   476   742   898   285   831   344     0   858    88   457   855     0 
  408   468   236   124   334   203   332   510   634   690   212   256   603   717   263   670   202   388   346   919   262   247   799   278  1003   466   594   284   255  1131   266   519   858     0   941   453   190     0 
  606   583   843   918   668   746   637   496   320   287   729   861   355   252   751   271   748   553   967   300   697   729   339   982   304   620   521   831   986   227   919   423    88   941     0   526   929     0 
  328   369   458   402   142   250   122    62   287   354   263   487   277   365   227   270   304   128   621   613   191   213   521   599   683   142   183   474   591   742   543   139   457   453   526     0   405     0 
  500   563   400    67   263   213   293   447   653   717   267   425   630   738   178   664   292   396   531   968   241   205   856   466  1048   360   496   446   444  1139   448   514   855   190   929   405     0     0 
    0     0     0     0     0     0     0     0     0     0     0     0     0     0     0     0     0     0     0     0     0     0     0     0     0     0     0     0     0     0     0     0     0     0     0     0     0     0 
