DIMENSION: 27
N: 15
M: 5
K: 2

SERVICE: 
74 705 379 27 260 128 387 104 67 334 122 301 326 101 97 

DIST MATRIX: 
    0   422   412   659   512   429   703   426   426   435   665   505   483   360   381   178   408   577   140   199   345   139   448   382   530    71   798     0 
  397     0   688   979   647   652  1005   668   733   663   969   812   804   584   596   416   681   854   264   481   593   341   725   158   521   256  1046     0 
   87   392     0   656   451   380   685   382   410   387   648   489   511   309   329   242   373   546    91   255   403    75   416   352   588    96   759     0 
  606   361   388     0   692   516   176   471   285   501   163   221   324   535   545   686   399   315   751   607   636   680   365  1013  1058   750   468     0 
  221   237   215   558     0   174   543   185   299   184   510   368   525   104   122   418   206   375   223   398   542   151   250   447   792   302   564     0 
  410   289   262   618    72     0   551   174   384   143   528   427   670   133   112   607   252   361   370   587   729   315   280   520   973   474   472     0 
  541   437   462   230   781   599     0   555   339   587   364   323   139   592   609   556   472   467   711   476   461   651   457   976   888   674   667     0 
  276    94    76   417   303   133   400     0   161   128   367   225   434   105   124   455    69   243   349   410   535   272   113   589   853   399   458     0 
  332   161   182   255   497   316   310   273     0   306   272   119   250   305   323   442   191   255   474   372   449   404   187   737   838   476   495     0 
  131   360   344   649   384   325   662   333   394     0   627   472   538   254   272   308   337   511    81   314   463    10   381   341   653   155   712     0 
  470   175   201   161   505   328   160   283   119   313     0    40   342   349   358   592   212   152   593   522   593   518   177   846   988   613   370     0 
  292   162   137   496   224    85   461    90   244    91   431     0   516    22    46   485   126   285   318   452   588   245   167   535   872   391   469     0 
  735   717   741   500  1055   876   659   833   619   865   641   610     0   859   879   675   750   755   912   606   516   866   740  1166   898   844   948     0 
  272   100    81   423   300   132   406   104   166   128   373   231   437     0   121   452    74   248   343   409   534   267   118   583   850   394   462     0 
  349   281   254   615   131   139   566   178   368   155   539   421   636   108     0   545   244   379   306   529   673   250   279   468   908   409   517     0 
  197   515   514   671   677   568   752   554   485   570   714   558   419   504   527     0   514   665   313    80   181   316   546   518   402   203   902     0 
  341    38    11   372   309   127   338    83   133   115   306   178   439   137   147   514     0   174   417   463   579   341    44   653   914   467   392     0 
  508   155   167   289   393   240   191   203   192   224   171   152   485   288   287   665   174     0   590   605   700   514   130   820  1067   639   242     0 
  177   441   424   728   428   395   743   407   475   406   708   553   600   325   341   313   417   590     0   339   485    76   461   266   616   121   787     0 
  186   460   463   593   658   532   680   513   420   532   642   489   339   473   497    80   463   605   339     0   149   323   492   569   467   245   845     0 
  335   569   577   628   801   663   741   638   509   662   705   567   324   609   633   181   579   700   485   149     0   473   601   699   428   381   942     0 
  141   365   348   656   379   325   667   334   401   334   632   478   548   254   271   316   341   514    76   323   473     0   385   333   658   158   714     0 
  380    32    37   338   331   152   294   106   122   137   264   147   437   176   182   546    44   130   461   492   601   385     0   697   948   509   356     0 
  437   683   662   989   550   596   989   622   731   609   956   807   862   535   541   518   653   820   266   569   699   333   697     0   678   324   985     0 
  581   917   916  1047  1037   957  1145   948   885   961  1108   956   751   888   910   402   914  1067   616   467   428   658   948   678     0   501  1304     0 
  144   484   472   730   537   475   770   477   494   483   733   573   550   404   424   203   467   639   121   245   381   158   509   324   501     0   854     0 
  733   386   389   450   467   394   293   380   433   382   307   384   712   462   450   902   392   242   787   845   942   714   356   985  1304   854     0     0 
    0     0     0     0     0     0     0     0     0     0     0     0     0     0     0     0     0     0     0     0     0     0     0     0     0     0     0     0 
