DIMENSION: 47
N: 15
M: 15
K: 2

SERVICE: 
371 389 429 179 213 749 115 62 245 409 304 235 329 86 426 

DIST MATRIX: 
    0   423   438   306    43   187    75   148   395   462   225   468   381   475   125   236   533   697   343   208   832   516   656   640   147   189   480   150   585   342   233   295   619   269   544   563   691   811   690   148   292   340   528   598   274   113   318     0 
  443     0   537   855   798   721   744   796   570   545   659   522   547   574   821   982   739   336   476   727   709   310   397   557   728   760   776   857   665   557  1010   534   324   545   604   780   361    70   836   678   938   767   606   600   547   754   664     0 
  432   399     0   763   769   663   719   813   645   640   600   406   616   674   771   995   847   497   453   759   875   284   546   698   681   787   871   870   789   613   959   556   458   529   721   892   187   129   967   679   975   831   719   730   559   760   723     0 
  552   611   361     0   441   331   451   625   774   832   352   375   745   858   359   691   972   961   514   660  1221   611   952  1006   368   654   934   632   996   705   420   605   877   506   937  1010   592   858  1135   542   772   802   922   984   577   573   743     0 
  357   420   263    96     0    91   214   390   541   601   127   291   514   626   144   484   733   763   317   420   991   457   743   779   128   416   694   406   760   473   293   378   677   286   704   770   539   743   896   303   549   563   689   753   349   336   504     0 
  460   397   646   912   782     0   727   722   442   394   693   642   434   412   829   900   551   118   500   641   463   392   187   339   742   675   604   782   462   461  1007   487   168   544   415   586   560   317   618   635   829   635   422   394   511   696   548     0 
  188   246   275   309   168   130     0   246   324   384   101   303   296   409   198   406   524   562   156   238   773   329   535   562   112   247   493   289   545   255   382   163   479    89   487   564   508   625   688   113   422   373   472   536   134   184   297     0 
  377   421   489   392   127   259   129     0   337   403   283   518   329   412   211   188   453   657   356   133   760   526   610   577   216   108   397    73   511   294   299   275   584   280   476   481   725   813   607   130   215   256   459   530   260    55   248     0 
  491   453   734   874   653   695   610   513     0   183   663   746   270   160   728   651   188   267   520   432   207   540   201    42   668   461   257   562    89   311   862   409   277   510    89   214   789   649   240   501   547   348   106    35   437   521   317     0 
  730   696   972  1078   834   903   800   667   459     0   879   986   491   378   916   757   273   482   756   598   141   785   426   276   870   619   336   701   235   528  1022   633   514   735   300   251  1034   877   142   696   637   474   313   263   659   693   494     0 
  415   461   514   388   129   271   148    89   377   443     0   543   370   450   207   157   482   699   393   170   794   564   651   615   230   141   422    67   545   336   267   316   626   316   512   507   757   853   632   170   207   282   496   566   301    97   285     0 
  347   408   209   126   272   134   264   442   562   619   140     0   532   646   210   547   765   757   308   463  1008   428   743   793   176   462   731   463   784   493   358   392   671   293   724   804   483   704   928   340   606   604   710   772   364   384   537     0 
  298   351   378   304    66   150    21   158   348   414   171   408     0   431   138   293   511   635   270   188   795   443   598   595   108   181   465   186   552   289   291   229   555   196   504   545   624   738   672    91   327   330   488   557   206   101   285     0 
  279   249   522   668   469   490   420   369    79    51   452   536    78     0   536   540   259   256   307   285   419   351   203   204   466   319   282   427   223   116   690   198   198   297   153   305   607   534   399   314   466   275   144   189   227   355   185     0 
  258   291    52   383   452   317   415   563   545   580   264    24   509   614     0   718   771   617   239   544   938   238   626   723   348   560   761   607   757   481   603   379   538   291   688   816   224   463   927   427   740   665   677   723   362   502   569     0 
  562   602   671   513   277   423   305   186   462   521   460   701   466   518   341     0   496   796   544   260   823   711   741   673   383   226   425   126   578   441   318   449   732   467   564   508   913   993   621   315   123   303   549   616   439   234   357     0 
  515   499   748   812   563   641   532   393   227   208   625   767   262   174   646   496     0   433   533   326   328   608   364   225   606   346    74   429    99   290   749   395   415   495   137    46   864   782   164   431   381   201   133   162   418   421   229     0 
  410   350   625   858   701   687   648   623   335   281   636   627   332   296   756   796   433     0   449   540   378   381    69   226   674   574   486   682   345   363   926   407    85   479   296   469   592   395   506   549   719   522   303   278   434   603   441     0 
   40   103   217   413   324   253   271   366   307   347   194   234   272   380   346   544   533   449     0   326   722   173   437   505   254   349   523   420   524   243   534   142   364    77   456   578   379   470   690   229   537   433   445   496   128   310   333     0 
  333   359   506   492   237   331   210    84   210   274   331   532   208   280   321   260   326   540   326     0   627   476   488   444   292    35   277   142   379   180   432   203   473   256   343   358   705   744   485   125   216   142   326   397   202    95   115     0 
  691   648   932  1080   855   902   814   704   451   390   869   942   477   366   932   823   328   378   722   627     0   721   334   217   874   653   400   748   249   518  1059   615   427   716   290   324   958   772   254   706   709   523   306   238   644   719   515     0 
  149   119   254   548   496   411   444   528   388   401   348   251   355   436   512   711   608   381   173   476   721     0   396   513   420   503   618   586   571   343   702   273   305   248   500   654   256   297   749   396   691   558   493   525   275   476   451     0 
  400   345   628   838   664   663   612   571   279   220   616   633   281   232   724   741   364    69   437   488   334   396     0   160   646   522   417   630   277   316   888   375    94   457   228   400   625   452   441   509   658   459   235   209   403   557   384     0 
  474   432   715   870   658   692   613   527   247   181   656   726   268   166   731   673   225   226   505   444   217   513   160     0   666   475   291   578   128   310   872   402   240   500   109   253   758   611   281   505   573   372   124    63   430   530   330     0 
  290   352   297   208   106    42    88   266   423   486    85   328   398   508    92   383   606   674   254   292   874   420   646   666     0   288   566   288   638   357   282   272   590   198   585   643   561   717   769   175   431   434   569   636   244   209   378     0 
  358   388   520   483   222   329   202    52   243   307   336   547   243   311   307   226   346   574   349    35   653   503   522   475   288     0   292   108   404   215   406   232   507   276   371   375   728   775   501   134   189   152   355   426   228    81   145     0 
  510   503   734   769   513   603   487   336   230   233   594   755   263   203   598   425    74   486   523   277   400   618   417   291   566   292     0   365   170   282   688   382   458   476   191    85   872   815   210   392   309   141   182   228   401   371   198     0 
  437   476   561   454   193   331   202    61   351   415   357   590   351   416   273   126   429   682   420   142   748   586   630   578   288   108   365     0   498   321   324   323   614   344   472   451   793   867   574   191   143   227   456   526   313   110   251     0 
  500   472   741   846   610   669   572   455   223   177   644   756   255   144   689   578    99   345   524   379   249   571   277   128   638   404   170   498     0   292   810   397   341   500    71   125   825   713   179   465   469   276    80    68   424   472   268     0 
  228   225   458   562   354   384   306   261    69   129   353   477    41   153   422   441   290   363   243   180   518   343   316   310   357   215   282   321   292     0   575   106   293   208   232   335   594   580   449   198   382   218   217   280   131   241   110     0 
  569   628   551   264   225   296   279   356   627   694   359   580   613   706   190   318   749   926   534   432  1059   702   888   872   282   406   688   324   810   575     0   520   846   471   773   773   826   999   897   378   430   548   757   828   495   342   545     0 
  136   156   353   471   295   293   241   263   175   227   254   374   142   256   350   449   395   407   142   203   615   273   375   402   272   232   382   323   397   106   520     0   326   103   334   439   511   544   555   150   419   294   321   380    29   221   191     0 
  325   266   543   773   621   602   567   554   277   234   551   546   267   258   674   732   415    85   364   473   427   305    94   240   590   507   458   614   341   293   846   326     0   395   280   456   531   373   514   471   663   472   282   277   352   529   382     0 
  102   158   259   381   253   208   199   291   277   329   159   282   245   358   286   467   495   479    77   256   716   248   457   500   198   276   476   344   500   208   471   103   395     0   436   538   452   542   657   152   463   374   423   482    77   234   280     0 
  431   401   673   792   565   614   524   423   163   109   585   688   192    78   642   564   137   296   456   343   290   500   228   109   585   371   191   472    71   232   773   334   280   436     0   176   755   650   249   416   464   263    16    54   361   432   228     0 
  560   545   792   848   595   679   566   420   272   254   665   812   308   219   679   508    46   469   578   358   324   654   400   253   643   375    85   451   125   335   773   439   456   538   176     0   910   825   127   468   389   225   175   193   461   453   268     0 
  375   370   276   606   660   535   617   743   643   657   477   248   609   693   645   913   864   592   379   705   958   256   625   758   561   728   872   793   825   594   826   511   531   452   755   910     0   302  1004   604   915   804   749   776   505   684   698     0 
  440   393   502   828   793   705   740   808   600   582   642   484   575   613   809   993   782   395   470   744   772   297   452   611   717   775   815   867   713   580   999   544   373   542   650   825   302     0   887   683   958   795   650   650   555   761   690     0 
  669   646   906   975   722   805   693   546   383   350   789   924   418   315   806   621   164   506   690   485   254   749   441   281   769   501   210   574   179   449   897   555   514   657   249   127  1004   887     0   594   500   351   256   237   579   579   392     0 
  247   290   386   382   155   212   108   139   258   324   207   413   239   341   226   315   431   549   229   125   706   396   509   505   175   134   392   191   465   198   378   150   471   152   416   468   604   683   594     0   314   265   400   468   131    81   202     0 
  547   575   697   594   336   474   344   176   387   438   497   725   399   428   414   123   381   719   537   216   709   691   658   573   431   189   309   143   469   382   430   419   663   463   464   389   915   958   500   314     0   202   449   513   417   238   282     0 
  430   439   632   634   374   473   351   195   199   241   471   656   220   228   459   303   201   522   433   142   523   558   459   372   434   152   141   227   276   218   548   294   472   374   263   225   804   795   351   265   202     0   248   314   305   232   108     0 
  420   392   661   776   549   599   508   407   148    97   570   677   178    65   626   549   133   303   445   326   306   493   235   124   569   355   182   456    80   217   757   321   282   423    16   175   749   650   256   400   449   248     0    71   348   416   211     0 
  468   433   711   842   619   664   577   478   213   153   633   724   240   128   695   616   162   278   496   397   238   525   209    63   636   426   228   526    68   280   828   380   277   482    54   193   776   650   237   468   513   314    71     0   408   486   282     0 
  131   163   333   442   270   264   216   254   201   255   226   355   169   283   322   439   418   434   128   202   644   275   403   430   244   228   401   313   424   131   495    29   352    77   361   461   505   555   579   131   417   305   348   408     0   207   206     0 
  328   369   458   402   142   250   122    62   287   354   263   487   277   365   227   234   421   603   310    95   719   476   557   530   209    81   371   110   472   241   342   221   529   234   432   453   684   761   579    81   238   232   416   486   207     0   205     0 
  326   332   539   584   342   413   306   197   106   165   398   561   118   166   422   357   229   441   333   115   515   451   384   330   378   145   198   251   268   110   545   191   382   280   228   268   698   690   392   202   282   108   211   282   206   205     0     0 
    0     0     0     0     0     0     0     0     0     0     0     0     0     0     0     0     0     0     0     0     0     0     0     0     0     0     0     0     0     0     0     0     0     0     0     0     0     0     0     0     0     0     0     0     0     0     0     0 
