DIMENSION: 37
N: 15
M: 10
K: 2

SERVICE: 
278 62 567 203 365 122 430 140 299 30 314 161 210 118 343 

DIST MATRIX: 
    0   395   533   387   566   478   529   702   530   729    93   655   423   562   529   399   442   450   321   532   208   592   182   329   454   459   379   348   518   462   610   243   173   426   532   355   782     0 
  101     0   436    69   718   543   209   700   703   705   380   654   480   429   405   221   438   725   192   515   154   526   525   116   575   595   508   659   358   544   258   316   316   261   545   716  1006     0 
  365   261     0   260   935   742   223   840   931   830   657   800   686   535   527   394   625   985   417   676   432   654   796   335   794   818   738   930   469   750   129   567   567   378   717   992  1240     0 
  273   318   705     0   978   812   412   972   959   975   577   926   749   692   671   491   710   948   463   787   361   795   627   207   838   856   766   861   621   811   383   570   382   113   817   835  1254     0 
  476   397    59   510     0   168   376   260   378   267   422   214   143   111    91   222    71   521   257    79   420    99   662   534   244   272   233   536   140   187   483   252   601   691   120   762   678     0 
  533   462   110   572   310     0   443   199   328   213   444   152   123   160   149   287    83   490   316    12   471    83   682   593   203   230   213   520   203   145   549   284   643   750    56   764   620     0 
  424   396   204   487   300   127     0   334   293   359   287   287    63   251   222   245    80   391   231   164   350   233   525   490   157   181   106   391   249   123   541   139   500   644   163   614   603     0 
  771   670   287   790   437   340   601     0   478    94   706   163   374   295   316   501   346   684   553   256   720   204   944   825   408   426   451   744   366   363   688   547   902   980   264  1011   692     0 
  418   464   405   513   334   273   552   501     0   535   139   458   234   449   418   372   283   264   317   359   330   434   345   484   231   231   163   213   433   252   655   164   399   617   344   411   568     0 
  746   666   282   781   316   248   624    21   359     0   634    65   297   310   321   492   292   568   528   202   684   192   864   805   304   318   359   637   377   269   722   489   851   962   189   914   572     0 
  118    86   369   151   632   460   219   625   618   633     0   578   396   369   342   158   358   645   111   438   113   456   488   169   490   510   422   584   302   460   298   232   308   325   465   667   922     0 
  772   725   375   828   173   222   715   153   222   197   592     0   286   418   416   554   322   436   568   260   698   300   802   837   230   230   305   525   472   229   821   484   836   992   220   816   405     0 
  546   451    64   568   394   213   403   215   416   209   507   177     0    91   100   278   149   581   328    95   496    29   747   601   294   321   301   608   156   237   503   337   682   756   139   843   701     0 
  403   322    89   434   415   217   311   335   420   341   382   289   171     0    85   147    99   537   184   152   351   167   620   460   281   308   250   535   102   229   420   207   538   617   188   737   727     0 
  789   696   309   814   399   324   636   104   442    62   702   139   366   325     0   524   348   652   570   257   734   220   937   846   385   400   436   720   396   346   727   549   909  1001   255   994   643     0 
  276   175   215   290   541   349   187   481   538   484   363   436   293   212   185     0   234   616    79   299   246   304   581   325   400   425   348   585   145   357   297   209   446   479   334   733   847     0 
  459   403   130   507   316   118   408   276   322   294   363   228    76   180   155   234     0   452   247    92   393   154   603   522   184   211   163   465   194   131   518   201   561   678   108   694   628     0 
  679   725   580   776   263   370   802   548   215   593   374   521   378   631   607   616   452     0   571   488   591   570   473   743   289   265   289   124   639   345   909   419   622   867   451   409   341     0 
  219   165   266   260   530   351   236   515   520   524   289   468   289   275   245    79   247   571     0   328   173   350   503   277   387   409   325   528   214   353   339   153   371   434   355   659   827     0 
  544   474   120   584   302   119   455   188   322   203   451   140   126   169   159   299    92   488   328     0   482    83   689   605   200   226   214   521   214   142   561   293   652   762    46   768   612     0 
   88   189   437   189   625   476   332   669   602   684   230   621   412   448   418   246   393   591   173   482     0   517   377   154   488   504   413   514   387   470   404   217   201   298   500   563   893     0 
  569   478    91   595   374   201   432   186   398   181   516   148   206   121   128   304   154   570   350    83   517     0   756   625   282   307   296   603   185   225   532   349   699   781   121   845   678     0 
  431   566   705   536   659   616   707   845   615   877   240   801   571   738   704   581   603   473   503   689   377   756     0   466   575   572   507   351   697   597   781   414   245   519   682   208   814     0 
   67   178   538    79   775   616   322   792   754   801   375   745   552   536   510   325   522   743   277   605   154   625   466     0   636   653   563   661   467   613   352   366   232   157   630   669  1047     0 
  569   553   302   640   143    81   583   284   139   323   362   247   110   354   335   400   184   289   387   200   488   282   575   636     0    27    77   337   377    58   694   271   609   786   162   610   448     0 
  586   575   329   660   122   107   609   298   113   339   366   264   137   382   362   425   211   265   409   226   504   307   572   653    27     0    90   319   404    85   719   287   618   802   187   598   423     0 
  496   490   292   571   212   112   535   339   196   374   287   297    92   343   318   348   163   289   325   214   413   296   507   563    77    90     0   307   351    90   645   197   533   711   189   560   503     0 
  600   669   594   703   357   410   764   617   308   658   286   583   398   642   614   585   465   124   528   521   514   603   351   661   337   319   307     0   636   385   866   377   516   773   492   295   463     0 
  420   304    98   425   504   306   247   371   514   364   464   331   269    72    57   145   194   639   214   214   387   185   697   467   377   404   351   636     0   322   349   291   586   619   258   827   817     0 
  547   517   245   611   186    25   536   249   192   285   372   208    65   297   278   357   131   345   353   142   470   225   597   613    58    85    90   385   322     0   647   255   608   766   107   648   497     0 
  359   215   447   274   833   636   110   717   833   705   609   680   584   412   407   297   518   909   339   561   404   532   781   352   694   719   645   866   349   647     0   492   573   441   603   965  1142     0 
  299   308   291   377   409   263   387   472   390   494   175   424   200   324   291   209   201   419   153   293   217   349   414   366   271   287   197   377   291   255   492     0   362   515   300   537   690     0 
  215   369   626   308   730   620   519   834   697   855   260   786   560   643   611   446   561   622   371   652   201   699   245   232   609   618   533   516   586   608   573   362     0   276   662   453   955     0 
  220   318   693   197   923   770   443   949   899   958   493   902   706   689   664   479   678   867   434   762   298   781   519   157   786   802   711   773   619   766   441   515   276     0   786   727  1184     0 
  567   507   165   614   256    82   496   172   277   197   447   124   111   215   205   334   108   451   355    46   500   121   682   630   162   187   189   492   258   107   603   300   662   786     0   749   566     0 
  627   750   813   735   651   672   881   893   602   932   370   855   643   854   822   733   694   409   659   768   563   845   208   669   610   598   560   295   827   648   965   537   453   727   749     0   723     0 
  980   992   730  1066   313   511  1031   558   310   602   698   560   558   780   768   847   628   341   827   612   893   678   814  1047   448   423   503   463   817   497  1142   690   955  1184   566   723     0     0 
    0     0     0     0     0     0     0     0     0     0     0     0     0     0     0     0     0     0     0     0     0     0     0     0     0     0     0     0     0     0     0     0     0     0     0     0     0     0 
