DIMENSION: 27
N: 15
M: 5
K: 2

SERVICE: 
74 705 379 27 260 128 387 104 67 334 122 301 326 101 97 

DIST MATRIX: 
    0   422   412   659   512   429   703   426   426   435   665   505   483   360   381   826   274   576   156   280   607   429   547   144   274    71    92     0 
  397     0   688   979   647   652  1005   668   733   663   969   812   804   584   596  1077   380   839   427   606   781   370   826   366   601   256   323     0 
   87   392     0   656   451   380   685   382   410   387   648   489   511   309   329   788   335   629   113   301   551   479   595    82   290    96   154     0 
  606   361   388     0   692   516   176   471   285   501   163   221   324   535   545   467   829   609   585   420   627  1029   542   654   414   750   719     0 
  221   237   215   558     0   174   543   185   299   184   510   368   525   104   122   595   534   728   112   332   345   687   679   130   306   302   353     0 
  410   289   262   618    72     0   551   174   384   143   528   427   670   133   112   505   718   902   301   499   179   858   849   303   471   474   537     0 
  541   437   462   230   781   599     0   555   339   587   364   323   139   592   609   672   686   389   562   325   754   884   325   629   335   674   617     0 
  276    94    76   417   303   133   400     0   161   128   367   225   434   105   124   485   591   679   192   277   325   766   622   247   249   399   420     0 
  332   161   182   255   497   316   310   273     0   306   272   119   250   305   323   513   589   529   309   181   487   785   465   378   163   476   455     0 
  131   360   344   649   384   325   662   333   394     0   627   472   538   254   272   742   402   681    87   328   489   540   644    22   311   155   222     0 
  470   175   201   161   505   328   160   283   119   313     0    40   342   349   358   382   740   640   426   331   451   935   574   492   314   613   601     0 
  292   162   137   496   224    85   461    90   244    91   431     0   516    22    46   500   611   750   189   346   273   773   695   223   318   391   432     0 
  735   717   741   500  1055   876   659   833   619   865   641   610     0   859   879   950   766   308   787   531  1039   942   282   848   551   844   764     0 
  272   100    81   423   300   132   406   104   166   128   373   231   437     0   121   490   588   680   187   278   324   762   624   241   250   394   417     0 
  349   281   254   615   131   139   566   178   368   155   539   421   636   108     0   550   654   855   241   454   241   793   804   239   428   409   473     0 
  760   411   415   450   501   426   291   410   453   414   309   399   723   493   482     0  1069  1021   675   689   363  1250   955   721   666   883   904     0 
  320   658   655   815   785   696   899   687   632   700   861   705   547   629   651  1069     0   483   424   414   879   200   487   416   426   258   182     0 
  550   681   697   611   973   812   757   777   596   806   726   628   299   772   795  1021   483     0   634   404  1000   643    67   680   432   621   529     0 
  109   281   267   562   372   274   578   271   308   279   542   386   464   205   227   675   424   634     0   257   455   584   591    69   236   208   244     0 
  216   297   307   404   569   410   487   378   236   405   450   300   210   368   391   689   414   404   257     0   601   612   350   318    28   350   302     0 
  562   326   306   601   146   194   494   223   423   196   481   434   736   253   230   363   879  1000   455   601     0  1029   941   471   573   644   698     0 
  490   840   835  1015   919   857  1094   855   824   864  1056   899   744   787   808  1250   200   643   584   612  1029     0   660   558   624   385   346     0 
  513   620   637   544   919   755   690   719   533   748   659   562   232   718   741   955   487    67   591   350   941   660     0   640   378   598   509     0 
  131   339   323   630   369   305   641   311   375   313   606   452   527   234   252   721   416   680    69   318   471   558   640     0   300   173   235     0 
  206   271   280   397   542   382   472   350   214   377   434   281   228   340   364   666   426   432   236    28   573   624   378   300     0   345   304     0 
  144   484   472   730   537   475   770   477   494   483   733   573   550   404   424   883   258   621   208   350   644   385   598   173   345     0    97     0 
  144   495   489   701   604   517   761   511   485   522   723   563   486   449   471   904   182   529   244   302   698   346   509   235   304    97     0     0 
    0     0     0     0     0     0     0     0     0     0     0     0     0     0     0     0     0     0     0     0     0     0     0     0     0     0     0     0 
