DIMENSION: 47
N: 15
M: 15
K: 2

SERVICE: 
74 13 384 76 121 182 306 179 76 134 242 656 293 384 137 

DIST MATRIX: 
    0   704   759   535   159   667   335   535   638   419   494   263   702   588   224  1044   659   348   766   473   570   504   712   439   551   474   136   673   992   422  1096   766   363   631   419   726   718   844   487   606   677   210  1028  1126   651   480  1008     0 
  724     0   219   439   666   300   520   262    99   430   476   515   209   148   473   385   391   472   205   233   126   240   122   321   277   224   799   127   490   287   413   204   527   387   295    96   112   221   214   432   142   738   333   523   178   502   380     0 
 1056   323     0   687   988   525   821   544   396   720   759   831   425   451   804   222   615   789   365   563   456   557   357   639   565   556  1126   393   499   612   160   364   837   625   618   328   345   287   541   678   399  1055    36   400   440   765   288     0 
  668   409   622     0   487   654   280   179   316   187   708   342   594   280   429   773   723   610   612   415   354   480   525   515   564   384   642   510   902   297   769   611   674   707   287   507   518   634   318   731   526   521   654   930   542   156   785     0 
  300   781   893   473     0   829   280   553   696   387   699   262   840   641   340  1153   840   547   895   590   653   640   826   596   707   579   145   790  1153   490  1189   895   577   813   481   831   829   962   564   798   798    39  1101  1261   783   396  1131     0 
  832   425   197   815   889     0   822   635   501   765   380   780   215   529   670   364   190   500   213   443   457   380   293   414   303   466   973   300   155   577   460   214   510   217   590   321   303   252   516   258   284   971   499   332   268   859   287     0 
  108   698   763   508   124   677     0   519   629   394   514   238   707   577   216  1045   673   365   769   472   564   507   712   446   559   470   120   674  1002   411  1094   769   385   645   407   725   718   846   479   623   678   176  1023  1131   654   451  1011     0 
  515   440   619    85   333   616   127     0   343    37   616   188   580   292   289   822   670   498   614   354   341   422   529   433   509   326   488   504   902   218   836   613   559   649   205   521   526   656   272   662   517   373   733   962   522    72   820     0 
  609   168   356   280   516   386   356    99     0   264   480   359   325    21   346   551   461   422   348   180    85   231   261   290   308   152   658   242   638   147   573   347   486   447   150   249   256   383    95   478   257   583   481   688   272   338   546     0 
  528   552   733   139   313   725   130   291   455     0   705   212   692   405   346   934   774   576   727   461   455   528   643   531   614   435   461   618  1015   324   945   727   633   752   311   634   640   769   384   762   631   328   838  1075   634    56   933     0 
  408   340   366   436   417   291   368   302   307   343     0   313   310   276   198   651   314   158   372    96   218   110   320    62   169   115   516   281   614   170   708   372   222   290   181   338   328   450   171   292   284   499   652   734   257   447   614     0 
  465   735   625   866   655   482   735   752   737   756   247     0   579   717   516   907   404   299   642   530   647   491   650   420   447   558   644   618   716   614   994   643   235   386   623   682   663   728   620   332   609   725   986   902   566   855   840     0 
  964   461   249   884  1005   302   918   703   551   850   520   884     0   590   785   268   329   633   256   542   528   486   343   533   420   561  1099   365    36   669   367   257   648   355   681   360   349   245   601   399   351  1086   436   193   351   938   189     0 
  922   235   190   668   893   332   756   496   332   667   574   746   238     0   688   148   418   626   172   431   354   406   194   483   392   434  1017   233   326   517   195   171   667   430   526   178   186    87   442   484   233   967   177   298   268   736   153     0 
  264   486   503   488   327   405   356   400   443   375   255   280   446   404     0   795   400   105   511   242   359   254   466   181   290   254   394   427   730   259   854   511   154   372   265   486   474   593   295   353   428   409   800   866   398   473   753     0 
 1058   383   298   812  1039   431   904   643   479   814   680   894   354   531   832     0   504   751   286   574   502   542   333   615   514   578  1160   371   293   665    99   286   786   522   674   323   328   201   590   575   368  1114   186   180   397   881    79     0 
  645   404   230   713   720    94   680   544   449   641   191   627   197   458   504   504     0   313   250   316   377   249   285   252   161   345   792   266   345   452   591   251   321    28   465   319   298   331   407    73   251   802   594   512   213   742   438     0 
  333   484   453   568   430   336   455   455   462   461   152   382   397   433   240   751   313     0   465   249   373   233   436   151   236   273   483   398   653   316   820   465    65   285   325   461   447   551   329   258   395   511   780   803   358   563   701     0 
  775   214    20   628   777   161   670   446   297   596   403   644    68   334   562   286   250   465     0   305   273   262    87   330   228   318   887   110   290   420   359     1   501   260   432   109    94    88   349   313    99   856   346   366   115   682   242     0 
  495   244   303   398   471   265   379   239   213   327   301   342   252   188   259   574   316   249   305     0   123    67   241   110   155    31   587   203   572   137   624   305   311   296   150   253   246   376    98   316   209   550   561   672   194   427   544     0 
  601   134   279   359   541   301   405   178    90   325   410   393   243    81   348   502   377   373   273   123     0   158   189   228   228   105   673   164   561   163   537   272   433   365   173   184   187   319    89   397   177   614   459   626   189   409   487     0 
  517   252   257   465   520   200   443   301   246   394   252   400   201   234   302   542   249   233   262    67   158     0   212    82    87    97   625   173   514   204   600   262   287   229   217   233   221   341   161   251   174   601   551   626   147   494   504     0 
  728   132    98   541   709   191   591   360   211   513   403   570    91   247   499   333   285   436    87   241   189   212     0   290   208   248   828    39   377   343   388    86   482   286   354    35    14   136   270   336    42   787   345   440    84   597   305     0 
  445   333   322   489   475   233   430   343   318   401   194   375   265   297   256   615   252   151   330   110   228    82   290     0   113   139   566   251   559   221   678   331   207   227   232   313   300   413   204   231   250   557   632   686   218   505   572     0 
  553   290   217   552   586   122   525   385   309   481   200   478   160   308   367   514   161   236   228   155   228    87   208   113     0   184   679   173   446   291   584   229   276   143   304   238   220   315   247   170   166   668   553   576   125   581   467     0 
  500   234   318   368   462   290   358   208   191   300   332   326   269   161   255   578   345   273   318    31   105    97   248   139   184     0   583   212   592   111   624   318   335   326   124   256   251   384    67   347   220   539   556   684   210   399   553     0 
  179   806   882   567   155   797   362   608   731   463   630   312   826   678   329  1160   792   483   887   587   673   625   828   566   679   583     0   790  1123   515  1207   887   499   765   509   839   833   962   586   741   795   144  1131  1250   772   498  1129     0 
  689   139   115   522   673   174   560   340   202   486   371   536    86   230   462   371   266   398   110   203   164   173    39   251   173   212   790     0   398   311   428   110   444   264   322    65    49   173   239   311    16   751   383   473    54   573   341     0 
  985   497   283   918  1032   326   949   737   586   882   534   914   324   624   812   293   345   653   290   572   561   514   377   559   446   592  1123   398     0   700   390   291   665   372   712   395   384   280   633   413   384  1113   465   196   383   971   216     0 
  463   293   422   268   379   401   250   141   217   190   411   229   376   166   200   665   452   316   420   137   163   204   343   221   291   111   515   311   700     0   699   420   381   432    13   344   344   478    75   446   322   451   617   783   317   290   647     0 
 1116   408   374   816  1078   513   929   658   498   833   760   927   427   553   878    99   591   820   359   624   537   600   388   678   584   624  1207   428   390   699     0   358   859   607   708   370   380   271   625   661   427  1150   126   253   462   891   178     0 
  776   212    21   627   777   162   670   445   296   596   404   644    69   333   562   286   251   465     1   305   272   262    86   331   229   318   887   110   291   420   358     0   502   261   432   108    93    87   349   314    98   856   344   366   115   681   242     0 
  335   540   488   631   465   360   510   520   523   523   136   434   433   496   291   786   321    65   501   311   433   287   482   207   276   335   499   444   665   381   859   502     0   293   389   509   493   589   393   256   440   543   827   825   401   623   732     0 
  618   400   241   695   692    99   657   528   439   620   165   602   202   445   477   522    28   285   260   296   365   229   286   227   143   326   765   264   372   432   607   261   293     0   444   321   300   344   390    54   251   775   605   537   210   722   458     0 
  462   301   434   256   371   414   238   135   222   177   422   220   388   170   198   674   465   325   432   150   173   217   354   232   304   124   509   322   712    13   708   432   389   444     0   354   354   488    85   459   333   442   624   794   330   277   658     0 
  746   105   124   528   716   226   589   347   191   507   435   573   125   233   510   323   319   461   109   253   184   233    35   313   238   256   839    65   395   344   370   108   509   321   354     0    21   136   269   370    73   792   319   442   116   586   303     0 
  736   121   107   536   713   205   591   355   203   511   416   572   104   242   504   328   298   447    94   246   187   221    14   300   220   251   833    49   384   344   380    93   493   300   354    21     0   134   270   350    54   789   334   440    97   593   303     0 
  857   225   104   659   845   246   724   480   320   642   491   706   156   366   634   201   331   551    88   376   319   341   136   413   315   384   962   173   280   478   271    87   589   344   488   136   134     0   404   398   167   923   264   307   195   720   169     0 
  522   220   352   306   453   346   322   141   153   250   398   304   309   110   263   590   407   329   349    98    89   161   270   204   247    67   586   239   633    75   625   349   393   390    85   269   270   404     0   412   251   526   545   709   251   343   573     0 
  587   445   295   713   679   153   659   553   477   631   122   600   255   478   469   575    73   258   313   316   397   251   336   231   170   347   741   311   413   446   661   314   256    54   459   370   350   398   412     0   299   761   659   584   257   734   510     0 
  691   154   102   536   681   159   571   354   218   499   362   546    70   246   468   368   251   395    99   209   177   174    42   250   166   220   795    16   384   322   427    98   440   251   333    73    54   167   251   299     0   759   387   464    43   587   334     0 
  280   743   854   446    83   790   248   517   659   354   663   224   801   604   301  1114   802   511   856   550   614   601   787   557   668   539   144   751  1113   451  1150   856   543   775   442   792   789   923   526   761   759     0  1064  1222   744   370  1092     0 
 1055   325   364   706   995   506   833   557   405   733   744   840   408   460   806   186   594   780   346   561   459   551   345   632   553   556  1131   383   465   617   126   344   827   605   624   319   334   264   545   659   387  1064     0   364   427   783   253     0 
 1129   525   369   961  1143   467  1030   785   622   949   702  1009   424   671   927   180   512   803   366   672   626   626   440   686   576   684  1250   473   196   783   253   366   825   537   794   442   440   307   709   584   464  1222   364     0   480  1025   145     0 
  662   191   110   547   664   123   567   367   243   501   320   535    59   264   448   397   213   358   115   194   189   147    84   218   125   210   772    54   383   317   462   115   401   210   330   116    97   195   251   257    43   744   427   480     0   593   357     0 
  548   501   688    83   346   688   145   240   404   104   686   223   650   355   344   881   742   563   682   427   409   494   597   505   581   399   498   573   971   290   891   681   623   722   277   586   593   720   343   734   587   370   783  1025   593     0   882     0 
 1017   381   250   817  1014   373   893   642   479   808   619   875   308   528   802    79   438   701   242   544   487   504   305   572   467   553  1129   341   216   647   178   242   732   458   658   303   303   169   573   510   334  1092   253   145   357   882     0     0 
    0     0     0     0     0     0     0     0     0     0     0     0     0     0     0     0     0     0     0     0     0     0     0     0     0     0     0     0     0     0     0     0     0     0     0     0     0     0     0     0     0     0     0     0     0     0     0     0 
