DIMENSION: 37
N: 15
M: 10
K: 2

SERVICE: 
278 62 567 203 365 122 430 140 299 30 314 161 210 118 343 

DIST MATRIX: 
    0   395   533   387   566   478   529   702   530   729    93   655   423   562   529   421   427   697   600   384   537   584   401   306   303   521   577   736   625   564   542   850   600   369   328   355   410     0 
  101     0   436    69   718   543   209   700   703   705   380   654   480   429   405   573   611   769   293   356   249   246   412    56   300   327   792   809   279   413   254   664   432   100    75   716   750     0 
  365   261     0   260   935   742   223   840   931   830   657   800   686   535   527   804   849   943   257   554   233   176   613   334   530   422  1030   981   153   510   233   664   507   293   330   992  1025     0 
  273   318   705     0   978   812   412   972   959   975   577   926   749   692   671   830   862  1040   485   627    62   407   683   298   566   583  1039  1081   412   673    63   896   686   185   346   835   930     0 
  476   397    59   510     0   168   376   260   378   267   422   214   143   111    91   280   335   346   374   113   682   432   105   428   198   186   488   384   473   133   686   378   169   536   370   762   657     0 
  533   462   110   572   310     0   443   199   328   213   444   152   123   160   149   246   300   278   438   158   747   499   123   487   240   251   439   317   539   186   751   389   216   597   431   764   641     0 
  424   396   204   487   300   127     0   334   293   359   287   287    63   251   222   169   220   359   455    89   670   493    46   390   122   283   395   400   538   267   675   527   306   504   346   614   512     0 
  771   670   287   790   437   340   601     0   478    94   706   163   374   295   316   459   502   284   560   413   949   639   387   718   498   407   575   294   668   315   952   267   310   821   657  1011   861     0 
  418   464   405   513   334   273   552   501     0   535   139   458   234   449   418   192   195   473   599   265   691   615   247   412   222   457   356   511   661   461   696   729   501   513   397   411   325     0 
  746   666   282   781   316   248   624    21   359     0   634    65   297   310   321   355   393   163   599   371   951   671   330   699   452   424   453   179   706   336   955   376   345   808   641   914   751     0 
  118    86   369   151   632   460   219   625   618   633     0   578   396   369   342   488   526   687   296   275   334   272   330    62   216   279   707   728   312   357   338   625   382   171    16   667   681     0 
  772   725   375   828   173   222   715   153   222   197   592     0   286   418   416   271   289    13   706   403  1008   770   348   735   468   520   298    52   809   445  1012   541   466   848   685   816   629     0 
  546   451    64   568   394   213   403   215   416   209   507   177     0    91   100   338   391   332   382   197   734   452   187   494   281   203   527   365   488   118   738   301   138   599   433   843   729     0 
  403   322    89   434   415   217   311   335   420   341   382   289   171     0    85   307   361   416   320    70   607   370   105   353   144   139   528   455   413   127   611   406   166   461   294   737   654     0 
  789   696   309   814   399   324   636   104   442    62   702   139   366   325     0   436   475   236   600   422   978   678   389   738   506   439   535   243   708   347   982   321   347   844   678   994   834     0 
  558   556   339   635   152   127   599   334   130   374   327   298   139   391   369     0    55   283   623   257   819   662   204   535   276   446   226   320   707   412   824   634   449   645   499   560   404     0 
  589   598   394   672   140   180   649   372   103   414   335   340   193   446   424    55     0   301   675   308   854   712   257   570   320   500   181   335   757   467   859   686   504   679   539   529   359     0 
  782   733   380   837   185   232   721   150   233   193   604   162   296   422   421   283   301     0   712   413  1017   776   357   745   478   526   308    41   815   449  1021   538   469   857   694   829   641     0 
  390   234   331   334   734   535    84   595   740   581   580   560   490   291   290   623   675   712     0   367   432    83   420   332   378   187   847   747   108   264   435   415   254   377   283   948   923     0 
  376   323   151   424   381   191   344   357   379   371   315   309   132   187   155   257   308   413   367     0   604   406    59   334    85   198   483   453   450   197   609   474   237   446   282   667   586     0 
  273   285   670   184   965   792   363   941   949   942   586   896   730   654   635   819   854  1017   432   604     0   352   661   285   549   542  1034  1057   354   634     5   846   644   178   324   865   947     0 
  347   194   396   274   783   586    64   667   784   655   577   629   536   361   355   662   712   776    83   406   352     0   463   293   401   250   888   812    46   335   354   498   331   316   256   938   933     0 
  427   381   159   480   322   132   401   314   322   334   322   266    73   206   177   204   257   357   420    59   661   463     0   387   124   243   427   398   507   222   666   482   261   500   338   657   557     0 
   61   100   431   102   682   515   250   686   665   694   325   639   451   431   404   535   570   745   332   334   285   293   387     0   269   337   750   785   329   418   289   682   441   113    63   661   695     0 
  304   280   231   366   418   247   337   436   406   453   241   388   183   260   227   276   320   478   378    85   549   401   124   269     0   239   501   519   446   264   554   549   303   382   226   604   547     0 
  397   270   146   391   549   350   200   418   557   409   474   379   309   114   105   446   500   526   187   198   542   250   243   337   239     0   666   562   289    92   546   347   105   427   274   842   781     0 
  766   779   545   851   139   320   826   435   111   481   490   420   357   597   579   226   181   308   847   483  1034   888   427   750   501   666     0   323   933   621  1039   801   654   857   720   582   365     0 
  824   773   416   878   210   274   759   170   259   208   643   191   338   456   457   320   335    41   747   453  1057   812   398   785   519   562   323     0   851   483  1061   555   501   898   735   859   666     0 
  380   232   434   298   827   629   109   702   828   688   620   665   579   397   393   707   757   815   108   450   354    46   507   329   446   289   933   851     0   370   355   511   362   340   297   979   978     0 
  475   358    76   479   495   300   290   331   510   320   505   295   274    27    45   412   467   449   264   197   634   335   222   418   264    92   621   483   370     0   637   286    40   513   355   863   778     0 
  278   290   674   188   970   797   365   945   954   946   591   900   734   658   639   824   859  1021   435   609     5   354   666   289   554   546  1039  1061   355   637     0   848   647   183   329   870   952     0 
  742   603   325   722   662   507   484   388   694   347   788   386   510   289   322   634   686   538   415   474   846   498   482   682   549   347   801   555   511   286   848     0   251   762   619  1138  1029     0 
  500   375   110   496   526   334   291   343   543   327   543   311   311    58    84   449   504   469   254   237   644   331   261   441   303   105   654   501   362    40   647   251     0   532   378   903   818     0 
   95   159   535    43   794   628   294   796   775   802   410   749   565   529   505   645   679   857   377   446   178   316   500   113   382   427   857   898   340   513   183   762   532     0   167   711   775     0 
  123    70   370   143   643   468   205   629   630   635   330   582   405   368   342   499   539   694   283   282   324   256   338    63   226   274   720   735   297   355   329   619   378   167     0   683   696     0 
  627   750   813   735   651   672   881   893   602   932   370   855   643   854   822   560   529   829   948   667   865   938   657   661   604   842   582   859   979   863   870  1138   903   711   683     0   229     0 
  681   766   715   787   457   529   871   731   408   773   370   699   519   763   734   404   359   641   923   586   947   933   557   695   547   781   365   666   978   778   952  1029   818   775   696   229     0     0 
    0     0     0     0     0     0     0     0     0     0     0     0     0     0     0     0     0     0     0     0     0     0     0     0     0     0     0     0     0     0     0     0     0     0     0     0     0     0 
