DIMENSION: 27
N: 15
M: 5
K: 2

SERVICE: 
371 389 429 179 213 749 115 62 245 409 304 235 329 86 426 

DIST MATRIX: 
    0   423   438   306    43   187    75   148   395   462   225   468   381   475   125   478   240   396   242   464   610   183   281   429   839   113   560     0 
  443     0   537   855   798   721   744   796   570   545   659   522   547   574   821   534   666   701   782   467   374   741   663  1031   763   754   915     0 
  432   399     0   763   769   663   719   813   645   640   600   406   616   674   771   633   601   588   822   556   508   766   585  1085   926   760   775     0 
  552   611   361     0   441   331   451   625   774   832   352   375   745   858   359   842   329   201   712   789   894   640   297   906  1243   573    80     0 
  357   420   263    96     0    91   214   390   541   601   127   291   514   626   144   613   109   153   475   568   687   402   103   685  1010   336   312     0 
  460   397   646   912   782     0   727   722   442   394   693   642   434   412   829   378   708   798   679   340   197   661   721   895   518   696  1034     0 
  188   246   275   309   168   130     0   246   324   384   101   303   296   409   198   396   125   295   304   353   481   228   166   554   793   184   516     0 
  377   421   489   392   127   259   129     0   337   403   283   518   329   412   211   420   302   469   157   419   568   107   346   352   764    55   644     0 
  491   453   734   874   653   695   610   513     0   183   663   746   270   160   728   172   685   836   433   235   227   458   718   571   232   521  1073     0 
  730   696   972  1078   834   903   800   667   459     0   879   986   491   378   916   403   903  1063   573   476   465   623   939   606    90   693  1295     0 
  415   461   514   388   129   271   148    89   377   443     0   543   370   450   207   460   321   481   182   461   610   145   363   343   796    97   644     0 
  347   408   209   126   272   134   264   442   562   619   140     0   532   646   210   629   117    85   522   577   686   446    85   743  1030   384   275     0 
  298   351   378   304    66   150    21   158   348   414   171   408     0   431   138   429   190   358   240   407   549   168   234   463   806   101   547     0 
  279   249   522   668   469   490   420   369    79    51   452   536    78     0   536    49   474   622   317    34   168   308   505   540   446   355   860     0 
  258   291    52   383   452   317   415   563   545   580   264    24   509   614     0   584   254   205   613   510   569   539   224   871   974   502   414     0 
  327   298   569   704   493   525   447   376    83    17   491   583   101    41   564     0   514   665   313    80   181   316   546   518   402   371   902     0 
  248   311   202   205   201    64   174   345   446   503    24   233   416   530   174   514     0   174   417   463   579   341    44   653   914   284   392     0 
  358   414   164   190   353   210   340   516   604   656   197   183   572   686   295   665   174     0   590   605   700   514   130   820  1067   456   242     0 
  399   423   574   541   278   388   261    95   238   296   394   600   246   293   363   313   417   590     0   339   485    76   461   266   616   140   787     0 
  256   221   499   661   473   483   422   384   105    85   442   511    94   119   536    80   463   605   339     0   149   323   492   569   467   366   845     0 
  342   287   570   782   615   608   563   534   247   197   560   576   243   216   673   181   579   700   485   149     0   473   601   699   428   514   942     0 
  337   368   499   471   213   314   189    61   234   299   318   526   230   305   298   316   341   514    76   323   473     0   385   333   658    71   714     0 
  263   325   171   194   241    97   217   390   481   536    67   201   450   564   203   546    44   130   461   492   601   385     0   697   948   329   356     0 
  665   687   829   728   472   610   481   310   464   502   633   857   484   484   549   518   653   820   266   569   699   333   697     0   678   372   985     0 
  722   683   965  1098   865   920   826   707   469   412   891   977   498   385   944   402   914  1067   616   467   428   658   948   678     0   726  1304     0 
  328   369   458   402   142   250   122    62   287   354   263   487   277   365   227   371   284   456   140   366   514    71   329   372   726     0   647     0 
  600   656   389   258   518   401   525   700   837   892   416   397   806   920   437   902   392   242   787   845   942   714   356   985  1304   647     0     0 
    0     0     0     0     0     0     0     0     0     0     0     0     0     0     0     0     0     0     0     0     0     0     0     0     0     0     0     0 
