DIMENSION: 27
N: 15
M: 5
K: 2

SERVICE: 
196 443 380 481 396 120 81 250 209 183 268 188 471 321 490 

DIST MATRIX: 
    0   379   392   510   199   359   458   328   431   585   827   418   114   395   532   621   798   646    98   904   546   878    93   296   501   468   507     0 
  807     0   569   262   832   974   769   495   487    54   331   785   679   763   359    21   175   669   573   347   165   241   664   456   189   602   838     0 
  489   250     0   260   513   662   555   263   342   268   551   549   370   524   334   304   482   564   261   613   254   562   346   223   200   424   623     0 
  664   203   692     0   749   914   870   270   642   290   652   862   644   837   582   302   374   348   541   666   410   494   535   538   165   307   938     0 
  254   254   649   656     0   559   740   189   662   622   948   702   396   679   715   654   796   397   356  1001   651   903   197   516   492   227   791     0 
  195   638   562   772    94     0   518   576   635   873  1088   458   263   448   771   909  1087   845   356  1173   822  1165   297   533   790   674   532     0 
  596   808   277   596   448   418     0   776   368   807   846    67   368    92   529   838  1017  1108   425   949   686  1047   568   401   806   935    41     0 
  432   253   359   295   454   604   521     0   336   327   598   510   313   485   356   363   541   570   204   664   303   621   291   201   255   418   588     0 
  765   794   199   402   656   688   240   788     0   642   571   299   510   297   304   664   822  1111   498   676   498   821   681   344   694   957   280     0 
  577   227   480   282   620   774   664   268   428     0   520   662   484   638   377   216   380   513   376   564   234   472   435   329    83   402   733     0 
 1127   759   798   486  1139  1271   992   815   705   378     0  1022   978  1004   543   344   234   939   878   180   415   113   985   727   507   905  1057     0 
  477   569   100   373   381   450   194   546   178   562   663     0   224   164   334   594   777   879   217   759   453   819   396   150   553   712   260     0 
  680   522   253    68   641   748   451   537   163   305   356   477     0   458    59   328   496   829   390   448   164   517   552   200   367   698   519     0 
  217   566   416   631    69   176   392   512   487   749   945   336   122     0   626   785   967   816   227  1032   687  1038   239   389   680   639   418     0 
  646   821   251   565   504   485    60   794   335   786   798   101   407   120     0   815   991  1128   449   902   659  1013   606   393   797   957    31     0 
  789   422   564   262   816   960   763   474   484    36   350   778   665   755   362     0   185   650   559   368   166   259   646   447   168   581   833     0 
  957   547   742   428   995  1143   941   609   657   220   382   959   848   937   518   185     0   705   741   347   333   122   815   631   309   681  1011     0 
  650   317   927   794   791   955  1068   334   904   634   999  1042   758  1018   886   650   705     0   683  1013   740   827   577   770   498   177  1128     0 
  293   390   299   421   262   402   390   352   333   523   739   359   108   335   436   559   741   683     0   819   466   812   184   198   459   510   447     0 
 1093   785   685   401  1079  1195   867   832   590   391   104   906   911   890   427   368   347  1013   819     0   361   252   953   644   534   949   928     0 
  732   460   410    97   728   856   609   495   324   147   297   630   564   609   196   166   333   740   466   361     0   366   592   314   245   636   678     0 
 1047   658   770   451  1072  1212   968   717   679   294   313   992   917   972   525   259   122   827   812   252   366     0   904   679   411   799  1035     0 
  143   341   483   569   222   390   550   281   515   610   883   508   200   486   603   646   815   577   184   953   592   904     0   374   508   400   597     0 
  491   454   158   245   441   551   335   444   147   414   556   337   271   314   240   447   631   770   198   644   314   679   374     0   405   613   404     0 
  649   254   552   316   700   856   740   308   491   143   505   741   567   716   418   168   309   498   459   534   245   411   508   405     0   415   809     0 
  481   177   767   674   615   782   898   169   753   558   918   869   581   845   757   581   681   177   510   949   636   799   400   613   415     0   956     0 
  630   824   269   586   485   459    70   795   356   804   825    89   397   112   514   833  1011  1128   447   928   678  1035   597   404   809   956     0     0 
    0     0     0     0     0     0     0     0     0     0     0     0     0     0     0     0     0     0     0     0     0     0     0     0     0     0     0     0 
