DIMENSION: 47
N: 15
M: 15
K: 2

SERVICE: 
318 395 85 77 343 324 256 452 281 175 189 141 456 68 131 

DIST MATRIX: 
    0   749   926   534   432  1059   702   888   872   282   406   688   324   810   575   615   817   272   590   469   441    72   786   361   805   834    78   384   102   520   495   840   619   934   779   514    23   583   293   730  1063   257   524   402    48   545   947     0 
  449     0   407   142   203   615   273   375   402   272   232   382   323   397   106   519   368   267   185   504   634   452   373   222   302   501   455   341   431   232   326   347   120   426   483   599   519   126   431   214   638   267   175   463   509   191   539     0 
  732   415     0   364   473   427   305    94   240   590   507   458   614   341   293   697   289   587   332   748   904   778   347   522   126   489   781   614   757   436   549   162   246   164   533   838   845   302   721   130   470   593   389   728   834   382   441     0 
  467   495   479     0   256   716   248   457   500   198   276   476   344   500   208   421   359   253   283   402   535   409   345   246   392   601   399   240   374   311   227   441   152   463   418   496   466   112   444   269   739   215   260   362   469   280   514     0 
  564   137   296   456     0   290   500   228   109   585   371   191   472    71   232   839   534   503   185   838   966   701   577   412   154   213   726   675   706   262   655   133   355   444   743   932   780   408   563   309   306   556   250   797   747   228   704     0 
  508    46   469   578   358     0   654   400   253   643   375    85   451   125   335   958   701   522   255   932  1040   704   738   428   331    65   742   762   726   265   765   305   496   620   894  1024   785   540   516   473   310   599   292   881   738   268   874     0 
  913   864   592   379   705   958     0   625   758   561   728   872   793   825   594   299   244   689   678   445   606   786   184   698   627   962   749   444   726   742   331   678   419   439    49   495   811   387   887   448   999   616   684   478   844   698   187     0 
  993   782   395   470   744   772   297     0   611   717   775   815   867   713   580   586   184   793   651   709   877   944   217   766   497   862   922   652   897   744   544   535   424   218   337   775   989   434   974   369   820   752   686   725  1004   690   121     0 
  621   164   506   690   485   254   749   441     0   769   501   210   574   179   449  1073   782   648   375  1053  1165   828   826   554   392    63   868   884   852   392   882   352   599   674   992  1147   909   648   633   558   223   726   417  1005   861   392   950     0 
  315   431   549   229   125   706   396   509   505     0   134   392   191   465   198   535   502   117   233   474   572   308   495    95   427   533   319   304   297   208   341   465   265   575   568   565   380   249   293   363   719   140   177   418   363   202   664     0 
  123   381   719   537   216   709   691   658   573   431     0   309   143   469   382   836   786   266   331   747   800   372   791   220   567   440   426   587   420   227   648   578   536   807   881   827   447   542   140   598   699   366   278   681   387   282   958     0 
  303   201   522   433   142   523   558   459   372   434   152     0   227   276   218   790   637   299   145   739   832   478   655   207   369   287   517   568   502    63   594   377   393   625   777   829   560   417   305   426   521   383   120   682   514   108   814     0 
  549   133   303   445   326   306   493   235   124   569   355   182     0    80   217   828   530   487   168   825   952   685   572   396   157   216   710   661   690   245   642   142   346   447   736   919   763   397   548   304   321   540   233   783   730   211   702     0 
  616   162   278   496   397   238   525   209    63   636   426   228   526     0   280   877   548   557   239   882  1014   755   595   467   155   215   780   721   760   315   696   117   389   438   768   977   834   444   616   328   258   609   304   843   801   282   713     0 
  439   418   434   128   202   644   275   403   430   244   228   401   313   424     0   497   376   247   206   478   606   428   375   211   330   523   429   313   405   242   304   376   134   445   475   572   494   126   419   236   665   241   187   436   486   206   543     0 
  794   914   775   384   659  1096   395   785   880   411   669   898   695   907   624     0   463   573   703   162   310   597   398   622   753  1019   544   255   527   728   196   807   489   664   254   195   596   432   765   577  1127   477   680   217   646   701   481     0 
  815   656   348   286   570   716   115   382   523   535   600   677   689   603   419   463     0   611   497   561   729   761    67   587   394   747   741   481   716   581   379   443   250   203   254   638   808   253   794   227   759   569   522   566   821   529   177     0 
  227   491   663   329   166   791   501   620   600   165   147   439   123   544   305   573   611     0   319   481   545   200   598    95   535   585   224   322   206   258   392   569   380   692   649   562   277   359   199   480   798   100   253   416   251   276   767     0 
  409   212   389   325   163   475   426   332   282   405   195   198   302   233    85   703   497   319     0   679   795   518   520   230   240   318   542   510   522   104   510   262   260   481   656   772   596   295   402   282   486   373    68   631   565    52   674     0 
  686   890   832   394   599  1114   469   828   897   317   601   862   604   902   609   162   561   481   679     0   169   461   503   548   780   995   404   171   390   681   199   832   513   749   396    94   448   454   656   620  1139   381   641    69   504   665   615     0 
  717  1002   988   542   689  1250   635   979  1035   398   683   964   660  1025   735   310   729   545   795   169     0   460   671   628   924  1104   397   295   393   778   359   974   662   914   559   120   418   604   688   774  1271   450   748   176   485   773   782     0 
  268   678   857   476   360   987   646   817   800   230   334   619   256   738   503   597   761   200   518   461   460     0   734   289   734   765    62   353    71   449   458   769   555   870   740   518    81   521   240   664   992   194   451   392    60   473   898     0 
  810   692   411   269   576   774   100   441   575   505   603   708   685   647   438   398    67   598   520   503   671   734     0   584   445   787   709   435   685   597   328   495   263   270   189   576   776   250   788   268   815   546   537   512   794   547   169     0 
  228   397   594   322    72   698   484   545   512   234    55   345   102   450   231   622   587    95   230   548   628   289   584     0   457   491   318   381   300   164   431   487   342   642   662   635   368   336   209   428   705   178   163   487   335   184   753     0 
  649   290   154   386   398   343   381    92   131   574   431   336   540   216   230   753   394   535   240   780   924   734   445   457     0   365   746   629   724   343   585    54   268   290   622   873   807   327   642   183   378   562   305   749   786   292   558     0 
  561   106   492   637   422   291   706   424   268   708   438   147   511   149   395  1019   747   585   318   995  1104   765   787   491   365     0   804   825   789   330   827   331   551   652   948  1088   846   598   571   520   268   663   356   945   798   332   918     0 
  327   714   862   460   390  1015   626   827   821   206   368   658   302   768   518   544   741   224   542   404   397    62   709   318   746   804     0   308    25   481   418   785   549   862   702   458    67   510   299   662  1022   188   477   336   101   500   869     0 
  540   721   699   250   429   956   372   686   740   158   432   691   445   736   444   255   481   322   510   171   295   353   435   381   629   825   308     0   287   510   114   679   370   644   396   263   368   313   510   484   978   224   471   122   407   494   581     0 
  326   697   838   435   372   995   601   804   800   181   352   642   291   749   496   527   716   206   522   390   393    71   685   300   724   789    25   287     0   464   395   763   524   837   679   448    92   485   297   638  1004   164   458   321   120   481   845     0 
  309   233   493   371    93   540   499   434   368   381   114   186   211   290   163   728   581   258   104   681   778   449   597   164   343   330   481   510   464     0   532   359   334   582   715   771   529   356   304   377   543   334    59   626   490    55   757     0 
  618   721   633   200   464   923   277   630   705   241   475   702   510   721   433   196   379   392   510   199   359   458   328   431   585   827   418   114   395   532     0   637   317   556   284   289   480   258   589   421   951   303   484   188   514   505   468     0 
  668   269   164   438   424   289   434    95    80   618   456   324   563   183   267   807   443   569   262   832   974   769   495   487    54   331   785   679   763   359   637     0   321   322   675   925   844   380   663   236   324   603   329   800   820   313   602     0 
  570   450   332   120   320   608   166   317   392   350   351   454   444   425   177   489   250   380   260   513   662   555   263   342   268   551   549   370   524   334   317   321     0   315   399   605   615    59   551   118   639   363   275   486   614   285   424     0 
  863   580   178   409   604   555   279   235   395   660   637   621   740   503   426   664   203   692   481   749   914   870   270   642   290   652   862   644   837   582   556   322   315     0   455   831   929   353   849   214   603   677   529   744   929   527   307     0 
  874   848   599   347   673   958   244   627   754   517   694   852   756   814   571   254   254   649   656   396   559   740   189   662   622   948   702   396   679   715   284   675   399   455     0   448   764   362   848   441   998   573   658   429   798   673   227     0 
  758   984   921   487   688  1208   552   919   991   401   688   954   684   996   703   195   638   562   772    94   120   518   576   635   873  1088   458   263   448   771   289   925   605   831   448     0   492   546   728   711  1234   463   734   147   554   757   674     0 
  337   759   926   527   439  1067   693   889   877   274   415   700   337   818   577   596   808   277   596   448   418    81   776   368   807   846    67   368    92   529   480   844   615   929   764   492     0   577   312   728  1072   253   530   382    70   552   935     0 
  563   495   387    62   327   666   149   375   449   307   354   492   437   477   210   432   253   359   295   454   604   521   250   336   327   598   510   313   485   356   258   380    59   353   362   546   577     0   542   172   696   328   298   428   581   311   418     0 
   30   501   787   520   248   827   689   733   671   353   214   432   108   581   428   765   794   199   402   656   688   240   788   209   642   571   299   510   297   304   589   663   551   849   848   728   312   542     0   634   822   288   337   588   249   350   957     0 
  650   428   215   234   390   524   199   209   314   466   424   451   526   379   216   577   227   480   282   620   774   664   268   428   183   520   662   484   638   377   421   236   118   214   441   711   728   172   634     0   560   475   321   598   722   322   402     0 
  816   321   425   750   633    52   758   377   248   890   657   391   747   255   537  1127   759   798   486  1139  1271   992   815   705   378   268  1022   978  1004   543   951   324   639   603   998  1234  1072   696   822   560     0   859   547  1101  1032   523   905     0 
  317   564   674   283   242   846   455   640   645    66   233   519   223   605   336   477   569   100   373   381   450   194   546   178   562   663   188   224   164   334   303   603   363   677   573   463   253   328   288   475   859     0   314   316   254   339   712     0 
  346   254   451   315    95   538   440   396   350   353   127   221   235   292   106   680   522   253    68   641   748   451   537   163   305   356   477   471   458    59   484   329   275   529   658   734   530   298   337   321   547   314     0   589   498    25   698     0 
  618   841   813   366   541  1078   466   804   862   254   541   809   538   858   566   217   566   416   631    69   176   392   512   487   749   945   336   122   321   626   188   800   486   744   429   147   382   428   588   598  1101   316   589     0   436   614   639     0 
  272   715   913   536   404  1030   707   871   847   290   376   653   288   780   556   646   821   251   565   504   485    60   794   335   786   798   101   407   120   490   514   820   614   929   798   554    70   581   249   722  1032   254   498   436     0   519   957     0 
  357   229   441   333   115   515   451   384   330   378   145   198   251   268   110   701   529   276    52   665   773   473   547   184   292   332   500   494   481    55   505   313   285   527   673   757   552   311   350   322   523   339    25   614   519     0   706     0 
  979   829   481   438   742   859   268   530   681   668   770   853   854   772   596   481   177   767   674   615   782   898   169   753   558   918   869   581   845   757   468   602   424   307   227   674   935   418   957   402   905   712   698   639   957   706     0     0 
    0     0     0     0     0     0     0     0     0     0     0     0     0     0     0     0     0     0     0     0     0     0     0     0     0     0     0     0     0     0     0     0     0     0     0     0     0     0     0     0     0     0     0     0     0     0     0     0 
