DIMENSION: 27
N: 15
M: 5
K: 2

SERVICE: 
318 395 85 77 343 324 256 452 281 175 189 141 456 68 131 

DIST MATRIX: 
    0   749   926   534   432  1059   702   888   872   282   406   688   324   810   575   186   274   673   129   519   417   384   852   488   761   545  1081     0 
  449     0   407   142   203   615   273   375   402   272   232   382   323   397   106   463   605   169   408   213   165   661   514   426   301   191   656     0 
  732   415     0   364   473   427   305    94   240   590   507   458   614   341   293   774   905   193   731   430   462   943   508   655   238   382   485     0 
  467   495   479     0   256   716   248   457   500   198   276   476   344   500   208   451   601   265   374   124    69   672   462   324   402   280   757     0 
  564   137   296   456     0   290   500   228   109   585   371   191   472    71   232   647   747   189   645   534   499   756   742   758    46   228   324     0 
  508    46   469   578   358     0   654   400   253   643   375    85   451   125   335   617   684   338   646   652   589   669   901   861   219   268   325     0 
  913   864   592   379   705   958     0   625   758   561   728   872   793   825   594   872  1025   573   773   339   459  1109    42   369   709   698  1015     0 
  993   782   395   470   744   772   297     0   611   717   775   815   867   713   580   992  1141   511   914   481   584  1205   261   619   606   690   833     0 
  621   164   506   690   485   254   749   441     0   769   501   210   574   179   449   736   793   434   770   766   711   767   991   980   295   392   234     0 
  315   431   549   229   125   706   396   509   505     0   134   392   191   465   198   314   459   295   260   268   157   523   615   418   395   202   737     0 
  123   381   719   537   216   709   691   658   573   431     0   309   143   469   382   249   295   472   319   582   469   292   924   710   476   282   714     0 
  303   201   522   433   142   523   558   459   372   434   152     0   227   276   218   398   485   289   421   498   409   494   805   679   274   108   538     0 
  549   133   303   445   326   306   493   235   124   569   355   182     0    80   217   631   731   180   629   522   484   741   736   745    45   211   339     0 
  616   162   278   496   397   238   525   209    63   636   426   228   526     0   280   701   799   225   700   573   545   805   761   800    79   282   276     0 
  439   418   434   128   202   644   275   403   430   244   228   401   313   424     0   445   589   198   385   195   137   650   510   401   329   206   684     0 
  132   599   847   526   312   921   699   798   753   315   279   532   175   672   484     0   153   586   113   538   419   244   892   583   644   424   936     0 
  182   675   972   676   433  1003   849   919   855   466   398   603   291   760   612   153     0   713   257   691   572   110  1044   727   751   536  1009     0 
  539   292   261   271   280   453   316   215   236   440   315   309   422   259   102   586   713     0   552   349   332   750   563   577   147   191   497     0 
  223   620   809   445   303   930   617   767   745   212   277   561   199   681   452   113   257   552     0   446   331   355   795   472   634   417   952     0 
  574   608   514    78   379   799   188   508   582   239   398   595   455   601   317   538   691   349   446     0   120   771   355   230   495   401   846     0 
  454   548   547   117   278   781   287   525   566   137   290   522   338   560   268   419   572   332   331   120     0   651   475   273   466   325   821     0 
  213   667  1004   749   473   993   919   946   865   557   439   594   338   759   652   244   110   750   355   771   651     0  1126   827   767   564   992     0 
  927   855   565   387   711   935   249   602   739   583   735   867   806   812   591   892  1044   563   795   355   475  1126     0   404   696   698   993     0 
  664   818   738   306   543  1028   374   736   811   282   549   795   568   823   532   583   727   577   472   230   273   827   404     0   721   597  1074     0 
  569   177   262   417   334   315   455   195   111   560   365   224   470   116   203   644   751   147   634   495   466   767   696   721     0   220   355     0 
  357   229   441   333   115   515   451   384   330   378   145   198   251   268   110   424   536   191   417   401   325   564   698   597   220     0   541     0 
  831   337   439   768   651    62   776   393   266   908   675   407   764   273   555   936  1009   497   952   846   821   992   993  1074   355   541     0     0 
    0     0     0     0     0     0     0     0     0     0     0     0     0     0     0     0     0     0     0     0     0     0     0     0     0     0     0     0 
