DIMENSION: 37
N: 15
M: 10
K: 2

SERVICE: 
318 395 85 77 343 324 256 452 281 175 189 141 456 68 131 

DIST MATRIX: 
    0   749   926   534   432  1059   702   888   872   282   406   688   324   810   575   544   337   571   578   250   731   247   894   855   324   335   387   649   433   298   777   530   892  1012   231   545   543     0 
  449     0   407   142   203   615   273   375   402   272   232   382   323   397   106   194   188   430   142   280   221   334   431   366   269   287   198   391   273   249   480    17   373   518   289   191   695     0 
  732   415     0   364   473   427   305    94   240   590   507   458   614   341   293   385   512   616   311   603   140   646   285   181   575   586   498   517   526   569   513   317    63   257   615   382   941     0 
  467   495   479     0   256   716   248   457   500   198   276   476   344   500   208   283   176   333   242   258   310   330   432   461   181   194   104   311   326   177   576    98   431   608   250   280   593     0 
  564   137   296   456     0   290   500   228   109   585   371   191   472    71   232   229   453   751   209   526   183   533   553   129   595   616   529   686   361   562   233   340   340   262   558   228  1029     0 
  508    46   469   578   358     0   654   400   253   643   375    85   451   125   335   266   496   869   298   547   349   526   725   295   666   691   613   822   341   622    57   450   516   390   587   268  1114     0 
  913   864   592   379   705   958     0   625   758   561   728   872   793   825   594   701   621   279   634   686   573   766   283   700   510   494   472   177   776   555   960   494   508   783   660   698   587     0 
  993   782   395   470   744   772   297     0   611   717   775   815   867   713   580   693   715   540   615   800   481   868   114   552   676   671   612   417   811   702   881   528   322   580   791   690   874     0 
  621   164   506   690   485   254   749   441     0   769   501   210   574   179   449   391   622   984   415   673   432   651   796   336   791   815   736   929   466   748   125   565   568   381   714   392  1238     0 
  315   431   549   229   125   706   396   509   505     0   134   392   191   465   198   203    41   452   209   132   352   186   570   481   201   227   164   454   187   154   493   163   521   638   149   202   649     0 
  123   381   719   537   216   709   691   658   573   431     0   309   143   469   382   278   306   758   355   284   524   215   844   583   478   505   470   768   147   420   375   436   724   726   330   282   893     0 
  303   201   522   433   142   523   558   459   372   434   152     0   227   276   218   104   285   704   181   324   334   301   684   381   465   492   425   682   116   415   237   310   535   525   366   108   912     0 
  549   133   303   445   326   306   493   235   124   569   355   182     0    80   217   213   436   739   193   510   178   517   551   140   580   601   514   676   345   546   231   326   343   277   542   211  1015     0 
  616   162   278   496   397   238   525   209    63   636   426   228   526     0   280   284   506   789   260   580   205   587   559   104   644   664   576   718   415   613   249   384   332   214   611   282  1074     0 
  439   418   434   128   202   644   275   403   430   244   228   401   313   424     0   209   168   409   164   259   250   317   441   395   240   258   169   377   273   221   500    35   397   547   265   206   667     0 
  354   228   444   335   113   515   454   386   332   378   143   196   249   268   114     0   234   616    79   299   246   304   581   325   400   425   348   585   145   357   297   209   446   479   334     4   847     0 
  292   461   590   253   142   743   424   550   544   150   141   417   173   500   239   234     0   452   247    92   393   154   603   522   184   211   163   465   194   131   518   201   561   678   108   234   628     0 
  723   825   696   295   575  1009   319   702   793   342   586   809   619   819   535   616   452     0   571   488   591   570   473   743   289   265   289   124   639   345   909   419   622   867   451   613   341     0 
  422   254   375   281   165   498   382   323   296   376   199   243   307   264    40    79   247   571     0   328   173   350   503   277   387   409   325   528   214   353   339   153   371   434   355    75   827     0 
  235   516   680   332   190   815   505   639   623   149   172   464   141   568   325   299    92   488   328     0   482    83   689   605   200   226   214   521   214   142   561   293   652   762    46   300   612     0 
  595   304   203   306   337   418   320   157   201   493   372   334   479   253   160   246   393   591   173   482     0   517   377   154   488   504   413   514   387   470   404   217   201   298   500   242   893     0 
  153   501   719   406   191   815   577   672   636   230   162   441    81   565   357   304   154   570   350    83   517     0   756   625   282   307   296   603   185   225   532   349   699   781   121   306   678     0 
  880   681   327   361   630   704   193   374   525   612   661   710   754   619   468   581   603   473   503   689   377   756     0   466   575   572   507   351   697   597   781   414   245   519   682   578   814     0 
  676   262   174   460   435   267   457   106    59   636   467   320   574   172   283   325   522   743   277   605   154   625   466     0   636   653   563   661   467   613   352   366   232   157   630   323  1047     0 
  434   628   660   224   324   882   381   637   670    53   325   592   336   652   364   400   184   289   387   200   488   282   575   636     0    27    77   337   377    58   694   271   609   786   162   399   448     0 
  460   652   671   228   351   901   379   650   689    77   352   618   363   674   384   425   211   265   409   226   504   307   572   653    27     0    90   319   404    85   719   287   618   802   187   423   423     0 
  446   572   583   150   289   813   315   561   599   105   298   543   334   589   297   348   163   289   325   214   413   296   507   563    77    90     0   307   351    90   645   197   533   711   189   346   503     0 
  753   776   594   249   567   927   213   608   714   389   585   771   638   756   489   585   465   124   528   521   514   603   351   661   337   319   307     0   636   385   866   377   516   773   492   582   463     0 
  210   317   587   397    71   634   546   531   468   339    53   256   113   385   238   145   194   639   214   214   387   185   697   467   377   404   351   636     0   322   349   291   586   619   258   147   817     0 
  378   585   652   237   273   851   405   623   643    23   271   545   278   615   334   357   131   345   353   142   470   225   597   613    58    85    90   385   322     0   647   255   608   766   107   356   497     0 
  497    99   526   620   377   357   704   457   309   667   389   102   454   181   377   297   518   909   339   561   404   532   781   352   694   719   645   866   349   647     0   492   573   441   603   299  1142     0 
  466   406   399   128   220   618   256   369   403   277   249   395   340   404   116   209   201   419   153   293   217   349   414   366   271   287   197   377   291   255   492     0   362   515   300   206   690     0 
  791   476    84   391   530   459   304   131   289   629   565   520   671   398   350   446   561   622   371   652   201   699   245   232   609   618   533   516   586   608   573   362     0   276   662   443   955     0 
  825   370   193   597   590   193   561   166   153   789   622   439   727   271   439   479   678   867   434   762   298   781   519   157   786   802   711   773   619   766   441   515   276     0   786   477  1184     0 
  273   555   695   321   229   847   494   657   651   109   214   505   187   602   347   334   108   451   355    46   500   121   682   630   162   187   189   492   258   107   603   300   662   786     0   334   566     0 
  357   229   441   333   115   515   451   384   330   378   145   198   251   268   110     4   234   613    75   300   242   306   578   323   399   423   346   582   147   356   299   206   443   477   334     0   846     0 
  814  1074  1025   588   770  1307   657  1022  1090   479   767  1040   751  1091   798   847   628   341   827   612   893   678   814  1047   448   423   503   463   817   497  1142   690   955  1184   566   846     0     0 
    0     0     0     0     0     0     0     0     0     0     0     0     0     0     0     0     0     0     0     0     0     0     0     0     0     0     0     0     0     0     0     0     0     0     0     0     0     0 
