DIMENSION: 27
N: 15
M: 5
K: 2

SERVICE: 
318 231 131 268 316 143 335 279 175 130 185 104 300 207 356 

DIST MATRIX: 
    0   107   344   338   247   223   118   192   544   698   234   471   188   449   313   140   441   149   241   680   247   624   521   418   454   474    34     0 
  366     0   444   446   351   310   229   325   665   718   307   604   308   592   422    76   490    75   282   718   108   720   559   353   358   394   131     0 
  486   245     0   418    42    72   271   254   335   864   105   283   287   350   396   280   281   361   424   830   437   410   680   633   669   690   206     0 
  462   406   507     0   484   525   415   312   471   703   558   358   338   138   276   636   704   609   479   630   727   658   544   743   830   814   523     0 
  490   340   326   322     0   364   358   260   301   806   396   186   302    58   315   525   523   539   475   745   648   480   629   738   809   807   417     0 
  571   337    60   475    90     0   363   324   230   942   167   195   363   324   456   383   257   467   517   901   542   310   757   736   775   795   313     0 
  332   353   653   491   557   522     0   437   862   592   521   787   402   729   474   290   705   170   271   617   144   932   471   157   141   181   325     0 
  516   354   301   353   300   350   373     0   267   838   382   152   322    81   345   525   498   549   497   778   655   447   660   758   825   826   421     0 
  851   620   252   737   349   383   646   600     0  1217   388   278   642   497   722   628   282   736   799  1170   794    28  1032  1014  1045  1069   582     0 
  421   659  1034   563   944   935   634   672  1162     0   951  1054   630   885   571   784  1160   638   482   219   688  1300   258   401   481   416   747     0 
  723   486   216   686   235   211   508   520   419  1105     0   443   545   594   664   369    57   508   649  1081   525   355   925   796   799   838   380     0 
  718   504   203   584   281   331   529   464    38  1069   350     0   509   324   571   575   346   655   677  1017   734   196   887   914   960   976   502     0 
  365   379   577   179   532   564   379   291   582   572   596   467     0   251   197   623   768   567   401   498   686   762   419   653   748   724   513     0 
  316   176   358   175   299   325   189    85   439   657   356   330   124     0   159   400   538   381   296   607   496   589   474   560   633   629   288     0 
  435   562   820   332   768   793   553   493   828   442   823   714   483   495     0   803  1007   711   506   353   824  1011   361   698   804   761   702     0 
  420   245   384   473   294   248   251   332   613   783   240   561   326   576   449     0   415   146   336   779   166   654   618   429   431   469   113     0 
  750   509   197   699   240   229   533   534   376  1132   209   412   564   579   677   415     0   550   679  1104   575   299   950   839   846   883   415     0 
  296   205   484   397   388   354   194   298   692   643   357   620   272   581   375   146   550     0   214   645   120   763   485   288   309   336   155     0 
   84   180   555   222   463   453   154   220   709   457   470   612   175   498   206   336   679   214     0   444   320   827   284   267   351   337   272     0 
  362   596   951   433   871   875   574   578  1039    90   897   926   543   733   448   779  1104   645   444     0   727  1197   160   491   592   533   713     0 
  398   321   548   515   456   412   313   415   772   713   406   711   391   693   493   166   575   120   320   727     0   820   572   300   277   324   239     0 
  879   648   280   764   377   410   674   628   192  1244   414   300   670   520   749   654   299   763   827  1197   820     0  1060  1042  1072  1097   610     0 
  203   441   805   307   721   721   418   433   913   185   742   802   395   627   317   618   950   485   284   160   572  1060     0   362   468   416   554     0 
  288   414   762   478   665   637   390   479   949   452   643   861   436   764   467   429   839   288   267   491   300  1042   362     0   106    71   434     0 
  386   473   793   570   696   662   452   549   996   547   662   916   509   840   557   431   846   309   351   592   277  1072   468   106     0    65   463     0 
  358   479   817   549   720   690   456   547  1011   485   693   926   505   834   538   469   883   336   337   533   324  1097   416    71    65     0   488     0 
  351   140   330   371   233   203   151   222   539   729   211   473   220   466   346   113   415   155   272   713   239   610   554   434   463   488     0     0 
    0     0     0     0     0     0     0     0     0     0     0     0     0     0     0     0     0     0     0     0     0     0     0     0     0     0     0     0 
