DIMENSION: 37
N: 15
M: 10
K: 2

SERVICE: 
278 62 567 203 365 122 430 140 299 30 314 161 210 118 343 

DIST MATRIX: 
    0   395   533   387   566   478   529   702   530   729    93   655   423   562   529   579   534   416   394   456   315   422   582   601   452   367   339   330   644   590   449   435   693   713   665   355   205     0 
  101     0   436    69   718   543   209   700   703   705   380   654   480   429   405   758   559   410   362   410   322   461   859   786   499   483   186   302   296   267   769   431   876   856   915   716   552     0 
  365   261     0   260   935   742   223   840   931   830   657   800   686   535   527   984   735   603   557   581   519   664  1116  1012   697   712   401   520   148   219  1025   620  1096  1059  1161   992   830     0 
  273   318   705     0   978   812   412   972   959   975   577   926   749   692   671  1014   831   682   634   682   277   731  1084  1041   769   742   459   571   418   448   809   703  1133  1121  1152   835   724     0 
  476   397    59   510     0   168   376   260   378   267   422   214   143   111    91   423   140    85   103    39   693   122   622   451   133   216   257   174   490   399   926    74   521   469   629   762   548     0 
  533   462   110   572   310     0   443   199   328   213   444   152   123   160   149   369    76   111   149    93   743   112   581   396   101   202   317   221   555   465   942    90   462   405   580   764   552     0 
  424   396   204   487   300   127     0   334   293   359   287   287    63   251   222   347   167    67    90   119   612    53   505   375    88    82   242   121   557   470   785    75   460   435   531   614   400     0 
  771   670   287   790   437   340   601     0   478    94   706   163   374   295   316   494   270   373   404   340   993   370   739   513   347   449   548   475   679   597  1200   353   536   446   701  1011   803     0 
  418   464   405   513   334   273   552   501     0   535   139   458   234   449   418   349   339   268   272   319   535   243   398   372   261   159   336   246   681   604   592   278   465   482   462   411   197     0 
  746   666   282   781   316   248   624    21   359     0   634    65   297   310   321   372   186   321   362   305   955   300   618   390   268   363   528   434   720   632  1112   300   414   326   578   914   710     0 
  118    86   369   151   632   460   219   625   618   633     0   578   396   369   342   673   479   329   282   333   352   378   778   701   416   397   110   219   332   281   743   350   791   771   831   667   489     0 
  772   725   375   828   173   222   715   153   222   197   592     0   286   418   416   219   203   349   397   358   956   301   464   232   263   320   573   459   825   735  1031   329   247   160   415   816   628     0 
  546   451    64   568   394   213   403   215   416   209   507   177     0    91   100   455   158   168   187   124   769   194   672   481   191   288   323   256   503   414  1011   155   540   475   667   843   629     0 
  403   322    89   434   415   217   311   335   420   341   382   289   171     0    85   469   206    86    63    51   623   147   649   498   173   227   182   116   431   341   887    95   574   530   667   737   524     0 
  789   696   309   814   399   324   636   104   442    62   702   139   366   325     0   454   257   377   413   351  1006   365   700   471   338   437   567   485   721   636  1188   356   488   397   657   994   788     0 
  742   740   477   821    61   255   774   354    55   400   488   340   300   529   514     0   296   386   429   422   883   324   246    29   296   276   587   466   898   809   856   374   119   144   214   629   468     0 
  579   522   186   628   236    70   515   168   258   197   447   121   111   235   225   296     0   150   197   155   777   115   517   323    82   180   373   263   630   539   932   128   386   330   509   741   533     0 
  429   376   138   479   334   139   388   306   336   323   339   258    86   184   156   386   150     0    48    52   633    63   563   415    94   143   224   114   512   423   843    22   495   457   582   677   463     0 
  385   328   141   431   378   186   345   348   377   362   324   300   130   179   147   429   197    48     0    64   594   107   595   458   141   172   176    73   470   382   829    69   539   504   620   675   462     0 
  441   369    86   479   366   167   362   292   373   302   384   245   128   132   105   422   155    52    64     0   655   105   609   450   126   193   224   135   481   390   889    51   525   480   623   728   514     0 
  235   384   709   285   862   737   530   939   831   956   398   891   674   716   687   883   777   633   594   655     0   664   896   907   700   639   451   522   596   586   532   655  1000  1010   980   574   504     0 
  471   432   181   529   272    82   451   282   273   307   337   235    24   232   208   324   115    63   107   105   664     0   504   352    38    95   278   160   575   485   831    54   433   398   520   653   440     0 
  814   857   681   911   302   459   927   599   264   645   509   581   481   733   711   246   517   563   595   609   896   504     0   233   489   423   717   606  1056   972   721   558   261   349   107   486   403     0 
  768   768   505   848    87   283   803   373    83   419   510   361   329   556   541    29   323   415   458   450   907   352   233     0   325   304   615   494   927   838   866   403    94   135   191   637   482     0 
  509   468   191   567   241    45   482   250   248   278   366   203    29   243   223   296    82    94   141   126   700    38   489   325     0   104   315   197   604   514   853    78   402   363   498   668   457     0 
  472   464   275   546   236   115   509   343   221   376   276   299    79   325   298   276   180   143   172   193   639    95   423   304   104     0   312   192   637   551   752   144   393   380   452   564   354     0 
  223   154   261   256   542   359   217   516   533   523   309   469   298   266   237   587   373   224   176   224   451   278   717   615   315   312     0   122   345   271   787   245   702   675   760   679   481     0 
  315   276   204   369   420   241   321   419   412   434   269   371   178   232   199   466   263   114    73   135   522   160   606   494   197   192   122     0   450   367   773   136   581   555   643   632   422     0 
  397   250   450   313   845   647   130   716   847   702   640   680   598   412   409   898   630   512   470   481   596   575  1056   927   604   637   345   450     0    91  1064   525  1005   959  1089   999   816     0 
  367   211   360   304   755   557    61   628   759   615   576   591   509   322   319   809   539   423   382   390   586   485   972   838   514   551   271   367    91     0  1024   435   915   868  1002   941   750     0 
  669   816   971   766   872   865   962  1092   825  1127   506  1050   825  1005   971   856   932   843   829   889   532   831   721   866   853   752   787   773  1064  1024     0   858   942  1000   828   235   404     0 
  451   396   132   500   320   123   403   284   325   302   356   236    77   181   155   374   128    22    69    51   655    54   558   403    78   144   245   136   525   435   858     0   480   440   573   689   475     0 
  861   856   572   939   161   358   883   399   174   444   603   399   410   621   610   119   386   495   539   525  1000   433   261    94   402   393   702   581  1005   915   942   480     0    96   181   709   567     0 
  852   830   514   922   149   318   841   313   185   356   621   320   377   561   554   144   330   457   504   480  1010   398   349   135   363   380   675   555   959   868  1000   440    96     0   277   772   611     0 
  880   906   685   971   275   461   961   561   252   607   585   552   496   737   720   214   509   582   620   623   980   520   107   191   498   452   760   643  1089  1002   828   573   181   277     0   593   498     0 
  627   750   813   735   651   672   881   893   602   932   370   855   643   854   822   629   741   677   675   728   574   653   486   637   668   564   679   632   999   941   235   689   709   772   593     0   214     0 
  478   575   599   586   475   464   693   690   430   726   176   649   431   641   609   468   533   463   462   514   504   440   403   482   457   354   481   422   816   750   404   475   567   611   498   214     0     0 
    0     0     0     0     0     0     0     0     0     0     0     0     0     0     0     0     0     0     0     0     0     0     0     0     0     0     0     0     0     0     0     0     0     0     0     0     0     0 
