DIMENSION: 37
N: 15
M: 10
K: 2

SERVICE: 
371 389 429 179 213 749 115 62 245 409 304 235 329 86 426 

DIST MATRIX: 
    0   423   438   306    43   187    75   148   395   462   225   468   381   475   125   363   289   827   159   484   323   297   526   333   430   776   440   576   268   563   215   694   376   374   469   113   398     0 
  443     0   537   855   798   721   744   796   570   545   659   522   547   574   821   522   558   696   971   813   509   530   829   539   501    52   699   689   978   881   598   314   787   503   585   754   770     0 
  432   399     0   763   769   663   719   813   645   640   600   406   616   674   771   450   588   862   950   905   537   550   928   586   405   228   789   809   908   983   582   146   857   560   460   760   847     0 
  552   611   361     0   441   331   451   625   774   832   352   375   745   858   359   406   630  1212   537   946   623   601   988   677   401   885   875   995   316  1031   493   626   840   703   313   573   856     0 
  357   420   263    96     0    91   214   390   541   601   127   291   514   626   144   244   399   984   353   706   399   375   748   448   280   743   636   758   224   792   262   557   601   477   262   336   617     0 
  460   397   646   912   782     0   727   722   442   394   693   642   434   412   829   593   495   450   932   641   460   486   646   457   602   208   538   489  1000   694   588   515   643   415   707   696   620     0 
  188   246   275   309   168   130     0   246   324   384   101   303   296   409   198   185   181   766   347   511   186   160   551   230   256   597   428   544   369   599    46   507   412   261   321   184   422     0 
  377   421   489   392   127   259   129     0   337   403   283   518   329   412   211   403   258   756   184   399   301   278   441   294   474   767   362   500   348   476   228   722   291   336   527    55   314     0 
  491   453   734   874   653   695   610   513     0   183   663   746   270   160   728   643   385   200   742   290   393   413   283   337   691   546   225   117   896   322   522   754   337   312   800   521   308     0 
  730   696   972  1078   834   903   800   667   459     0   879   986   491   378   916   878   603   151   883   347   621   638   312   558   930   769   366   236  1073   311   739   999   445   542  1037   693   417     0 
  415   461   514   388   129   271   148    89   377   443     0   543   370   450   207   432   300   790   143   421   343   320   463   336   501   808   394   532   326   495   264   756   314   378   549    97   339     0 
  347   408   209   126   272   134   264   442   562   619   140     0   532   646   210   213   417  1000   420   746   410   388   787   465   235   712   668   785   281   833   281   504   643   490   199   384   657     0 
  298   351   378   304    66   150    21   158   348   414   171   408     0   431   138   297   228   789   232   475   257   230   517   275   366   704   415   546   306   559   143   625   368   315   415   101   386     0 
  279   249   522   668   469   490   420   369    79    51   452   536    78     0   536   429   181   411   591   317   179   202   339   131   480   449   202   236   709   393   314   578   290    99   587   355   271     0 
  258   291    52   383   452   317   415   563   545   580   264    24   509   614     0   135   417   928   630   786   380   373   822   447    64   494   683   766   538   875   324   246   701   451    83   502   704     0 
  154   207    99   333   331   213   289   430   426   469   151   123   392   502   322     0   290   835   513   658   260   248   695   326    71   500   559   652   461   747   190   335   570   337   161   368   574     0 
  174   189   389   489   294   310   243   239   145   203   278   410   115   229   357   290     0   585   437   370    52    45   406    50   354   514   269   370   530   459   137   532   290    87   450   203   289     0 
  681   637   922  1073   850   895   808   701   444   382   862   932   470   359   926   835   585     0   928   423   590   612   398   536   878   649   399   262  1093   415   722   907   501   510   988   715   471     0 
  530   582   578   363   182   314   232   229   520   586   367   609   513   592   211   513   437   928     0   541   476   451   581   476   577   934   529   667   244   605   375   847   439   518   599   237   466     0 
  538   534   758   778   519   616   496   337   262   269   610   780   295   239   604   658   370   423   541     0   410   414    42   344   724   762   116   176   746    89   481   881   108   355   816   377    89     0 
  128   138   357   493   322   315   268   287   166   213   274   376   132   243   376   260    52   590   476   410     0    27   444    67   319   467   304   392   550   498   140   483   336    81   420   247   333     0 
  129   151   347   468   296   290   241   268   181   232   250   367   148   261   349   248    45   612   451   414    27     0   450    80   310   488   311   407   523   503   114   489   334   103   408   224   334     0 
  572   564   795   821   561   658   538   379   290   288   651   816   324   256   646   695   406   398   581    42   444   450     0   377   760   777   143   166   788    55   521   909   151   385   854   420   131     0 
  194   194   424   538   341   360   291   267   101   154   326   443    68   182   405   326    50   536   476   344    67    80   377     0   386   493   236   327   578   432   186   542   275    42   487   239   270     0 
  201   241    45   360   396   268   356   501   485   523   210    57   450   556   378    71   354   878   577   724   319   310   760   386     0   486   622   708   503   813   261   279   638   392   111   439   641     0 
  410   353   525   834   763   693   709   753   520   494   631   512   499   523   790   500   514   649   934   762   467   488   777   493   486     0   649   637   950   830   562   327   737   457   577   713   720     0 
  430   421   658   716   468   544   435   304   147   154   529   678   181   128   551   559   269   399   529   116   304   311   143   236   622   649     0   138   707   198   392   766   114   242   719   327    86     0 
  509   484   748   842   602   667   566   442   227   188   644   765   260   153   683   652   370   262   667   176   392   407   166   327   708   637   138     0   843   207   504   811   239   316   812   463   209     0 
  547   609   486   170   243   257   288   410   654   720   319   514   635   736   174   461   530  1093   244   746   550   523   788   578   503   950   707   843     0   821   413   781   639   616   480   381   662     0 
  626   619   847   862   599   702   580   415   345   343   698   869   379   310   685   747   459   415   605    89   498   503    55   432   813   830   198   207   821     0   570   964   191   440   905   460   177     0 
  155   209   286   354   201   176   147   244   282   340   141   312   252   366   241   190   137   722   375   481   140   114   521   186   261   562   392   504   413   570     0   495   386   216   339   185   394     0 
  361   349   295   629   665   546   619   736   619   629   486   269   586   664   656   335   532   907   847   881   483   489   909   542   279   327   766   811   781   964   495     0   817   526   319   679   812     0 
  463   469   669   671   411   512   389   229   217   250   509   692   242   232   496   570   290   501   439   108   336   334   151   275   638   737   114   239   639   191   386   817     0   297   724   270    30     0 
  193   179   432   570   381   391   330   308    96   133   353   449    61   165   443   337    87   510   518   355    81   103   385    42   392   457   242   316   616   440   216   526   297     0   497   281   288     0 
  309   352    67   318   429   286   401   564   587   629   245    65   552   661   389   161   450   988   599   816   420   408   854   487   111   577   719   812   480   905   339   319   724   497     0   502   731     0 
  328   369   458   402   142   250   122    62   287   354   263   487   277   365   227   368   203   715   237   377   247   224   420   239   439   713   327   463   381   460   185   679   270   281   502     0   289     0 
  461   463   674   690   431   527   407   253   203   229   521   696   231   208   516   574   289   471   466    89   333   334   131   270   641   720    86   209   662   177   394   812    30   288   731   289     0     0 
    0     0     0     0     0     0     0     0     0     0     0     0     0     0     0     0     0     0     0     0     0     0     0     0     0     0     0     0     0     0     0     0     0     0     0     0     0     0 
