DIMENSION: 37
N: 15
M: 10
K: 2

SERVICE: 
74 705 379 27 260 128 387 104 67 334 122 301 326 101 97 

DIST MATRIX: 
    0   422   412   659   512   429   703   426   426   435   665   505   483   360   381   257   348   193   287   447   357   533   160   242   527   175   598   800   373   377   230   444   422   370   681    71   450     0 
  397     0   688   979   647   652  1005   668   733   663   969   812   804   584   596   193   341   501   241   562   215   508   336   559   853   274   825  1035   698   389   137   463   748   683  1005   256   776     0 
   87   392     0   656   451   380   685   382   410   387   648   489   511   309   329   293   289   177   330   511   392   589    96   278   536   120   551   757   378   433   252   502   431   359   685    96   467     0 
  606   361   388     0   692   516   176   471   285   501   163   221   324   535   545   919   851   501   932   877  1015  1074   694   493   178   760   487   511   308   948   907   979   269   322    65   750   274     0 
  221   237   215   558     0   174   543   185   299   184   510   368   525   104   122   497   267   164   537   697   593   795   149   359   488   210   348   557   339   639   447   706   397   274   610   302   452     0 
  410   289   262   618    72     0   551   174   384   143   528   427   670   133   112   659   293   343   704   886   749   973   303   538   596   343   249   450   473   818   600   888   525   388   686   474   586     0 
  541   437   462   230   781   599     0   555   339   587   364   323   139   592   609   812   858   469   812   696   899   907   671   375   126   730   630   704   264   798   816   816   206   335   168   674   158     0 
  276    94    76   417   303   133   400     0   161   128   367   225   434   105   124   595   409   163   628   728   695   859   279   333   365   344   268   461   236   707   556   765   289   152   474   399   350     0 
  332   161   182   255   497   316   310   273     0   306   272   119   250   305   323   654   588   224   672   678   752   850   420   261   166   484   382   518    68   711   635   753    97    50   291   476   160     0 
  131   360   344   649   384   325   662   333   394     0   627   472   538   254   272   346   236   175   388   579   443   654    34   319   544    89   499   707   385   499   296   569   441   350   686   155   485     0 
  470   175   201   161   505   328   160   283   119   313     0    40   342   349   358   797   671   353   818   826   896  1001   530   411   198   596   318   400   212   861   773   904   210   175   233   613   257     0 
  292   162   137   496   224    85   461    90   244    91   431     0   516    22    46   588   338   201   626   764   685   876   244   391   451   304   256   463   320   721   540   785   373   238   556   391   434     0 
  735   717   741   500  1055   876   659   833   619   865   641   610     0   859   879   933  1088   699   916   700  1002   921   889   544   411   938   918   987   519   855   958   846   466   603   420   844   405     0 
  272   100    81   423   300   132   406   104   166   128   373   231   437     0   121   590   403   160   623   726   690   856   273   333   370   338   270   465   240   703   551   762   292   157   479   394   353     0 
  349   281   254   615   131   139   566   178   368   155   539   421   636   108     0   594   248   292   639   824   685   908   238   488   576   279   292   500   442   753   535   823   497   362   679   409   556     0 
  329   678   668   901   717   671   957   674   680   679   919   759   677   600   618     0   457   449    54   369   100   341   356   438   755   319   843  1050   612   203    72   280   653   622   912   197   668     0 
  367   498   473   825   320   383   799   416   565   398   769   633   765   332   332   457     0   392   510   772   528   796   203   555   749   173   538   743   595   650   386   727   653   538   876   329   703     0 
  121   232   227   479   415   280   511   262   234   280   474   314   374   222   246   449   392     0   476   568   549   697   203   196   369   264   430   622   210   546   420   603   267   182   512   260   313     0 
  355   707   699   915   764   710   978   711   702   717   940   780   675   639   659    54   510   476     0   323    88   287   401   443   763   368   881  1086   626   150   126   226   663   643   921   235   673     0 
  476   779   782   868   955   846   978   830   733   848   941   797   562   783   806   369   772   568   323     0   383   221   606   419   699   604   996  1176   614   191   432   152   625   673   845   445   604     0 
  429   778   768   998   805   768  1056   773   779   776  1018   858   762   697   715   100   528   549    88   383     0   294   450   529   849   407   941  1148   708   194   150   260   748   721  1006   296   759     0 
  586   926   923  1063  1037   961  1158   953   896   965  1120   968   769   892   914   341   796   697   287   221   294     0   672   591   896   649  1125  1319   791   156   413    97   812   835  1047   500   800     0 
  165   373   354   671   365   322   677   334   414   332   642   490   569   252   267   356   203   203   401   606   450   672     0   353   571    66   496   706   412   518   301   589   469   373   711   172   514     0 
  192   367   374   479   610   463   567   436   314   461   529   379   245   413   437   438   555   196   443   419   529   591   353     0   321   397   592   761   200   457   441   495   225   254   479   306   231     0 
  457   312   337   170   656   474   303   429   213   462   272   200   157   469   486   755   749   369   763   699   849   896   571   321     0   633   507   597   159   773   749   801   106   215   157   598    96     0 
  204   438   419   736   398   378   743   394   479   390   708   556   623   310   323   319   173   264   368   604   407   649    66   397   633     0   552   762   474   497   257   571   530   438   774   159   572     0 
  539   230   219   462   255   174   349   171   315   165   337   308   629   245   229   843   538   430   881   996   941  1125   496   592   507   552     0   211   445   971   795  1032   478   357   543   647   538     0 
  737   397   397   491   439   384   337   375   454   374   348   411   742   454   440  1050   743   622  1086  1176  1148  1319   706   761   597   762   211     0   585  1168  1003  1225   602   509   575   853   655     0 
  301   218   236   289   539   363   367   323   133   354   330   184   198   340   361   612   595   210   626   614   708   791   412   200   159   474   445   585     0   655   600   694    58    91   308   444   115     0 
  432   776   772   935   882   806  1020   800   753   811   982   826   659   737   758   203   650   546   150   191   194   156   518   457   773   497   971  1168   655     0   275    77   682   691   928   346   678     0 
  304   643   631   887   655   621   931   629   654   630   894   734   685   550   567    72   386   420   126   432   150   413   301   441   749   257   795  1003   600   275     0   351   645   599   905   161   667     0 
  493   830   828   967   953   869  1061   861   800   874  1024   871   677   802   824   280   727   603   226   152   260    97   589   495   801   571  1032  1225   694    77   351     0   716   738   954   418   706     0 
  352   258   279   254   590   411   354   369   163   401   318   192   152   393   413   653   653   267   663   625   748   812   469   225   106   530   478   602    58   682   645   716     0   137   260   493    63     0 
  296   128   146   299   452   274   335   233    61   264   297   137   287   257   276   622   538   182   643   673   721   835   373   254   215   438   357   509    91   691   599   738   137     0   340   439   200     0 
  609   398   425    85   737   558   241   512   313   544   227   260   284   571   583   912   876   512   921   845  1006  1047   711   479   157   774   543   575   308   928   905   954   260   340     0   752   250     0 
  144   484   472   730   537   475   770   477   494   483   733   573   550   404   424   197   329   260   235   445   296   500   172   306   598   159   647   853   444   346   161   418   493   439   752     0   520     0 
  384   320   342   264   652   473   386   432   225   464   352   244    91   454   474   668   703   313   673   604   759   800   514   231    96   572   538   655   115   678   667   706    63   200   250   520     0     0 
    0     0     0     0     0     0     0     0     0     0     0     0     0     0     0     0     0     0     0     0     0     0     0     0     0     0     0     0     0     0     0     0     0     0     0     0     0     0 
