DIMENSION: 47
N: 15
M: 15
K: 2

SERVICE: 
217 133 211 203 342 286 141 301 284 345 378 170 144 302 159 

DIST MATRIX: 
    0   226   554   218   499    97   371   807   376   136   107   348   159   408   221   155   491   479   740   536   479   780   482   503   487   742   583   562   408   427    82   244   101   761   305   474   687   405   486   156   622   396   857   401   409   493    13     0 
  328     0   271   379   551   261    75   480   578   320   305   144   201   538   142   202   207   214   383   476   314   437   282   165   309   399   240   275   274   297   276   597   276   404   250   406   363   181   131   282   276   252   601   182   366   667   346     0 
  622   540     0   671   674   651   453   460   822   660   663   403   588   736   527   598   468   494   215   814   632   375   586   372   619   356   343   201   630   646   664   990   681   201   648   756    62   526   327   696   329   612   285   531   737   864   734     0 
  238   487   552     0   144   414   613  1021    86   295   332   429   420    24   443   441   755   756   861   918   814   965   799   713   816   928   780   562   750   773   407   514   470   871   661   849   699   699   661   539   810   731   722   697   786   115   401     0 
   60   189   384   108     0   142   322   751   310    73    90   190   125   288   146   148   463   462   629   629   516   705   502   436   518   667   510   394   453   476   144   420   204   645   369   558   528   402   395   267   545   433   668   400   498   408   184     0 
  388   156   332   436   625     0     6   434   638   367   345   221   235   605   185   228   136   139   378   405   237   402   205   126   232   365   206   335   203   225   301   607   284   402   199   336   403   104   128   271   245   181   659   106   301   732   368     0 
  413   245   210   465   594   371     0   402   656   419   408   190   310   602   249   313   202   221   274   529   351   347   310   114   341   309   163   210   332   351   386   709   388   293   337   463   265   227    47   392   191   312   527   231   435   735   457     0 
  858   609   730   901  1104   713   483     0  1104   820   791   695   684  1082   651   667   347   340   512   337   300   372   300   420   292   373   394   727   371   354   726   945   679   535   474   352   708   395   487   625   394   383   996   397   405  1205   774     0 
   92   222   471    97   376   118   369   807     0    15    36   272   143   295   191   158   506   501   703   622   533   767   526   493   538   730   570   480   465   487   110   334   173   721   370   555   613   433   460   242   607   448   754   430   491   396   116     0 
  351   556   755   299   409   436   705  1143   179     0   366   583   477   287   527   488   840   833  1027   902   849  1101   848   828   856  1063   905   765   778   798   423   334   469  1042   676   843   904   763   792   528   941   764   972   759   778   251   374     0 
  341   567   730   289   351   455   712  1145   127   352     0   571   488   233   533   502   850   845  1016   938   872  1099   868   830   878  1061   905   740   802   823   443   397   495  1030   702   876   879   778   790   558   940   787   929   774   811   181   403     0 
  386   329    43   436   481   425   291   525   597   425   429     0   364   520   306   377   374   393   326   694   520   453   480   282   511   419   310    48   493   514   438   760   463   333   478   626   174   391   215   490   324   472   373   394   591   652   505     0 
   39   214   411    79   331   148   351   781   282    52    81   219     0   268   173   166   491   489   660   645   539   735   526   466   542   697   540   421   474   497   147   400   210   676   387   576   556   428   426   276   576   455   688   425   514   384   175     0 
  344   539   752   293   425   416   689  1128   196   331   350   575   460     0   512   470   822   814  1018   876   826  1088   827   814   833  1050   891   762   755   774   403   302   446  1034   653   817   901   743   780   503   928   742   979   739   752   277   351     0 
  260   142   505   282   553    73   272   700   466   189   152   304   110   480     0    91   383   370   651   438   368   678   370   404   375   641   483   513   297   317    76   329    13   673   195   372   625   295   396    56   523   284   825   290   308   580   108     0 
  205    73   417   240   490    59   222   661   439   153   124   214    24   434    71     0   352   345   585   480   377   629   368   352   381   591   431   424   310   333    74   397    87   606   221   410   541   276   332   131   470   292   735   272   349   546   144     0 
  523   284   411   571   758   407   141   318   773   498   474   348   363   741   319   352     0    27   334   345   163   306   118    99   151   273   140   410   175   185   422   705   392   361   237   289   437    94   161   360   175   162   717   100   281   868   484     0 
  522   279   431   569   764   398   144   335   772   493   468   357   358   743   317   345    27     0   361   319   137   328    92   124   125   296   167   431   148   158   412   688   379   388   215   262   462    76   182   344   201   137   741    81   254   869   472     0 
  677   515   330   729   806   644   384   245   910   691   682   445   584   841   523   585   334   361     0   665   489   160   444   260   474   143   194   321   509   519   659   979   656    27   558   618   230   417   255   649   161   496   500   423   615   974   730     0 
  684   453   735   715   969   504   405   550   904   623   587   609   503   912   501   480   345   319   665     0   182   584   227   443   195   564   478   736   202   180   512   647   451   692   260    72   781   303   497   384   505   224  1055   300   131  1018   537     0 
  576   328   559   616   843   418   239   412   816   530   498   455   396   805   374   377   163   137   489   182     0   428    46   261    16   402   299   560    71    56   429   652   380   516   174   128   599   133   316   325   328    85   876   132   139   922   475     0 
  758   556   467   810   927   687   408    85  1003   757   741   536   633   947   577   629   306   328   160   584   428     0   388   277   412    38   198   460   468   471   703  1005   685   176   543   551   387   400   310   662   160   461   659   406   566  1080   770     0 
  562   312   519   604   822   414   207   377   806   521   491   425   385   789   357   368   118    92   444   227    46   388     0   216    33   361   253   520    87    84   426   668   382   471   185   174   555   104   273   333   283    90   833   104   178   910   477     0 
  492   279   317   543   699   410   132   315   742   483   465   289   357   697   301   352    99   124   260   443   261   277   216     0   249   240    80   315   261   275   426   733   410   285   299   384   339   161    67   394   119   244   619   166   368   828   494     0 
  578   329   550   619   843   423   234   396   820   534   502   451   399   806   375   381   151   125   474   195    16   412    33   249     0   387   284   551    80    68   435   663   387   501   184   143   587   128   306   334   313    91   865   128   155   925   483     0 
  721   519   435   772   892   650   371   109   965   719   703   499   596   909   539   591   273   296   143   564   402    38   361   240   387     0   160   428   439   443   665   969   648   163   510   528   364   367   272   627   122   431   641   373   539  1043   733     0 
  565   359   337   617   757   490   212   242   813   560   543   351   435   763   379   431   140   167   194   478   299   198   253    80   284   160     0   333   315   325   505   812   489   221   368   427   323   225   119   472    40   301   610   231   421   895   573     0 
  422   377    10   471   490   471   336   536   622   466   472   214   410   540   354   424   410   431   321   736   560   460   520   315   551   428   333     0   537   558   483   804   511   324   525   670   139   434   250   538   342   516   326   437   636   670   550     0 
  512   266   535   550   785   349   203   462   748   462   429   409   330   741   314   310   175   148   509   202    71   468    87   261    80   439   315   537     0    24   360   584   309   535   104   133   592   105   305   254   349    22   859   101   108   856   404     0 
  535   290   556   572   809   370   225   460   771   484   451   433   353   765   338   333   185   158   519   180    56   471    84   275    68   443   325   558    24     0   381   596   329   545   122   112   609   124   323   272   358    46   879   121    97   879   424     0 
  185   147   475   205   477    15   295   734   393   112    76   269    77   404   139    74   422   412   659   512   429   703   426   426   435   665   505   483   360   381     0   326    64   679   262   445   605   341   406   132   544   345   784   336   381   506    71     0 
  417   465   795   391   643   341   601  1023   446   348   334   590   403   526   465   397   705   688   979   647   652  1005   668   733   663   969   812   804   584   596   326     0   324  1001   484   603   930   613   724   345   852   578  1087   607   543   556   256     0 
  248   144   503   269   541    62   278   709   453   176   139   301   105   468   157    87   392   379   656   451   380   685   382   410   387   648   489   511   309   329    64   324     0   677   208   385   625   305   400    68   529   296   821   300   321   567    96     0 
  691   536   333   744   812   664   407   261   922   708   700   460   604   851   542   606   361   388    27   692   516   176   471   285   501   163   221   324   535   545   679  1001   677     0   584   645   223   443   277   672   188   522   484   449   642   984   750     0 
  426   194   521   459   709   252   196   548   654   369   335   362   244   655   242   221   237   215   558   260   174   543   185   299   184   510   368   525   104   122   262   484   208   584     0   189   602   144   324   151   406    95   851   138   131   765   302     0 
  615   381   668   646   898   437   336   527   838   555   519   537   433   843   429   410   289   262   618    72   128   551   174   384   143   528   427   670   133   112   445   603   385   645   189     0   720   237   434   319   457   155   991   233    65   951   474     0 
  560   484   150   609   618   592   406   471   761   599   602   342   530   676   470   541   437   462   230   781   599   387   555   339   587   364   323   139   592   609   605   930   625   223   602   720     0   487   287   642   315   573   288   491   697   805   674     0 
  463   214   432   507   718   327   106   411   710   427   400   323   291   688   257   276    94    76   417   303   133   400   104   161   128   367   225   434   105   124   341   613   305   443   144   237   487     0   200   268   263    86   754     6   211   811   399     0 
  449   260   250   501   639   390   133   360   695   449   435   233   332   644   272   332   161   182   255   497   316   310   273    67   306   272   119   250   305   323   406   724   400   277   324   434   287   200     0   396   151   286   559   205   411   777   476     0 
  315   161   531   337   607   128   265   679   520   244   207   337   154   536   191   131   360   344   649   384   325   662   333   394   334   627   472   538   254   272   132   345    68   672   151   319   642   268   396     0   512   244   856   263   254   635   155     0 
  599   398   347   651   782   529   252   211   846   596   580   381   474   793   417   470   175   201   161   505   328   160   283   119   313   122    40   342   349   358   544   852   529   188   406   457   315   263   151   512     0   337   603   269   455   926   613     0 
  493   246   513   531   764   333   181   459   731   445   413   387   312   722   293   292   162   137   496   224    85   461    90   244    91   431   301   516    22    46   345   578   296   522    95   155   573    86   286   244   337     0   838    81   125   838   391     0 
  675   697   331   713   598   774   661   744   802   739   756   521   717   698   667   735   717   741   500  1055   876   659   833   619   865   641   610   326   859   879   784  1087   821   484   851   991   288   754   559   856   603   838     0   758   960   804   844     0 
  460   212   435   504   717   323   107   416   707   424   396   323   287   686   254   272   100    81   423   300   132   406   104   166   128   373   231   437   101   121   336   607   300   449   138   233   491     6   205   263   269    81   758     0   206   808   394     0 
  553   325   633   584   839   373   300   550   773   491   456   489   372   781   373   349   281   254   615   131   139   566   178   368   155   539   421   636   108    97   381   543   321   642   131    65   697   211   411   254   455   125   960   206     0   887   409     0 
  348   597   661   307   206   514   727  1137   118   396   431   544   527   133   554   546   868   869   974  1018   922  1080   910   828   925  1043   895   670   856   879   506   556   567   984   765   951   805   811   777   635   926   838   804   808   887     0   489     0 
  207   216   541   210   491    86   362   799   372   126    95   335   148   402   210   144   484   472   730   537   475   770   477   494   483   733   573   550   404   424    71   256    96   750   302   474   674   399   476   155   613   391   844   394   409   489     0     0 
    0     0     0     0     0     0     0     0     0     0     0     0     0     0     0     0     0     0     0     0     0     0     0     0     0     0     0     0     0     0     0     0     0     0     0     0     0     0     0     0     0     0     0     0     0     0     0     0 
