DIMENSION: 37
N: 15
M: 10
K: 2

SERVICE: 
196 443 380 481 396 120 81 250 209 183 268 188 471 321 490 

DIST MATRIX: 
    0   379   392   510   199   359   458   328   431   585   827   418   114   395   532   508   342   111   467   382   506   465   458   659   188   168   179   155   528   241   802   318   565   792   348   468   392     0 
  807     0   569   262   832   974   769   495   487    54   331   785   679   763   359   315   506   721   263   590   132   613   447    22   616   633   543   638   459   595   362   346   216   172   614   602  1026     0 
  489   250     0   260   513   662   555   263   342   268   551   549   370   524   334   288   301   401   216   391   190   451   310   343   330   340   253   331   390   329   544   104   280   477   392   424   707     0 
  664   203   692     0   749   914   870   270   642   290   652   862   644   837   582   530   613   595   452   704   293   759   158   338   632   636   557   479   664   640   677   412   106   366   708   307   934     0 
  254   254   649   656     0   559   740   189   662   622   948   702   396   679   715   676   583   230   611   645   563   726   304   697   465   448   431   129   744   512   942   467   516   789   618   227   543     0 
  195   638   562   772    94     0   518   576   635   873  1088   458   263   448   771   759   547   238   734   543   793   615   711   946   364   337   411   361   739   417  1055   593   850  1082   497   674   104     0 
  596   808   277   596   448   418     0   776   368   807   846    67   368    92   529   552   339   554   582   255   732   259   886   859   313   322   379   634   444   291   790   529   890  1016   231   935   520     0 
  432   253   359   295   454   604   521     0   336   327   598   510   313   485   356   315   280   345   250   366   248   434   323   402   281   288   205   281   398   287   586   108   330   536   362   418   648     0 
  765   794   199   402   656   688   240   788     0   642   571   299   510   297   304   348   268   694   412   207   585   124   860   671   406   431   419   726   204   349   508   447   778   823   244   957   784     0 
  577   227   480   282   620   774   664   268   428     0   520   662   484   638   377   326   402   494   247   494   126   546   260   258   448   457   371   404   453   445   527   201   163   374   501   402   814     0 
 1127   759   798   486  1139  1271   992   815   705   378     0  1022   978  1004   543   523   755  1040   514   822   449   817   750   302   900   921   834   962   634   867   336   641   505   243   857   905  1331     0 
  477   569   100   373   381   450   194   546   178   562   663     0   224   164   334   339   105   407   349    83   484   164   644   619   118   143   146   447   281    62   619   276   637   775    45   712   536     0 
  680   522   253    68   641   748   451   537   163   305   356   477     0   458    59    26   209   592    77   277   250   286   573   340   374   399   323   564   137   331   322   190   448   495   310   698   822     0 
  217   566   416   631    69   176   392   512   487   749   945   336   122     0   626   615   400   199   595   397   668   471   644   821   217   191   270   313   592   270   910   460   749   962   352   639   233     0 
  646   821   251   565   504   485    60   794   335   786   798   101   407   120     0   517   323   597   556   232   714   215   897   833   336   350   392   668   399   302   740   521   882   990   221   957   587     0 
  703   533   276    55   666   774   472   551   183   295   331   500   496   481    52     0   234   616    79   299   246   304   581   325   400   425   348   585   145   357   297   209   446   479   334   710   847     0 
  532   532    80   268   460   547   267   521    90   468   560   279   291   257   232   234     0   452   247    92   393   154   603   522   184   211   163   465   194   131   518   201   561   678   108   690   628     0 
   89   400   499   615   169   337   544   338   541   667   930   497   192   477   642   616   452     0   571   488   591   570   473   743   289   265   289   124   639   345   909   419   622   867   451   446   341     0 
  660   456   306    45   640   761   506   477   224   234   359   525   473   504   130    79   247   571     0   328   173   350   503   277   387   409   325   528   214   353   339   153   371   434   355   633   827     0 
  560   617    25   342   463   523   179   601   119   555   610   200   307   182   283   299    92   488   328     0   482    83   689   605   200   226   214   521   214   142   561   293   652   762    46   769   612     0 
  678   353   464   193   699   843   660   394   391    82   394   670   548   647   296   246   393   591   173   482     0   517   377   154   488   504   413   514   387   470   404   217   201   298   500   525   893     0 
  642   686    78   354   538   585   178   675   126   584   587   221   388   211   275   304   154   570   350    83   517     0   756   625   282   307   296   603   185   225   532   349   699   781   121   844   678     0 
  532    80   682   540   637   806   837   135   652   404   766   818   561   794   631   581   603   473   503   689   377   756     0   466   575   572   507   351   697   597   781   414   245   519   682   156   814     0 
  829   464   584   272   853   995   783   517   500    76   318   800   700   779   367   325   522   743   277   605   154   625   466     0   636   653   563   661   467   613   352   366   232   157   630   622  1047     0 
  360   496   213   421   276   375   277   462   273   570   731   247   109   223   408   400   184   289   387   200   488   282   575   636     0    27    77   337   377    58   694   271   609   786   162   622   448     0 
  334   493   240   444   249   351   292   456   300   585   756   257    82   233   434   425   211   265   409   226   504   307   572   653    27     0    90   319   404    85   719   287   618   802   187   613   423     0 
  371   430   219   362   319   438   332   402   252   495   677   311   149   286   364   348   163   289   325   214   413   296   507   563    77    90     0   307   351    90   645   197   533   711   189   567   503     0 
  185   280   527   573   292   460   611   216   548   584   879   572   267   550   619   585   465   124   528   521   514   603   351   661   337   319   307     0   636   385   866   377   516   773   492   326   463     0 
  722   640   190   199   653   732   363   646   105   440   403   402   485   388   100   145   194   639   214   214   387   185   697   467   377   404   351   636     0   322   349   291   586   619   258   812   817     0 
  418   519   155   383   331   418   242   492   218   551   687   223   167   198   360   357   131   345   353   142   470   225   597   613    58    85    90   385   322     0   647   255   608   766   107   656   497     0 
  997   755   536   295   963  1065   709   790   444   388    68   751   793   737   286   297   518   909   339   561   404   532   781   352   694   719   645   866   349   647     0   492   573   441   603   929  1142     0 
  508   351   280   197   499   632   463   356   238   299   511   464   338   440   248   209   201   419   153   293   217   349   414   366   271   287   197   377   291   255   492     0   362   515   300   522   690     0 
  699   264   637   394   763   923   825   328   577   186   546   825   639   800   497   446   561   622   371   652   201   699   245   232   609   618   533   516   586   608   573   362     0   276   662   400   955     0 
  950   539   740   427   990  1138   940   601   656   216   388   957   843   935   518   479   678   867   434   762   298   781   519   157   786   802   711   773   619   766   441   515   276     0   786   672  1184     0 
  521   607    69   373   418   476   163   586   160   576   651   171   266   149   322   334   108   451   355    46   500   121   682   630   162   187   189   492   258   107   603   300   662   786     0   753   566     0 
  481   177   767   674   615   782   898   169   753   558   918   869   581   845   757   710   690   446   633   769   525   844   156   622   622   613   567   326   812   656   929   522   400   672   753     0   770     0 
  289   741   633   864   194   102   560   678   712   974  1178   497   355   492   856   847   628   341   827   612   893   678   814  1047   448   423   503   463   817   497  1142   690   955  1184   566   770     0     0 
    0     0     0     0     0     0     0     0     0     0     0     0     0     0     0     0     0     0     0     0     0     0     0     0     0     0     0     0     0     0     0     0     0     0     0     0     0     0 
