DIMENSION: 47
N: 15
M: 15
K: 2

SERVICE: 
278 62 567 203 365 122 430 140 299 30 314 161 210 118 343 

DIST MATRIX: 
    0   395   533   387   566   478   529   702   530   729    93   655   423   562   529   192   130   380   641   536   484   481   521   310   303   425   381   283   337   572   546   276   337   726   547   273   375   533   417   662   575   530   475   253   370   355   480     0 
  101     0   436    69   718   543   209   700   703   705   380   654   480   429   405   405   374   647   773   552   595   509   417   144    85   564   661   171    59   627   532   579   694   916   684   395   467   467   101   325   505   703   490   126   661   716   422     0 
  365   261     0   260   935   742   223   840   931   830   657   800   686   535   527   670   647   908   977   725   807   696   549   385   351   791   926   419   316   809   693   835   967  1138   899   617   690   610   239   138   635   931   675   400   928   992   582     0 
  273   318   705     0   978   812   412   972   959   975   577   926   749   692   671   633   586   872  1039   824   860   780   685   414   349   823   880   436   331   898   805   629   797  1172   947   383   730   738   173   210   774   959   762   371   875   835   694     0 
  476   397    59   510     0   168   376   260   378   267   422   214   143   111    91   340   383   461   390   128   244   114    64   306   373   261   490   296   383   213    96   769   772   563   327   714   188    38   539   710    80   378    94   374   505   762    19     0 
  533   462   110   572   310     0   443   199   328   213   444   152   123   160   149   353   404   437   328    63   196    71   123   365   432   227   467   352   445   148    30   793   779   503   272   757   177    65   603   777    77   328    60   429   485   764    84     0 
  424   396   204   487   300   127     0   334   293   359   287   287    63   251   222   196   247   324   352   168   174   113   201   277   339   155   351   252   362   219   176   636   626   502   265   615    55   184   521   729   220   293   105   320   364   614   141     0 
  771   670   287   790   437   340   601     0   478    94   706   163   374   295   316   614   666   650   403   263   385   314   306   600   665   441   680   594   669   277   243  1055  1031   569   411  1015   429   266   816   945   224   478   316   672   702  1011   320     0 
  418   464   405   513   334   273   552   501     0   535   139   458   234   449   418    57   111   186   410   345   261   294   400   341   378   199   201   306   412   360   368   461   425   500   316   504   179   387   548   786   422   299   296   336   204   411   342     0 
  746   666   282   781   316   248   624    21   359     0   634    65   297   310   321   536   594   540   281   184   278   239   302   577   644   339   570   565   655   168   185   979   938   448   292   965   348   245   810   967   212   359   249   642   593   914   290     0 
  118    86   369   151   632   460   219   625   618   633     0   578   396   369   342   326   302   567   689   473   510   427   350    61    11   479   583    86    30   545   456   556   650   831   599   405   382   396   185   407   435   618   409    60   584   667   347     0 
  772   725   375   828   173   222   715   153   222   197   592     0   286   418   416   492   555   426   118   212   201   250   391   616   682   262   454   595   700   132   244   919   848   281   163   948   319   330   860  1047   314   222   270   667   477   816   354     0 
  546   451    64   568   394   213   403   215   416   209   507   177     0    91   100   424   468   527   403   144   286   162    83   375   440   318   557   369   446   222   101   854   855   581   357   795   261    47   596   746    15   416   149   447   574   843   101     0 
  403   322    89   434   415   217   311   335   420   341   382   289   171     0    85   311   344   470   449   196   288   167    74   232   299   290   497   224   308   279   170   722   742   616   377   650   199   105   464   638   146   420   145   302   510   737    57     0 
  789   696   309   814   399   324   636   104   442    62   702   139   366   325     0   607   662   623   359   252   360   306   329   618   684   419   653   610   691   250   242  1050  1016   520   376  1023   420   281   841   981   241   442   312   688   675   994   333     0 
  361   409   389   456   378   290   503   517   347   547   100   472   241   429   396     0    63   243   452   355   291   301   381   288   322   233   257   253   356   382   371   443   432   552   357   460   188   377   491   730   415   347   298   279   258   426   328     0 
  318   388   427   419   441   349   497   575   408   603    40   529   297   462   429    63     0   286   515   411   354   356   417   274   296   296   295   240   332   442   423   389   399   611   420   397   246   421   453   696   461   408   351   249   291   400   369     0 
  602   648   520   699   258   321   726   520   209   562   300   488   319   570   544   243   286     0   335   402   265   366   520   523   564   213    31   489   597   374   438   537   429   361   263   646   275   489   734   972   514   209   378   522    52   393   458     0 
  771   747   438   839    79   236   760   264   126   310   548   260   295   486   477   452   515   335     0   265   179   283   451   629   691   222   360   603   714   181   306   855   763   179    96   912   309   392   874  1078   388   126   304   668   383   727   402     0 
  574   514   173   621   250    81   504   167   272   193   451   119   114   222   212   355   411   402   265     0   146    55   186   411   478   188   432   394   493    85    43   798   769   441   213   782   168   127   653   834   129   272    66   469   452   750   142     0 
  592   570   300   661   128    76   595   258   134   299   391   223   121   352   335   291   354   265   179   146     0   131   308   451   513    63   296   425   536   110   187   721   663   331    91   749   130   259   695   903   271   134   150   490   317   637   250     0 
  525   475   169   577   252    55   478   222   264   248   396   174    60   222   204   301   356   366   283    55   131     0   178   366   432   156   396   346   450   118    75   744   719   451   214   727   115   129   610   800   148   264    21   420   415   702   122     0 
  466   368    19   485   428   233   327   293   442   291   455   252   205    50    27   381   417   520   451   186   308   178     0   294   359   324   549   291   363   271   148   796   813   625   390   722   246    62   513   667    89   442   158   369   563   806    62     0 
  172   126   313   212   575   399   224   564   562   573   293   517   336   317   288   288   274   523   629   411   451   366   294     0    67   422   541    35    85   484   395   570   645   774   541   442   324   337   245   459   377   562   348    79   545   658   287     0 
  108    93   377   148   634   463   230   631   619   640   307   585   400   379   351   322   296   564   691   478   513   432   359    67     0   480   579    88    35   550   462   545   640   832   601   394   384   403   183   409   443   619   414    51   580   658   354     0 
  552   545   320   628   155   108   585   318   140   357   332   281   120   372   350   233   296   213   222   188    63   156   324   422   480     0   244   393   506   171   225   659   600   352   127   693   101   283   663   879   304   140   171   452   264   575   263     0 
  612   665   548   711   284   352   748   550   235   593   305   518   348   598   572   257   295    31   360   432   296   396   549   541   579   244     0   506   613   404   468   522   406   375   291   642   303   518   746   986   543   235   408   536    24   368   487     0 
  181   159   309   236   546   376   257   551   532   562   260   503   312   319   289   253   240   489   603   394   425   346   291    35    88   393   506     0   114   463   381   547   616   745   514   434   296   329   270   491   370   532   329    78   509   627   277     0 
  117    58   382   128   659   484   200   643   646   649   342   597   421   379   353   356   332   597   714   493   536   450   363    85    35   506   613   114     0   568   475   574   674   858   626   412   409   412   160   378   450   646   431    86   614   692   365     0 
  641   593   257   695   178    95   588   147   210   188   481   114   157   305   297   382   442   374   181    85   110   118   271   484   550   171   404   463   568     0   125   821   771   359   144   829   198   211   728   916   207   210   138   536   426   746   227     0 
  562   491   133   602   293   118   471   170   315   187   463   123   134   180   173   371   423   438   306    43   187    75   148   395   462   225   468   381   475   125     0   812   793   483   256   783   189    87   632   806    86   315    73   458   487   776   113     0 
  479   627   809   576   776   731   774   960   732   990   349   915   684   838   805   443   389   537   855   798   721   744   796   570   545   659   522   547   574   821   812     0   197   897   766   250   631   807   597   819   848   732   740   499   502   250   754     0 
  602   731   821   708   686   693   867   917   638   954   366   877   659   860   827   432   399   429   763   769   663   719   813   645   640   600   406   616   674   771   793   197     0   770   686   434   604   809   734   971   846   638   721   590   383    55   760     0 
  899   897   613   979   203   400   925   434   213   478   637   436   452   662   652   552   611   361   179   441   331   451   625   774   832   352   375   745   858   359   483   897   770     0   240   998   451   568  1014  1230   566   213   473   802   395   725   573     0 
  678   661   380   749    38   161   685   272    67   318   454   251   212   432   417   357   420   263    96   213    91   214   390   541   601   127   291   514   626   144   256   766   686   240     0   817   218   337   784   994   342    67   235   576   314   653   336     0 
  297   453   738   370   837   734   604   948   802   969   365   900   674   753   722   460   397   646   912   782   749   727   722   442   394   693   642   434   412   829   783   250   434   998   817     0   631   751   381   581   793   802   717   363   628   480   696     0 
  462   445   246   532   251   103   485   329   241   360   286   284    55   296   269   188   246   275   309   168   130   115   246   324   384   101   303   296   409   198   189   631   604   451   218   631     0   219   566   779   249   241   118   360   318   588   184     0 
  508   421    46   536   374   184   388   235   391   237   460   192   170    95    87   377   421   489   392   127   259   129    62   337   403   283   518   329   412   211    87   807   809   568   337   751   219     0   565   726    42   391   112   407   534   798    55     0 
  140   146   532    35   817   644   261   799   801   802   453   753   581   521   499   491   453   734   874   653   695   610   513   245   183   663   746   270   160   728   632   597   734  1014   784   381   566   565     0   246   602   801   591   214   744   763   521     0 
  385   334   685   279  1029   843   345   960  1019   953   698   918   783   658   646   730   696   972  1078   834   903   800   667   459   409   879   986   491   378   916   806   819   971  1230   994   581   779   726   246     0   755  1019   780   451   986  1003   693     0 
  548   457    70   573   379   199   413   205   401   201   500   166   197   104   109   415   461   514   388   129   271   148    89   377   443   304   543   370   450   207    86   848   846   566   342   793   249    42   602   755     0   401   136   448   561   833    97     0 
  687   685   434   766    49   209   722   339     0   385   438   319   250   486   469   347   408   209   126   272   134   264   442   562   619   140   235   532   646   210   315   732   638   213    67   802   241   391   801  1019   401     0   284   589   259   602   384     0 
  509   455   151   559   273    75   456   232   284   254   391   184    63   203   185   298   351   378   304    66   150    21   158   348   414   171   408   329   431   138    73   740   721   473   235   717   118   112   591   780   136   284     0   404   425   705   101     0 
  105   144   386   179   608   446   278   628   589   640   257   581   382   394   365   279   249   522   668   469   490   420   369    79    51   452   536    78    86   536   458   499   590   802   576   363   360   407   214   451   448   589   404     0   535   607   355     0 
  609   667   564   709   308   371   754   572   259   614   299   540   365   613   586   258   291    52   383   452   317   415   563   545   580   264    24   509   614   426   487   502   383   395   314   628   318   534   744   986   561   259   425   535     0   344   502     0 
  627   750   813   735   651   672   881   893   602   932   370   855   643   854   822   426   400   393   727   750   637   702   806   658   658   575   368   627   692   746   776   250    55   725   653   480   588   798   763  1003   833   602   705   607   344     0   751     0 
  457   379    63   491   374   175   361   278   384   286   408   233   143   112    87   328   369   458   402   142   250   122    62   287   354   263   487   277   365   227   113   754   760   573   336   696   184    55   521   693    97   384   101   355   502   751     0     0 
    0     0     0     0     0     0     0     0     0     0     0     0     0     0     0     0     0     0     0     0     0     0     0     0     0     0     0     0     0     0     0     0     0     0     0     0     0     0     0     0     0     0     0     0     0     0     0     0 
