DIMENSION: 27
N: 15
M: 5
K: 2

SERVICE: 
278 62 567 203 365 122 430 140 299 30 314 161 210 118 343 

DIST MATRIX: 
    0   395   533   387   566   478   529   702   530   729    93   655   423   562   529   780   423   265   393   143   735   621   208   449   170   355   371     0 
  101     0   436    69   718   543   209   700   703   705   380   654   480   429   405  1001    69   452   366   345   820   268   447   365   357   716   132     0 
  365   261     0   260   935   742   223   840   931   830   657   800   686   535   527  1233   217   684   561   616   998    64   696   529   625   992   333     0 
  273   318   705     0   978   812   412   972   959   975   577   926   749   692   671  1250   225   455   638   566  1091   235   489   637   586   835   402     0 
  476   397    59   510     0   168   376   260   378   267   422   214   143   111    91   669   491   737   103   357   400   630   694    75   335   762   310     0 
  533   462   110   572   310     0   443   199   328   213   444   152   123   160   149   611   556   775   147   382   333   697   728   140   357   764   374     0 
  424   396   204   487   300   127     0   334   293   359   287   287    63   251   222   596   484   627    86   227   407   656   576   150   201   614   310     0 
  771   670   287   790   437   340   601     0   478    94   706   163   374   295   316   681   762  1037   403   645   321   862   991   368   620  1011   590     0 
  418   464   405   513   334   273   552   501     0   535   139   458   234   449   418   565   530   495   269   125   508   726   434   338   105   411   398     0 
  746   666   282   781   316   248   624    21   359     0   634    65   297   310   321   561   761   979   360   577   205   885   928   346   551   914   581     0 
  118    86   369   151   632   460   219   625   618   633     0   578   396   369   342   917   152   452   285   271   738   344   434   292   280   667    78     0 
  772   725   375   828   173   222   715   153   222   197   592     0   286   418   416   394   818   949   394   548    62   968   892   409   520   816   636     0 
  546   451    64   568   394   213   403   215   416   209   507   177     0    91   100   691   545   820   187   442   386   664   778   144   420   843   368     0 
  403   322    89   434   415   217   311   335   420   341   382   289   171     0    85   719   416   677    66   315   470   559   638     3   297   737   235     0 
  789   696   309   814   399   324   636   104   442    62   702   139   366   325     0   632   790  1041   411   644   270   898   992   385   618   994   614     0 
  976   987   721  1062   305   503  1024   547   303   591   696   550   551   771   759     0  1069  1021   675   689   363  1250   955   721   666   727   904     0 
  148    95   481    51   783   604   204   751   770   752   447   706   542   468   447  1069     0   483   424   414   879   200   487   416   426   775   182     0 
  351   508   766   433   828   740   659   961   790   985   358   914   684   785   753  1021   483     0   634   404  1000   643    67   680   432   418   529     0 
  387   332   143   435   374   182   349   346   373   360   323   298   125   181   149   675   424   634     0   257   455   584   591    69   236   673   244     0 
  295   356   399   393   443   337   463   559   413   586    67   513   281   433   400   689   414   404   257     0   601   612   350   318    28   434   302     0 
  832   786   435   889   196   281   776   196   245   235   642   214   345   476   476   363   879  1000   455   601     0  1029   941   471   573   847   698     0 
  343   265   604   234   956   767   262   878   948   871   647   837   709   576   565  1250   200   643   584   612  1029     0   660   558   624   969   346     0 
  346   499   726   438   766   686   649   910   727   935   300   863   631   749   716   955   487    67   591   350   941   660     0   640   378   361   509     0 
  404   322    86   434   417   219   309   335   422   340   385   289   174   115    82   721   416   680    69   318   471   558   640     0   300   740   235     0 
  313   364   379   408   417   309   463   532   387   559    87   486   254   415   382   666   426   432   236    28   573   624   378   300     0   445   304     0 
  627   750   813   735   651   672   881   893   602   932   370   855   643   854   822   727   775   418   673   434   847   969   361   740   445     0   720     0 
  194    88   305   200   610   426   162   570   602   573   355   524   365   299   274   904   182   529   244   302   698   346   509   235   304   720     0     0 
    0     0     0     0     0     0     0     0     0     0     0     0     0     0     0     0     0     0     0     0     0     0     0     0     0     0     0     0 
