DIMENSION: 37
N: 15
M: 10
K: 2

SERVICE: 
318 395 85 77 343 324 256 452 281 175 189 141 456 68 131 

DIST MATRIX: 
    0   749   926   534   432  1059   702   888   872   282   406   688   324   810   575   509   519  1055   153   685   548   521   726   564   561   978   660   798   105   753   422   840   579   605   554   545   606     0 
  449     0   407   142   203   615   273   375   402   272   232   382   323   397   106   254    38   607   448   407    28     7   443    74   317   492   305   401   524   496   117   496   327    99   415   191   327     0 
  732   415     0   364   473   427   305    94   240   590   507   458   614   341   293   472   330   415   766   495   299   326   507   290   498   273   386   364   847   559   433   492   484   248   608   382   464     0 
  467   495   479     0   256   716   248   457   500   198   276   476   344   500   208   159   135   707   428   499   117    97   537   177   227   510   402   504   456   588    54   446   410   198   317   280   415     0 
  564   137   296   456     0   290   500   228   109   585   371   191   472    71   232   578   307   284   653   228   321   339   232   260   631   553   142    88   808   281   444   724   256   242   738   228   228     0 
  508    46   469   578   358     0   654   400   253   643   375    85   451   125   335   694   404   325   633    99   436   446    74   369   755   729   137    98   829   109   530   883   195   368   854   268   168     0 
  913   864   592   379   705   958     0   625   758   561   728   872   793   825   594   329   548   946   842   903   500   504   933   562   267   374   790   841   762   988   499    47   836   549   291   698   832     0 
  993   782   395   470   744   772   297     0   611   717   775   815   867   713   580   499   572   759   970   851   521   540   869   559   470   110   736   736   959   923   596   256   817   526   545   690   803     0 
  621   164   506   690   485   254   749   441     0   769   501   210   574   179   449   809   522   260   754   214   549   562   175   483   867   785   260   163   955   169   651   973   318   476   969   392   293     0 
  315   431   549   229   125   706   396   509   505     0   134   392   191   465   198   292   142   700   299   406   177   152   447   186   364   638   334   461   396   493   105   598   303   227   434   202   316     0 
  123   381   719   537   216   709   691   658   573   431     0   309   143   469   382   606   387   708   277   291   439   425   325   400   677   892   323   448   512   339   419   907   210   436   739   282   240     0 
  303   201   522   433   142   523   558   459   372   434   152     0   227   276   218   533   256   521   411   145   304   301   187   246   601   719   124   259   605   229   349   787    38   271   687   108    58     0 
  549   133   303   445   326   306   493   235   124   569   355   182     0    80   217   566   293   301   636   219   308   326   226   246   620   554   128    93   792   276   430   719   242   230   726   211   214     0 
  616   162   278   496   397   238   525   209    63   636   426   228   526     0   280   618   355   232   707   262   365   385   258   307   668   549   191    95   862   302   492   743   304   285   776   282   275     0 
  439   418   434   128   202   644   275   403   430   244   228   401   313   424     0   234    57   636   429   425    53    27   461   101   299   507   325   427   496   514    88   492   340   128   393   206   342     0 
  589   650   557   123   409   844   215   552   627   234   425   634   474   645   360     0   290   835   513   658   260   248   695   326    71   500   559   652   461   747   190   335   570   337   161   439   574     0 
  425   361   408   180   172   593   308   369   382   286   203   345   300   368    76   290     0   585   437   370    52    45   406    50   354   514   269   370   530   459   137   532   290    87   450   153   289     0 
  821   327   366   713   623    13   710   322   208   867   650   400   745   246   511   835   585     0   928   423   590   612   398   536   878   649   399   262  1093   415   722   907   501   510   988   510   471     0 
  166   612   840   502   312   931   675   793   756   282   282   548   184   682   478   513   437   928     0   541   476   451   581   476   577   934   529   667   244   605   375   847   439   518   599   427   466     0 
  410   103   523   549   286   422   649   454   325   578   297    37   361   202   311   658   370   423   541     0   410   414    42   344   724   762   116   176   746    89   481   881   108   355   816   219    89     0 
  474   391   380   141   223   599   256   349   383   297   254   383   348   387   101   260    52   590   476   410     0    27   444    67   319   467   304   392   550   498   140   483   336    81   420   198   333     0 
  454   402   407   135   209   620   267   376   406   270   237   389   328   403   112   248    45   612   451   414    27     0   450    80   310   488   311   407   523   503   114   489   334   103   408   198   334     0 
  447    96   528   584   329   396   678   459   321   620   339    61   402   193   344   695   406   398   581    42   444   450     0   377   760   777   143   166   788    55   521   909   151   385   854   257   131     0 
  450   324   365   209   190   544   312   323   332   335   224   316   328   323    34   326    50   536   476   344    67    80   377     0   386   493   236   327   578   432   186   542   275    42   487   138   270     0 
  659   710   580   178   480   888   211   583   672   295   496   699   545   700   420    71   354   878   577   724   319   310   760   386     0   486   622   708   503   813   261   279   638   392   111   505   641     0 
  939   687   287   444   683   662   286   346   506   698   716   725   814   613   511   500   514   649   934   762   467   488   777   493   486     0   649   637   950   830   562   327   737   457   577   617   720     0 
  427    97   422   445   232   402   535   355   251   509   255    82   346   153   202   559   269   399   529   116   304   311   143   236   622   649     0   138   707   198   392   766   114   242   719   132    86     0 
  559    73   372   531   369   265   586   303   156   635   392   145   483    28   295   652   370   262   667   176   392   407   166   327   708   637   138     0   843   207   504   811   239   316   812   260   209     0 
  409   800   930   509   475  1098   667   898   901   258   455   745   390   852   594   461   530  1093   244   746   550   523   788   578   503   950   707   843     0   821   413   781   639   616   480   584   662     0 
  462   144   576   638   371   412   733   507   362   663   378   116   431   234   398   747   459   415   605    89   498   503    55   432   813   830   198   207   821     0   570   964   191   440   905   308   177     0 
  416   488   517   129   220   729   302   489   517   158   236   462   294   504   213   190   137   722   375   481   140   114   521   186   261   562   392   504   413   570     0   495   386   216   339   264   394     0 
  911   837   550   370   694   919   231   585   723   569   718   849   789   794   573   335   532   907   847   881   483   489   909   542   279   327   766   811   781   964   495     0   817   526   319   680   812     0 
  320   176   528   468   181   502   588   464   364   472   189   109   256   259   245   570   290   501   439   108   336   334   151   275   638   737   114   239   639   191   386   817     0   297   724   138    30     0 
  490   322   323   215   230   518   295   283   303   370   264   324   369   309    54   337    87   510   518   355    81   103   385    42   392   457   242   316   616   440   216   526   297     0   497   164   288     0 
  704   810   690   281   557   998   315   694   782   323   568   794   601   805   520   161   450   988   599   816   420   408   854   487   111   577   719   812   480   905   339   319   724   497     0   597   731     0 
  357   229   441   333   115   515   451   384   330   378   145   198   251   268   110   439   153   510   427   219   198   198   257   138   505   617   132   260   584   308   264   680   138   164   597     0   136     0 
  350   147   505   469   197   472   581   439   336   488   209    83   283   229   239   574   289   471   466    89   333   334   131   270   641   720    86   209   662   177   394   812    30   288   731   136     0     0 
    0     0     0     0     0     0     0     0     0     0     0     0     0     0     0     0     0     0     0     0     0     0     0     0     0     0     0     0     0     0     0     0     0     0     0     0     0     0 
