DIMENSION: 27
N: 15
M: 5
K: 2

SERVICE: 
196 443 380 481 396 120 81 250 209 183 268 188 471 321 490 

DIST MATRIX: 
    0   379   392   510   199   359   458   328   431   585   827   418   114   395   532   277   385   876   441   367   535   342   673   906   242   468   297     0 
  807     0   569   262   832   974   769   495   487    54   331   785   679   763   359   406   993   265   359   947   165   844   188   347   879   602   477     0 
  489   250     0   260   513   662   555   263   342   268   551   549   370   524   334   129   683   568   257   646   231   564   374   614   558   424   227     0 
  664   203   692     0   749   914   870   270   642   290   652   862   644   837   582   280   940   566   532   920   168   861   191   665   771   307   279     0 
  254   254   649   656     0   559   740   189   662   622   948   702   396   679   715   277   590   938   627   604   523   617   629  1003   383   227   198     0 
  195   638   562   772    94     0   518   576   635   873  1088   458   263   448   771   559   152  1156   687   200   823   303   960  1176    65   674   556     0 
  596   808   277   596   448   418     0   776   368   807   846    67   368    92   529   672   406   987   490   323   831   189   969   953   517   935   738     0 
  432   253   359   295   454   604   521     0   336   327   598   510   313   485   356   115   626   624   271   590   286   514   429   666   499   418   211     0 
  765   794   199   402   656   688   240   788     0   642   571   299   510   297   304   656   684   738   320   604   708   455   826   680   730   957   747     0 
  577   227   480   282   620   774   664   268   428     0   520   662   484   638   377   171   796   498   320   762   115   682   257   565   660   402   245     0 
 1127   759   798   486  1139  1271   992   815   705   378     0  1022   978  1004   543   731  1287    85   591  1232   477  1113   416   175  1192   905   800     0 
  477   569   100   373   381   450   194   546   178   562   663     0   224   164   334   430   457   775   268   388   578   255   718   763   454   712   506     0 
  680   522   253    68   641   748   451   537   163   305   356   477     0   458    59   403   759   462    48   697   377   569   490   451   706   698   501     0 
  217   566   416   631    69   176   392   512   487   749   945   336   122     0   626   464   199  1022   542   181   713   203   854  1035   143   639   483     0 
  646   821   251   565   504   485    60   794   335   786   798   101   407   120     0   683   474   947   462   391   820   252   955   906   575   957   755     0 
  411   140   471   389   473   636   622   136   451   353   671   605   364   580   462     0   662   667   381   639   272   585   403   726   504   303    99     0 
  342   757   549   808   198    32   452   700   635   944  1115   390   315   388   788   662     0  1206   712    83   911   230  1053  1210   213   812   674     0 
 1056   707   713   403  1062  1191   906   760   620   316   196   937   899   919   458   667  1206     0   507  1150   426  1029   389   126  1117   861   742     0 
  637   507   213   106   595   701   413   517   128   330   404   435   424   415    91   381   712   507     0   649   388   523   509   499   660   681   479     0 
  369   746   476   749   209    98   370   693   564   899  1050   308   278   307   721   639    83  1150   649     0   876   149  1019  1148   249   819   664     0 
  683   282   573   322   733   889   763   338   509   124   489   766   599   742   425   272   911   426   388   876     0   794   143   512   771   437   326     0 
  420   709   335   626   265   236   224   665   426   799   917   162   231   158   587   585   230  1029   523   149   794     0   937  1018   330   811   631     0 
  812   375   705   427   872  1029   900   440   635   188   507   905   741   882   530   403  1053   389   509  1019   143   937     0   499   906   498   438     0 
 1095   785   689   404  1082  1198   872   832   594   392   109   910   914   894   431   726  1210   126   499  1148   512  1018   499     0  1142   949   810     0 
  131   577   554   740    74   181   533   514   619   826  1058   475   239   462   747   504   213  1117   660   249   771   330   906  1142     0   609   495     0 
  481   177   767   674   615   782   898   169   753   558   918   869   581   845   757   303   812   861   681   819   437   811   498   949   609     0   209     0 
  384    83   557   486   478   646   695    40   544   426   761   671   401   646   560    99   674   742   479   664   326   631   438   810   495   209     0     0 
    0     0     0     0     0     0     0     0     0     0     0     0     0     0     0     0     0     0     0     0     0     0     0     0     0     0     0     0 
