DIMENSION: 37
N: 15
M: 10
K: 2

SERVICE: 
74 705 379 27 260 128 387 104 67 334 122 301 326 101 97 

DIST MATRIX: 
    0   422   412   659   512   429   703   426   426   435   665   505   483   360   381   423   136   515   426   235   181   181   273   122   489   603   145   269   578   325   249   663   155   149   581    71   153     0 
  397     0   688   979   647   652  1005   668   733   663   969   812   804   584   596   734   460   549   501   146   508   505   155   447   803   898   250   318   731   137   546   989   172   467   885   256   180     0 
   87   392     0   656   451   380   685   382   410   387   648   489   511   309   329   410   145   576   362   260   197   188   301   153   479   646   191   324   519   348   225   677   161   189   564    96   171     0 
  606   361   388     0   692   516   176   471   285   501   163   221   324   535   545   278   543  1006   775   911   501   498   945   567   207   482   803   872   667   999   465   166   832   563   187   750   832     0 
  221   237   215   558     0   174   543   185   299   184   510   368   525   104   122   308   221   776   230   458   252   226   500   267   378   704   399   531   318   541   146   633   351   307   430   302   369     0 
  410   289   262   618    72     0   551   174   384   143   528   427   670   133   112   400   408   960   149   612   434   407   654   455   456   863   573   709   135   688   306   734   504   495   463   474   528     0 
  541   437   462   230   781   599     0   555   339   587   364   323   139   592   609   321   479   830   824   817   428   438   844   484   278   259   701   740   780   899   459    78   759   464   343   674   751     0 
  276    94    76   417   303   133   400     0   161   128   367   225   434   105   124   173   240   825   340   565   242   217   606   289   239   629   485   603   325   653   104   507   464   319   286   399   476     0 
  332   161   182   255   497   316   310   273     0   306   272   119   250   305   323    49   270   796   539   640   233   226   676   301    86   453   536   622   503   729   191   310   557   306   193   476   559     0 
  131   360   344   649   384   325   662   333   394     0   627   472   538   254   272   398   174   643   295   307   224   208   349   198   469   688   254   390   454   391   208   688   201   238   543   155   218     0 
  470   175   201   161   505   328   160   283   119   313     0    40   342   349   358   121   412   946   587   779   380   369   817   447    68   541   680   771   485   869   306   300   690   455    43   613   695     0 
  292   162   137   496   224    85   461    90   244    91   431     0   516    22    46   258   274   851   255   551   291   264   593   323   322   708   486   614   259   635   155   593   444   360   355   391   461     0 
  735   717   741   500  1055   876   659   833   619   865   641   610     0   859   879   600   683   830  1080   954   632   651   970   669   565   194   840   832  1061  1023   705   319   924   636   629   844   909     0 
  272   100    81   423   300   132   406   104   166   128   373   231   437     0   121   179   238   823   335   560   241   216   601   287   245   632   481   600   323   648   102   512   458   318   292   394   471     0 
  349   281   254   615   131   139   566   178   368   155   539   421   636   108     0   383   352   896   132   548   382   355   590   397   445   824   508   644   200   624   262   718   440   438   468   409   463     0 
  349   117   141   253   460   278   281   234    19   266   244    84   296   275   290     0   290   835   513   658   260   248   695   326    71   500   559   652   461   747   190   335   570   337   161   492   574     0 
   64   306   303   523   480   355   572   339   295   357   534   374   367   294   318   290     0   585   437   370    52    45   406    50   354   514   269   370   530   459   137   532   290    87   450   207   289     0 
  559   885   885   997  1027   935  1100   923   846   938  1063   915   694   868   891   835   585     0   928   423   590   612   398   536   878   649   399   262  1093   415   722   907   501   510   988   495   471     0 
  416   414   387   748   158   266   695   308   499   282   669   554   754   240   229   513   437   928     0   541   476   451   581   476   577   934   529   667   244   605   375   847   439   518   599   433   466     0 
  309   651   639   892   668   632   938   639   661   641   900   740   685   561   578   658   370   423   541     0   410   414    42   344   724   762   116   176   746    89   481   881   108   355   816   168    89     0 
  113   295   295   482   506   367   540   345   267   366   503   343   315   312   336   260    52   590   476   410     0    27   444    67   319   467   304   392   550   498   140   483   336    81   420   252   333     0 
  108   274   273   478   479   341   529   320   254   340   491   331   330   285   309   248    45   612   451   414    27     0   450    80   310   488   311   407   523   503   114   489   334   103   408   252   334     0 
  347   691   680   926   710   674   975   681   698   683   938   778   710   604   621   695   406   398   581    42   444   450     0   377   760   777   143   166   788    55   521   909   151   385   854   208   131     0 
   68   352   350   548   527   405   607   389   333   406   569   410   362   343   367   326    50   536   476   344    67    80   377     0   386   493   236   327   578   432   186   542   275    42   487   191   270     0 
  415   167   194   182   512   330   224   284    79   317   186    49   284   337   350    71   354   878   577   724   319   310   760   386     0   486   622   708   503   813   261   279   638   392   111   558   641     0 
  561   613   633   488   931   759   641   720   519   751   613   535   204   730   752   500   514   649   934   762   467   488   777   493   486     0   649   637   950   830   562   327   737   457   577   660   720     0 
  214   565   557   784   636   570   840   570   563   577   802   642   569   500   520   559   269   399   529   116   304   311   143   236   622   649     0   138   707   198   392   766   114   242   719    99    86     0 
  327   676   671   857   773   699   932   694   660   704   894   735   601   629   651   652   370   262   667   176   392   407   166   327   708   637   138     0   843   207   504   811   239   316   812   237   209     0 
  539   344   321   641    86   192   543   231   443   199   527   464   750   238   213   461   530  1093   244   746   550   523   788   578   503   950   707   843     0   821   413   781   639   616   480   608   662     0 
  399   740   727   980   740   716  1027   724   750   725   990   830   765   645   661   747   459   415   605    89   498   503    55   432   813   830   198   207   821     0   570   964   191   440   905   257   177     0 
  179   173   167   441   377   228   460   206   187   227   423   266   379   177   201   190   137   722   375   481   140   114   521   186   261   562   392   504   413   570     0   495   386   216   339   313   394     0 
  595   445   472   180   790   609   340   563   350   596   322   317   214   610   625   335   532   907   847   881   483   489   909   542   279   327   766   811   781   964   495     0   817   526   319   733   812     0 
  226   552   539   811   561   525   846   533   570   534   809   650   634   454   471   570   290   501   439   108   336   334   151   275   638   737   114   239   639   191   386   817     0   297   724    84    30     0 
  107   375   375   546   567   440   615   421   345   440   577   420   337   380   404   337    87   510   518   355    81   103   385    42   392   457   242   316   616   440   216   526   297     0   497   213   288     0 
  507   194   218   161   507   335   122   291   156   320    85    77   381   364   371   161   450   988   599   816   420   408   854   487   111   577   719   812   480   905   339   319   724   497     0   649   731     0 
  144   484   472   730   537   475   770   477   494   483   733   573   550   404   424   492   207   495   433   168   252   252   208   191   558   660    99   237   608   257   313   733    84   213   649     0    83     0 
  227   563   550   812   586   543   852   549   576   552   815   655   624   472   490   574   289   471   466    89   333   334   131   270   641   720    86   209   662   177   394   812    30   288   731    83     0     0 
    0     0     0     0     0     0     0     0     0     0     0     0     0     0     0     0     0     0     0     0     0     0     0     0     0     0     0     0     0     0     0     0     0     0     0     0     0     0 
