DIMENSION: 27
N: 15
M: 5
K: 2

SERVICE: 
224 289 314 199 415 112 374 191 432 223 315 221 354 436 241 

DIST MATRIX: 
    0   742   447   468   373   571   391   650   387   211   553   427   461   412   202   647   788   474   641   418   779   986   412   710   424   357   715     0 
  812     0   643   640   870   578   735   586   735   924   629   726   572   660   928  1139   278   758   467   591   871   232   755   418   592   781   289     0 
   93   658     0   333   248   435   254   624   249    99   416   289   398   279    92   558   709   484   512   310   649   910   417   581   310   219   612     0 
  370   278   197     0   426   178   288   477   287   475   225   284   269   210   480   730   340   518   119   167   555   521   478   163   156   333   177     0 
  467   452   243   224     0   121   312   690   315   529   152   284   478   279   536   631   509   726    96   337   373   656   680    98   313   358   327     0 
  289   375    94    97   324     0   186   532   186   382   145   182   293   112   388   632   436   534   133   134   487   622   483   201   109   232   279     0 
  482   898   442   429   267   453     0  1018   378   403   402   356   762   452   412   115   960   942   561   590   273  1139   877   606   566   355   792     0 
  607   145   545   558   755   561   621     0   618   736   607   633   279   538   737  1091   120   380   487   409   938   266   394   494   428   654   264     0 
  544   938   489   474   329   487   427  1071     0   468   436   406   815   503   476   115   999  1002   591   641   248  1173   936   631   616   412   828     0 
  143   591   344   367   352   466   314   513   309     0   460   352   310   306   217   680   636   360   519   278   737   834   293   586   289   296   568     0 
  322   780   316   310   109   364   234   871   237   246     0   227   615   317   255   241   841   784   476   450   349  1029   718   533   428   205   686     0 
  144   433   172   196   302   283   192   461   187   270   290     0   207   138   271   651   487   393   322    83   610   687   332   388    90   206   385     0 
  657    87   551   559   775   538   636   319   634   783   588   640     0   553   784  1094    26   500   446   440   900   174   506   435   453   675   202     0 
  481   873   422   408   266   424   360  1004   365   412   373   339   748     0   421   151   934   936   530   574   233  1111   872   573   549   347   765     0 
  338   843   382   379   154   444   293   908   295   234   395   294   655   376     0   225   903   802   554   500   421  1095   735   614   481   255   755     0 
  556  1007   547   536   350   567   472  1112   475   459   515   458   856   553   466     0  1069  1021   675   689   363  1250   955   721   666   446   904     0 
  631    62   525   533   749   515   610   309   608   756   564   615   330   527   758  1069     0   483   424   414   879   200   487   416   426   649   182     0 
  465   471   556   580   675   645   584   215   579   577   667   614   249   527   572  1021   483     0   634   404  1000   643    67   680   432   590   529     0 
  419   365   204   192   414   111   289   594   291   501   162   271   385   234   508   675   424   634     0   257   455   584   591    69   236   337   244     0 
  223   357   159   180   347   243   217   431   213   344   264   235   177   139   346   689   414   404   257     0   601   612   350   318    28   246   302     0 
  594   820   444   421   406   380   428  1019   433   570   342   393   775   473   579   363   879  1000   455   601     0  1029   941   471   573   441   698     0 
  831   255   714   719   941   686   802   439   800   956   738   803   526   719   958  1250   200   643   584   612  1029     0   660   558   624   843   346     0 
  399   466   499   523   610   593   521   252   516   510   612   552   213   468   505   955   487    67   591   350   941   660     0   640   378   526   509     0 
  488   361   272   260   477   171   357   619   358   570   218   336   430   303   576   721   416   680    69   318   471   558   640     0   300   405   235     0 
  220   369   132   153   328   216   194   457   191   336   236   210   204   114   339   666   426   432   236    28   573   624   378   300     0   227   304     0 
  153   590   139   146   101   239    48   666    47   172   208    75   410   124   180   446   649   590   337   246   441   843   526   405   227     0   508     0 
  524   126   373   376   603   341   464   415   463   639   392   461   304   383   643   904   182   529   244   302   698   346   509   235   304   508     0     0 
    0     0     0     0     0     0     0     0     0     0     0     0     0     0     0     0     0     0     0     0     0     0     0     0     0     0     0     0 
