DIMENSION: 47
N: 15
M: 15
K: 2

SERVICE: 
318 231 131 268 316 143 335 279 175 130 185 104 300 207 356 

DIST MATRIX: 
    0   107   344   338   247   223   118   192   544   698   234   471   188   449   313   479   306   274   266   492   193   364   566   364   570   244   348   386   300   576   696   385   572   125   148   190   642   438   670   565   557   366   381   610   635   474   411     0 
  366     0   444   446   351   310   229   325   665   718   307   604   308   592   422   584   421   363   347   549   248   440   703   443   657   286   415   529   396   664   806   407   675   264   135   300   641   562   656   686   590   489   485   604   675   394   487     0 
  486   245     0   418    42    72   271   254   335   864   105   283   287   350   396   543    91   402   406   631   375   492   391   491   661   426   491   303   410   665   728   276   630   208   363   309   826   232   862   579   716   402   166   798   784   690   535     0 
  462   406   507     0   484   525   415   312   471   703   558   358   338   138   276   256   444   359   384   464   462   375   337   370   374   476   407   154   326   371   320   725   289   374   560   357   730   419   790   176   573   189   506   725   593   814   379     0 
  490   340   326   322     0   364   358   260   301   806   396   186   302    58   315   383   266   379   399   557   441   435   210   431   512   473   456    49   360   511   501   553   444   293   506   330   809   236   861   351   663   255   322   794   704   807   458     0 
  571   337    60   475    90     0   363   324   230   942   167   195   363   324   456   586    16   477   486   701   469   563   309   561   711   518   567   294   479   713   749   292   666   293   467   389   912   131   952   597   794   442    73   887   855   795   602     0 
  332   353   653   491   557   522     0   437   862   592   521   787   402   729   474   606   622   393   369   494   275   434   876   438   638   276   398   664   430   647   825   619   687   401   187   380   493   756   491   736   494   558   693   453   580   181   471     0 
  516   354   301   353   300   350   373     0   267   838   382   152   322    81   345   417   244   405   424   588   461   464   183   460   546   495   484    82   387   545   534   533   478   305   519   351   838   203   890   384   694   288   294   823   736   826   489     0 
  851   620   252   737   349   383   646   600     0  1217   388   278   642   497   722   830   298   754   764   972   751   835   342   832   959   800   843   501   751   960   956   385   899   575   744   669  1193   223  1234   807  1068   691   215  1169  1125  1069   871     0 
  421   659  1034   563   944   935   634   672  1162     0   951  1054   630   885   571   549   977   521   508   337   532   451  1095   455   461   480   434   838   530   468   657  1100   559   699   590   603    79  1066    65   678   228   635  1064   109   231   416   430     0 
  723   486   216   686   235   211   508   520   419  1105     0   443   545   594   664   816   271   657   656   886   600   749   553   749   931   652   742   560   672   935  1001    50   903   462   542   563  1050   363  1077   850   961   676   236  1018  1035   838   795     0 
  718   504   203   584   281   331   529   464    38  1069   350     0   509   324   571   666   207   614   627   821   632   688   182   685   795   677   701   333   606   795   782   425   730   454   649   537  1056    71  1102   635   922   530   165  1035   973   976   720     0 
  365   379   577   179   532   564   379   291   582   572   596   467     0   251   197   125   510   278   303   338   397   268   463   263   243   397   303   237   241   240   233   771   163   361   509   309   605   516   666    85   446   119   584   602   462   724   261     0 
  316   176   358   175   299   325   189    85   439   657   356   330   124     0   159   286   292   206   224   410   263   276   385   273   409   294   290   143   194   411   471   533   371   138   338   151   646   346   695   326   510   144   374   628   563   629   309     0 
  435   562   820   332   768   793   553   493   828   442   823   714   483   495     0   191   754   406   423   296   526   337   698   334   133   501   370   486   373   124    90  1000    99   562   646   479   519   765   584   186   369   326   830   533   337   761   296     0 
  280   372   643   141   584   606   363   303   684   447   635   568   292   363   165     0   577   224   244   215   347   176   578   171   129   332   213   335   188   129   224   812    93   370   467   289   482   607   544   143   322   144   657   481   338   633   153     0 
  557   322    67   463    77   131   348   311   245   929   156   206   350   323   444   577     0   464   472   689   454   550   318   548   701   503   554   291   467   703   742   289   658   278   452   375   898   145   938   591   780   433    87   873   843   779   590     0 
  111   174   525    99   444   449   157   154   642   464   472   536   115   393    84   224   464     0    25   230   124    92   588    92   298   119    90   336    38   304   447   643   314   197   243    94   442   545   489   344   316   172   551   422   382   455   139     0 
   92   171   532   123   448   450   151   164   656   458   472   552   122   415   109   244   472    25     0   230   103    98   607    99   311    95    86   356    62   318   468   640   333   199   224    97   429   558   474   367   310   196   559   408   379   430   146     0 
  184   401   752   237   673   678   381   379   845   250   701   733   344   551   250   215   689   230   230     0   306   139   763   141   163   263   145   508   222   173   373   870   248   426   415   324   267   755   329   352   109   302   775   266   154   467   101     0 
  127   131   506   219   414   404   105   182   665   505   420   570   139   469   200   347   454   124   103   306     0   193   641   195   410    52   167   405   161   417   571   578   435   178   121   112   453   561   487   466   364   283   538   424   444   366   239     0 
  104   266   613   114   534   540   248   239   714   382   564   604   205   438   120   176   550    92    98   139   193     0   644     5   217   164    37   388    84   224   391   735   254   288   312   186   374   621   427   314   234   192   636   360   293   460    48     0 
  699   527   347   531   393   448   549   460   168  1012   475   114   504   215   525   578   318   588   607   763   641   644     0   640   704   677   666   257   570   701   650   586   624   477   690   532  1018   191  1071   513   871   461   319  1004   908  1004   666     0 
  109   266   611   110   532   539   248   238   711   385   564   601   204   434   116   171   548    92    99   141   195     5   640     0   214   168    42   384    82   222   387   735   249   287   315   186   378   618   432   309   237   187   634   365   295   465    47     0 
  309   466   767   245   702   720   453   412   813   345   748   698   392   490   268   129   701   298   311   163   410   217   704   214     0   380   247   464   271     9   211   924    99   475   529   382   403   736   468   223   246   270   783   412   234   628   172     0 
   80   181   556   218   465   455   155   219   709   454   472   611   174   496   203   332   503   119    95   263    52   164   677   168   380     0   133   435   156   387   553   629   416   225   152   145   402   607   436   460   315   290   588   373   395   340   208     0 
   67   256   615   141   532   535   236   243   728   375   557   620   205   463   141   213   554    90    86   145   167    37   666    42   247   133     0   410    97   254   427   726   289   284   284   182   356   633   406   352   227   221   640   339   294   423    75     0 
  447   313   354   275   331   375   329   227   349   757   408   234   267    65   269   335   291   336   356   508   405   388   257   384   464   435   410     0   314   463   461   572   398   269   478   293   762   279   815   310   615   207   354   748   655   771   410     0 
  137   196   529    62   452   461   182   157   632   465   487   524   126   369    50   188   467    38    62   222   161    84   570    82   271   156    97   314     0   276   412   660   279   210   279   112   452   538   503   306   317   138   553   436   376   488   124     0 
  317   472   769   249   705   724   458   416   812   352   752   697   397   488   272   129   703   304   318   173   417   224   701   222     9   387   254   463   276     0   202   928    92   480   536   388   412   737   476   217   255   271   784   421   241   638   180     0 
  494   589   808   361   765   796   583   510   791   532   827   679   508   459   385   224   742   447   468   373   571   391   650   387   211   553   427   461   412   202     0  1003   138   580   691   509   607   737   672   152   454   335   814   620   426   834   357     0 
  703   469   242   679   242   207   490   512   458  1083   177   474   534   611   656   812   289   643   640   870   578   735   586   735   924   629   726   572   660   928  1003     0   901   450   512   549  1024   395  1049   855   941   674   267   991  1017   800   781     0 
  356   465   724   234   670   694   456   394   745   444   724   630   385   414   259    93   658   314   333   248   435   254   624   249    99   416   289   398   279    92   138   901     0   463   556   382   500   676   565   125   341   228   735   507   333   699   219     0 
  279    51   335   232   249   252    75    70   488   656   277   397    84   334   208   370   278   197   199   426   178   288   477   287   475   225   284   269   210   480   580   450   463     0   214   102   620   384   659   444   509   246   364   595   578   529   333     0 
  231   166   492   335   395   370   149   253   685   586   378   604   221   543   314   467   452   243   224   415   121   312   690   315   529   152   284   478   279   536   691   512   556   214     0   204   516   579   537   582   456   392   529   481   540   327   358     0 
  183    84   434   149   350   354    74    74   567   555   378   467    29   356   124   289   375    94    97   324   112   186   532   186   382   145   182   293   112   388   509   549   382   102   204     0   524   467   566   386   407   190   462   501   475   478   232     0 
  342   580   955   487   865   857   555   593  1084   118   873   976   551   810   494   482   898   442   429   267   453   374  1018   378   403   402   356   762   452   412   607  1024   500   620   516   524     0   987    65   615   161   561   984    41   186   372   355     0 
  648   433   158   519   221   274   458   395   106  1003   297    81   439   281   505   607   145   545   558   755   561   621   191   618   736   607   633   279   538   737   737   395   676   384   579   467   987     0  1032   586   855   469   128   966   908   906   654     0 
  384   617   992   541   901   889   591   638  1131   169   904  1025   594   865   546   544   938   489   474   329   487   427  1071   432   468   436   406   815   503   476   672  1049   565   659   537   566    65  1032     0   678   224   617  1023    67   250   351   412     0 
  417   460   656   247   616   648   458   374   645   567   680   531   380   311   268   143   591   344   367   352   466   314   513   309   223   460   352   310   306   217   152   855   125   444   582   386   615   586   678     0   455   199   661   618   455   774   296     0 
  238   477   841   342   758   758   454   470   948   148   778   837   431   659   352   322   780   316   310   109   364   234   871   237   246   315   227   615   317   255   454   941   341   509   456   407   161   855   224   455     0   410   867   166    87   427   205     0 
  273   261   500    80   442   467   260   176   551   551   497   436   181   250    88   144   433   172   196   302   283   192   461   187   270   290   221   207   138   271   335   674   228   246   392   190   561   469   617   199   410     0   514   550   448   626   206     0 
  643   407    41   548   136   177   433   397   202  1015   190   207   436   376   529   657    87   551   559   775   538   636   319   634   783   588   640   354   553   784   814   267   735   364   529   462   984   128  1023   661   867   514     0   959   929   855   675     0 
  318   553   928   474   838   828   528   571  1064   156   843   958   528   798   479   481   873   422   408   266   424   360  1004   365   412   373   339   748   436   421   620   991   507   595   481   501    41   966    67   618   166   550   959     0   209   331   347     0 
  317   550   905   389   825   829   528   532   996   111   851   883   497   693   404   338   843   382   379   154   444   293   908   295   234   395   294   655   376   241   426  1017   333   578   540   475   186   908   250   455    87   448   929   209     0   506   255     0 
  358   479   817   549   720   690   456   547  1011   485   693   926   505   834   538   633   779   455   430   467   366   460  1004   465   628   340   423   771   488   638   834   800   699   529   327   478   372   906   351   774   427   626   855   331   506     0   482     0 
  139   313   653   137   576   585   296   281   744   350   610   633   250   455   149   153   590   139   146   101   239    48   666    47   172   208    75   410   124   180   357   781   219   333   358   232   355   654   412   296   205   206   675   347   255   482     0     0 
    0     0     0     0     0     0     0     0     0     0     0     0     0     0     0     0     0     0     0     0     0     0     0     0     0     0     0     0     0     0     0     0     0     0     0     0     0     0     0     0     0     0     0     0     0     0     0     0 
