DIMENSION: 47
N: 15
M: 15
K: 2

SERVICE: 
217 133 211 203 342 286 141 301 284 345 378 170 144 302 159 

DIST MATRIX: 
    0   226   554   218   499    97   371   807   376   136   107   348   159   408   221   574   218   391   387   616   324   482   522   482   678   376   471   400   410   683   780   255   666   204   273   298   775   362   803   638   687   445   277   743   763   493   529     0 
  328     0   271   379   551   261    75   480   578   320   305   144   201   538   142   223   407    66    85   282   154   143   523   141   321   169   151   271    60   326   443   604   317   154   262    66   506   481   554   322   376   130   493   487   436   667   184     0 
  622   540     0   671   674   651   453   460   822   660   663   403   588   736   527   203   703   425   447   374   549   376   608   372   216   535   413   420   389   207    43   966   128   548   668   481   618   695   682   112   462   302   773   628   441   864   345     0 
  238   487   552     0   144   414   613  1021    86   295   332   429   420    24   443   678   192   616   628   827   628   692   211   690   807   674   704   347   609   807   801   396   745   450   639   536  1057    72  1102   652   927   540   140  1036   980   115   726     0 
   60   189   384   108     0   142   322   751   310    73    90   190   125   288   146   448   136   329   338   553   330   414   347   412   569   377   419   207   331   572   628   377   532   152   351   242   766   232   808   478   645   305   222   742   707   408   454     0 
  388   156   332   436   625     0     6   434   638   367   345   221   235   605   185   247   462    24    10   239   100   106   599   107   318    97    95   349    62   324   471   631   337   189   220    87   439   549   484   368   320   193   549   417   389   732   154     0 
  413   245   210   465   594   371     0   402   656   419   408   190   310   602   249   113   495   114   137   212   238   101   553    96   212   229   134   297    77   216   336   712   206   264   356   177   468   548   524   231   318    93   579   457   361   735   113     0 
  858   609   730   901  1104   713   483     0  1104   820   791   695   684  1082   651   565   924   487   470   351   471   434  1074   439   500   421   409   819   505   509   707  1020   594   646   508   558   109  1025    58   703   254   626  1009    88   294  1205   426     0 
   92   222   471    97   376   118   369   807     0    15    36   272   143   295   191   525   107   381   386   610   355   471   396   470   642   405   470   293   390   645   712   291   612   187   345   288   805   244   842   564   696   385   185   778   763   396   514     0 
  351   556   755   299   409   436   705  1143   179     0   366   583   477   287   527   844   268   717   721   946   682   807   476   805   967   734   806   548   724   970  1006   196   925   522   645   624  1135   298  1168   854  1031   701   193  1106  1099   251   849     0 
  341   567   730   289   351   455   712  1145   127   352     0   571   488   233   533   831   259   722   728   948   699   809   421   807   957   750   811   521   725   959   982   260   909   531   673   631  1150   254  1186   830  1038   688   175  1122  1102   181   849     0 
  386   329    43   436   481   425   291   525   597   425   429     0   364   520   306   153   468   268   293   358   381   272   426   267   278   387   306   195   232   276   275   730   204   329   489   286   624   473   684   124   467    98   541   619   490   652   273     0 
   39   214   411    79   331   148   351   781   282    52    81   219     0   268   173   478   106   358   367   583   354   444   342   442   600   402   448   227   361   602   656   350   563   176   367   270   794   213   835   506   675   336   192   769   737   384   484     0 
  344   539   752   293   425   416   689  1128   196   331   350   575   460     0   512   836   261   702   705   931   662   792   490   791   958   714   790   547   711   960  1003   164   918   506   621   608  1116   307  1147   851  1014   693   194  1086  1083   277   835     0 
  260   142   505   282   553    73   272   700   466   189   152   304   110   480     0   496   292   294   286   513   214   384   561   385   590   265   369   390   319   595   712   364   589   136   165   208   663   428   691   579   578   380   366   631   656   580   432     0 
  493   355   172   546   629   477   251   372   725   512   506   261   415   658   353     0   577   224   244   215   347   176   578   171   129   332   213   335   188   129   224   812    93   370   467   289   482   607   544   143   322   144   657   481   338   791   153     0 
   84   316   492    31   285   225   456   886   180   107   142   316   241   191   277   577     0   464   472   689   454   550   318   548   701   503   554   291   467   703   742   289   658   278   452   375   898   145   938   591   780   433    87   873   843   289   590     0 
  388   166   310   437   617   297    27   426   638   372   352   209   244   602   190   224   464     0    25   230   124    92   588    92   298   119    90   336    38   304   447   643   314   197   243    94   442   545   489   344   316   172   551   422   382   730   139     0 
  397   166   334   446   634   295    16   424   648   377   355   229   245   615   195   244   472    25     0   230   103    98   607    99   311    95    86   356    62   318   468   640   333   199   224    97   429   558   474   367   310   196   559   408   379   742   146     0 
  609   395   384   660   805   525   246   197   858   600   582   399   473   810   419   215   689   230   230     0   306   139   763   141   163   263   145   508   222   173   373   870   248   426   415   324   267   755   329   352   109   302   775   266   154   942   101     0 
  390   141   424   432   657   246    96   488   634   349   320   280   213   618   187   347   454   124   103   306     0   193   641   195   410    52   167   405   161   417   571   578   435   178   121   112   453   561   487   466   364   283   538   424   444   738   239     0 
  471   258   308   522   681   389   112   337   721   461   443   270   335   677   280   176   550    92    98   139   193     0   644     5   217   164    37   388    84   224   391   735   254   288   312   186   374   621   427   314   234   192   636   360   293   808    48     0 
  306   509   421   307    75   488   595   946   296   386   421   379   466   188   461   578   318   588   607   763   641   644     0   640   704   677   666   257   570   701   650   586   624   477   690   532  1018   191  1071   513   871   461   319  1004   908   281   666     0 
  469   258   303   520   677   389   113   338   718   460   442   266   335   674   279   171   548    92    99   141   195     5   640     0   214   168    42   384    82   222   387   735   249   287   315   186   378   618   432   309   237   187   634   365   295   805    47     0 
  617   453   288   670   757   582   323   260   853   630   620   387   522   787   461   129   701   298   311   163   410   217   704   214     0   380   247   464   271     9   211   924    99   475   529   382   403   736   468   223   246   270   783   412   234   921   172     0 
  437   188   429   480   697   298    97   439   683   399   371   307   263   663   231   332   503   119    95   263    52   164   677   168   380     0   133   435   156   387   553   629   416   225   152   145   402   607   436   460   315   290   588   373   395   785   208     0 
  477   252   343   527   699   381   102   338   727   461   440   288   330   689   279   213   554    90    86   145   167    37   666    42   247   133     0   410    97   254   427   726   289   284   284   182   356   633   406   352   227   221   640   339   294   818    75     0 
  217   291   209   261   298   327   346   694   404   278   297   128   280   326   247   335   291   336   356   508   405   388   257   384   464   435   410     0   314   463   461   572   398   269   478   293   762   279   815   310   615   207   354   748   655   458   410     0 
  387   184   274   438   602   315    64   420   637   379   363   191   258   594   200   188   467    38    62   222   161    84   570    82   271   156    97   314     0   276   412   660   279   210   279   112   452   538   503   306   317   138   553   436   376   724   124     0 
  619   458   284   672   756   586   330   266   854   633   624   388   526   787   465   129   703   304   318   173   417   224   701   222     9   387   254   463   276     0   202   928    92   480   536   388   412   737   476   217   255   271   784   421   241   920   180     0 
  661   570   252   711   717   684   475   441   864   698   699   440   621   778   560   224   742   447   468   373   571   391   650   387   211   553   427   461   412   202     0  1003   138   580   691   509   607   737   672   152   454   335   814   620   426   906   357     0 
  355   477   761   315   533   346   625  1062   321   306   306   563   403   412   463   812   289   643   640   870   578   735   586   735   924   629   726   572   660   928  1003     0   901   450   512   549  1024   395  1049   855   941   674   267   991  1017   424   781     0 
  574   448   203   626   683   569   341   359   798   599   595   343   507   724   445    93   658   314   333   248   435   254   624   249    99   416   289   398   279    92   138   901     0   463   556   382   500   676   565   125   341   228   735   507   333   856   219     0 
  212    37   369   255   485   107   183   622   458   179   156   170    48   440    23   370   278   197   199   426   178   288   477   287   475   225   284   269   210   480   580   450   463     0   214   102   620   384   659   444   509   246   364   595   578   560   333     0 
  406   187   532   437   693   227   216   583   629   345   310   363   226   634   233   467   452   243   224   415   121   312   690   315   529   152   284   478   279   536   691   512   556   214     0   204   516   579   537   582   456   392   529   481   540   741   358     0 
  302    72   329   349   552   204    81   520   552   279   259   168   149   524    98   289   375    94    97   324   112   186   532   186   382   145   182   293   112   388   509   549   382   102   204     0   524   467   566   386   407   190   462   501   475   649   232     0 
  826   584   651   873  1054   699   444   192  1076   798   772   643   662  1043   621   482   898   442   429   267   453   374  1018   378   403   402   356   762   452   412   607  1024   500   620   516   524     0   987    65   615   161   561   984    41   186  1171   355     0 
  174   421   486   147   143   356   543   950   129   240   277   358   356    57   375   607   145   545   558   755   561   621   191   618   736   607   633   279   538   737   737   395   676   384   579   467   987     0  1032   586   855   469   128   966   908   187   654     0 
  868   622   712   914  1105   732   489   252  1117   836   808   694   699  1089   662   544   938   489   474   329   487   427  1071   432   468   436   406   815   503   476   672  1049   565   659   537   566    65  1032     0   678   224   617  1023    67   250  1215   412     0 
  510   439   101   560   576   544   370   483   713   549   553   293   482   630   423   143   591   344   367   352   466   314   513   309   223   460   352   310   306   217   152   855   125   444   582   386   615   586   678     0   455   199   661   618   455   759   296     0 
  703   475   492   753   911   601   326   127   953   687   665   502   554   911   505   322   780   316   310   109   364   234   871   237   246   315   227   615   317   255   454   941   341   509   456   407   161   855   224   455     0   410   867   166    87  1042   205     0 
  350   240   141   402   505   349   194   488   583   371   368   118   286   521   225   144   433   172   196   302   283   192   461   187   270   290   221   207   138   271   335   674   228   246   392   190   561   469   617   199   410     0   514   550   448   654   206     0 
  166   401   561   115   267   303   543   972   100   189   221   396   325   150   364   657    87   551   559   775   538   636   319   634   783   588   640   354   553   784   814   267   735   364   529   462   984   128  1023   661   867   514     0   959   929   216   675     0 
  803   558   648   849  1037   670   422   221  1052   771   744   627   635  1023   597   481   873   422   408   266   424   360  1004   365   412   373   339   748   436   421   620   991   507   595   481   501    41   966    67   618   166   550   959     0   209  1149   347     0 
  764   545   509   814   953   674   395    44  1012   753   734   551   624   963   572   338   843   382   379   154   444   293   908   295   234   395   294   655   376   241   426  1017   333   578   540   475   186   908   250   455    87   448   929   209     0  1095   255     0 
  348   597   661   307   206   514   727  1137   118   396   431   544   527   133   554   791   289   730   742   942   738   808   281   805   921   785   818   458   724   920   906   424   856   560   741   649  1171   187  1215   759  1042   654   216  1149  1095     0   841     0 
  510   304   305   561   706   436   160   297   757   504   487   298   380   709   324   153   590   139   146   101   239    48   666    47   172   208    75   410   124   180   357   781   219   333   358   232   355   654   412   296   205   206   675   347   255   841     0     0 
    0     0     0     0     0     0     0     0     0     0     0     0     0     0     0     0     0     0     0     0     0     0     0     0     0     0     0     0     0     0     0     0     0     0     0     0     0     0     0     0     0     0     0     0     0     0     0     0 
