DIMENSION: 37
N: 15
M: 10
K: 2

SERVICE: 
99 251 65 260 150 184 221 136 204 170 220 144 383 196 317 

DIST MATRIX: 
    0   591   820   359   624   537   600   388   678   584   624  1207   428   390   699   335   813   617  1031   332   760   791   388  1047   319   674   569   895  1051   189   984   487   153  1005    65   178   990     0 
  286     0   465     1   305   272   262    86   331   229   318   887   110   291   420   156   499   339   676   236   493   531   146   698   313   514   478   546   704   438   635   240   209   700   296   242   735     0 
  786   321     0   501   311   433   287   482   207   276   335   499   444   665   381   567   284   390   183   653   421   448   532   229   737   626   701   119   246   925   178   470   708   402   796   732   558     0 
  522    28   285     0   296   365   229   286   227   143   326   765   264   372   432   385   431   381   476   362   503   541   244   519   445   626   643   380   532   644   462   371   466   618   549   458   718     0 
  674   465   325   432     0   173   217   354   232   304   124   509   322   712    13   374   143    94   467   665    63   102   555   440   745   238   334   325   430   844   386   222   565   301   644   658   303     0 
  323   319   461   109   253     0   233    35   313   238   256   839    65   395   344    64   445   260   670   336   413   449   254   681   406   409   370   530   683   491   617   143   219   641   305   303   653     0 
  328   298   447    94   246   187     0    14   300   220   251   833    49   384   344    85   439   260   656   326   414   451   239   668   399   421   387   517   671   494   605   149   228   637   315   303   655     0 
  201   331   551    88   376   319   341     0   413   315   384   962   173   280   478   147   570   394   762   215   548   584   172   782   276   535   476   630   788   362   719   278   123   769   209   169   789     0 
  590   407   329   349    98    89   161   270     0   247    67   586   239   633    75   291   200    10   501   584   145   182   476   485   662   246   308   353   480   759   427   139   481   380   561   573   386     0 
  575    73   258   313   316   397   251   336   231     0   347   741   311   413   446   435   428   404   437   409   514   552   294   485   490   654   680   353   500   695   430   409   520   606   603   510   719     0 
  368   251   395    99   209   177   174    42   250   166     0   795    16   384   322   137   404   241   605   333   395   433   231   620   412   431   414   468   624   529   557   154   274   604   362   334   636     0 
 1114   802   511   856   550   614   601   787   557   668   539     0   751  1113   451   816   359   534   448  1077   393   367   957   372  1161   562   698   425   348  1283   384   664  1007   159  1087  1092   212     0 
  186   594   780   346   561   459   551   345   632   553   556  1131     0   465   617   267   742   539   989   400   671   698   420   997   410   562   449   847   997   315   934   408   148   925   107   253   892     0 
  180   512   803   366   672   626   626   440   686   576   684  1250   473     0   783   444   865   700  1008   176   854   890   293  1042   105   830   752   893  1051   132   980   584   276  1066   258   145  1095     0 
  397   213   358   115   194   189   147    84   218   125   210   772    54   383     0   180   385   241   569   337   392   431   225   587   419   451   444   435   592   553   524   176   309   587   397   357   632     0 
  303   383   517   157   295   202   285    99   367   299   291   872   127   425   365     0   480   283   724   361   428   461   297   730   422   389   331   580   730   475   667   153   191   670   271   300   664     0 
  767   457   225   499   194   283   242   435   205   312   189   394   398   755   142   480     0   205   330   718   147   167   598   297   802   372   476   195   288   932   246   334   664   202   748   738   292     0 
  581   398   327   339    91    81   153   260   199   238    60   592   229   622    84   283   205     0   502   573   155   192   466   487   652   252   310   353   482   750   428   131   473   388   553   563   396     0 
  962   503   211   676   441   562   439   646   357   447   458   364   608   848   463   724   330   502     0   836   476   490   714    77   920   701   800   148   101  1105    87   607   878   346   967   911   531     0 
  233   337   635   236   530   508   476   321   528   416   547  1094   345    68   653   361   718   573   836     0   727   766   124   873    86   744   691   727   884   296   813   475   262   919   300   154   968     0 
  730   524   358   494   211   229   278   414   285   364   186   472   384   775    76   428   147   155   476   727     0    39   617   439   807   227   342   342   427   901   392   276   620   262   697   716   241     0 
  764   563   386   532   251   265   317   451   321   403   225   456   421   814   115   461   167   192   490   766    39     0   656   448   844   224   348   362   433   935   404   310   653   247   729   752   205     0 
  293   221   512   145   414   408   357   230   405   293   434   971   245   158   542   297   598   466   714   124   617   656     0   750   209   659   624   603   761   400   690   382   272   799   339   221   856     0 
  983   547   238   698   438   555   448   660   370   471   450   289   620   890   438   730   297   487    77   873   439   448   750     0   958   666   773   152    25  1133    63   602   894   278   982   937   466     0 
  227   419   720   313   613   584   560   396   613   501   628  1180   423    91   733   422   802   652   920    86   807   844   209   958     0   811   747   812   969   236   898   548   290  1003   304   158  1048     0 
  674   640   561   515   344   265   403   428   449   485   312   669   416   804   245   389   372   252   701   744   227   224   659   666   811     0   136   562   654   844   618   278   562   466   620   686   360     0 
  584   652   637   479   396   285   442   398   505   511   368   801   398   755   337   331   476   310   800   691   342   348   624   773   747   136     0   655   764   748   720   273   476   594   521   608   496     0 
  831   408    95   546   293   414   297   508   218   319   309   388   469   747   320   580   195   353   148   727   342   362   603   152   812   562   655     0   159   982    89   459   742   284   831   786   446     0 
  989   560   249   704   438   552   451   663   374   478   448   266   623   902   429   730   288   482   101   884   427   433   761    25   969   654   764   159     0  1140    71   600   898   255   986   944   444     0 
  172   622   897   439   737   672   700   497   769   663   745  1324   534   326   834   475   932   750  1105   296   901   935   400  1133   236   844   748   982  1140     0  1071   625   285  1131   227   196  1139     0 
  920   490   178   635   376   494   385   596   306   408   389   322   557   832   383   667   246   428    87   813   392   404   690    63   898   618   720    89    71  1071     0   541   831   266   919   875   448     0 
  454   379   412   241   166    51   186   154   264   242   152   724   138   532   213   153   334   131   607   475   276   310   382   602   548   278   273   459   600   625   541     0   344   519   423   444   514     0 
  113   453   667   210   472   392   447   235   525   433   474  1058   275   330   556   191   664   473   878   262   620   653   272   894   290   562   476   742   898   285   831   344     0   858    88   136   855     0 
  964   645   362   700   395   468   443   634   399   509   386   210   597   955   308   670   202   388   346   919   262   247   799   278  1003   466   594   284   255  1131   266   519   858     0   941   938   190     0 
   79   534   756   297   558   473   535   323   613   521   559  1142   362   364   636   271   748   553   967   300   697   729   339   982   304   620   521   831   986   227   919   423    88   941     0   149   929     0 
   79   438   701   242   544   487   504   305   572   467   553  1129   341   216   647   300   738   563   911   154   716   752   221   937   158   686   608   786   944   196   875   444   136   938   149     0   957     0 
  967   742   506   735   444   470   507   656   491   588   422   342   625  1014   315   664   292   396   531   968   241   205   856   466  1048   360   496   446   444  1139   448   514   855   190   929   957     0     0 
    0     0     0     0     0     0     0     0     0     0     0     0     0     0     0     0     0     0     0     0     0     0     0     0     0     0     0     0     0     0     0     0     0     0     0     0     0     0 
