DIMENSION: 27
N: 15
M: 5
K: 2

SERVICE: 
224 289 314 199 415 112 374 191 432 223 315 221 354 436 241 

DIST MATRIX: 
    0   742   447   468   373   571   391   650   387   211   553   427   461   412   202   657   516   475   797   577   563   733   493  1063   990   357   648     0 
  812     0   643   640   870   578   735   586   735   924   629   726   572   660   928   357   727   900   327   433   517   396   770   296   384   781  1109     0 
   93   658     0   333   248   435   254   624   249    99   416   289   398   279    92   569   379   354   672   490   508   605   357   937   932   219   553     0 
  370   278   197     0   426   178   288   477   287   475   225   284   269   210   480   204   313   474   224   173   317   178   349   487   601   333   705     0 
  467   452   243   224     0   121   312   690   315   529   152   284   478   279   536   399   240   411   187   385   531   116   285   413   765   358   600     0 
  289   375    94    97   324     0   186   532   186   382   145   182   293   112   388   294   220   373   290   244   370   224   252   555   696   232   608     0 
  482   898   442   429   267   453     0  1018   378   403   402   356   762   452   412   818   307   166   703   763   864   629   272   906  1220   355    85     0 
  607   145   545   558   755   561   621     0   618   736   607   633   279   538   737   182   687   829   475   224   174   491   716   633   256   654  1069     0 
  544   938   489   474   329   487   427  1071     0   468   436   406   815   503   476   860   347   224   724   808   915   652   316   913  1260   412    81     0 
  143   591   344   367   352   466   314   513   309     0   460   352   310   306   217   506   448   461   666   426   413   608   437   930   841   296   672     0 
  322   780   316   310   109   364   234   871   237   246     0   227   615   317   255   696   217    47   634   633   721   558   173   867  1098   205   226     0 
  144   433   172   196   302   283   192   461   187   270   290     0   207   138   271   344   311   395   467   266   316   409   318   732   723   206   635     0 
  657    87   551   559   775   538   636   319   634   783   588   640     0   553   784   173   678   835   393   248   271   426   713   516   238   675  1068     0 
  481   873   422   408   266   424   360  1004   365   412   373   339   748     0   421   795   281   159   668   742   848   595   250   867  1195   347   119     0 
  338   843   382   379   154   444   293   908   295   234   395   294   655   376     0   756   300   134   716   689   764   639   256   952  1155   255   222     0 
  487    90   380   390   602   382   464   312   462   611   429   470   216   380   613     0   514   665   313    80   181   316   546   518   402   502   902     0 
  308   592   152   132   181   150   134   739   139   322    98    97   487   176   331   514     0   174   417   463   579   341    44   653   914   159   392     0 
  322   748   285   276   108   322   210   853   214   265   272   196   597   291   274   665   174     0   590   605   700   514   130   820  1067   189   242     0 
  579   332   370   359   579   273   456   625   458   667   320   437   472   398   673   313   417   590     0   339   485    76   461   266   616   504   787     0 
  409   168   321   334   535   345   399   305   396   534   387   409   145   315   536    80   463   605   339     0   149   323   492   569   467   434   845     0 
  447   227   429   447   616   479   490   162   487   576   515   509   112   412   575   181   579   700   485   149     0   473   601   699   428   516   942     0 
  513   354   298   285   503   197   383   623   384   596   244   362   442   328   602   316   341   514    76   323   473     0   385   333   658   431   714     0 
  294   627   173   158   142   192   129   760   134   292   142    98   505   191   301   546    44   130   461   492   601   385     0   697   948   142   356     0 
  844   494   631   618   827   523   714   812   716   928   564   691   712   661   935   518   653   820   266   569   699   333   697     0   678   762   985     0 
  863   323   782   792  1002   776   864   375   862   992   826   872   535   781   992   402   914  1067   616   467   428   658   948   678     0   901  1304     0 
  153   590   139   146   101   239    48   666    47   172   208    75   410   124   180   502   159   189   504   434   516   431   142   762   901     0   429     0 
  545   982   524   512   335   539   452  1095   456   454   487   436   838   532   461   902   392   242   787   845   942   714   356   985  1304   429     0     0 
    0     0     0     0     0     0     0     0     0     0     0     0     0     0     0     0     0     0     0     0     0     0     0     0     0     0     0     0 
