DIMENSION: 37
N: 15
M: 10
K: 2

SERVICE: 
74 13 384 76 121 182 306 179 76 134 242 656 293 384 137 

DIST MATRIX: 
    0   704   759   535   159   667   335   535   638   419   494   263   702   588   224   711   514   147   678   525   721   603   620   875   332   305   364   269   708   389  1008   531   766  1005   482   480   194     0 
  724     0   219   439   666   300   520   262    99   430   476   515   209   148   473    16   218   601    78   285   249   292   577   335   384   409   332   572   138   340   313   198   449   490   319   502   831     0 
 1056   323     0   687   988   525   821   544   396   720   759   831   425   451   804   317   529   932   367   565   444   530   821   397   708   734   663   895   351   659    45   518   616   486   608   765  1156     0 
  668   409   622     0   487   654   280   179   316   187   708   342   594   280   429   426   254   602   471   163   635   122   850   747   320   340   359   656   301   273   640   455   812   903   171   156   645     0 
  300   781   893   473     0   829   280   553   696   387   699   262   840   641   340   792   564   367   782   535   867   594   835  1019   395   372   460   490   746   436  1082   655   951  1163   489   396   110     0 
  832   425   197   815   889     0   822   635   501   765   380   780   215   529   670   409   566   700   343   655   174   690   356   131   646   659   570   603   553   635   483   380   111   172   672   859  1024     0 
  108   698   763   508   124   677     0   519   629   394   514   238   707   577   216   705   502   170   676   507   728   583   643   882   318   291   357   293   696   374  1002   532   782  1015   463   451   173     0 
  515   440   619    85   333   616   127     0   343    37   616   188   580   292   289   455   229   459   476   157   617   195   765   750   196   208   258   527   367   169   716   410   770   906   122    72   494     0 
  609   168   356   280   516   386   356    99     0   264   480   359   325    21   346   182    57   500   207   121   365   155   610   484   240   267   211   504   140   187   462   198   545   641   152   338   685     0 
  528   552   733   139   313   725   130   291   455     0   705   212   692   405   346   568   343   499   590   268   730   291   855   863   281   284   352   586   472   269   822   519   877  1020   235    56   453     0 
  408   340   366   436   417   291   368   302   307   343     0   313   310   276   198   342   236   279   293   310   332   386   389   486   192   196   119   247   391   207   631   141   423   625   296   447   561     0 
  465   735   625   866   655   482   735   752   737   756   247     0   579   717   516   730   685   392   656   758   565   836   217   674   598   585   549   280   822   637   966   532   461   736   738   855   705     0 
  964   461   249   884  1005   302   918   703   551   850   520   884     0   590   785   444   641   832   397   725   260   745   494   120   748   764   673   739   585   728   424   477   250    38   749   938  1147     0 
  922   235   190   668   893   332   756   496   332   667   574   746   238     0   688   221   455   792   227   519   249   514   624   201   612   635   551   736   333   573   158   374   415   317   555   736  1054     0 
  264   486   503   488   327   405   356   400   443   375   255   280   446   404     0   489   348   132   441   401   462   483   399   614   219   203   188   120   525   265   779   288   509   743   372   473   446     0 
  739    17   212   453   682   301   536   277   113   446   483   531   206   163   489     0   234   616    79   299   246   304   581   325   400   425   348   585   145   357   297   209   446   479   334   517   847     0 
  557   221   391   249   460   403   302    75   133   214   465   302   354    78   293   234     0   452   247    92   393   154   603   522   184   211   163   465   194   131   518   201   561   678   108   297   628     0 
  134   612   634   541   263   531   369   492   561   422   347   287   577   517   173   616   452     0   571   488   591   570   473   743   289   265   289   124   639   345   909   419   622   867   451   507   341     0 
  699    91   151   487   667   222   541   305   158   461   409   524   132   193   461    79   247   571     0   328   173   350   503   277   387   409   325   528   214   353   339   153   371   434   355   543   827     0 
  577   284   476   160   443   494   258    23   187   155   548   283   442   137   317   299    92   488   328     0   482    83   689   605   200   226   214   521   214   142   561   293   652   762    46   218   612     0 
  725   260    60   642   747    83   660   461   329   596   329   625    41   356   528   246   393   591   173   482     0   517   377   154   488   504   413   514   387   470   404   217   201   298   500   688   893     0 
  657   288   502   158   511   540   314    85   194   207   619   352   476   162   399   304   154   570   350    83   517     0   756   625   282   307   296   603   185   225   532   349   699   781   121   236   678     0 
  585   590   437   824   722   297   742   676   617   731   150   672   400   612   532   581   603   473   503   689   377   756     0   466   575   572   507   351   697   597   781   414   245   519   682   835   814     0 
  877   342   131   764   899   216   803   583   431   732   457   773   180   470   681   325   522   743   277   605   154   625   466     0   636   653   563   661   467   613   352   366   232   157   630   818  1047     0 
  379   390   506   269   282   466   178   206   313   160   425   138   456   260   118   400   184   289   387   200   488   282   575   636     0    27    77   337   377    58   694   271   609   786   162   262   448     0 
  352   415   524   286   258   477   172   233   339   171   422   121   473   287    92   425   211   265   409   226   504   307   572   653    27     0    90   319   404    85   719   287   618   802   187   271   423     0 
  399   340   434   321   343   389   255   212   276   224   359   211   383   229   141   348   163   289   325   214   413   296   507   563    77    90     0   307   351    90   645   197   533   711   189   328   503     0 
  238   584   564   605   383   445   458   519   552   489   233   378   507   517   241   585   465   124   528   521   514   603   351   661   337   319   307     0   636   385   866   377   516   773   492   584   463     0 
  749   128   356   343   648   434   471   194    86   369   582   488   347   122   486   145   194   639   214   214   387   185   697   467   377   404   351   636     0   322   349   291   586   619   258   418   817     0 
  437   345   482   231   329   458   190   148   262   137   449   174   435   208   175   357   131   345   353   142   470   225   597   613    58    85    90   385   322     0   647   255   608   766   107   240   497     0 
 1034   305   344   690   975   486   815   540   385   716   723   820   387   441   786   297   518   909   339   561   404   532   781   352   694   719   645   866   349   647     0   492   573   441   603   767  1142     0 
  548   210   238   447   536   206   443   276   206   385   291   408   186   198   322   209   201   419   153   293   217   349   414   366   271   287   197   377   291   255   492     0   362   515   300   482   690     0 
  750   460   249   808   830   159   787   634   521   743   285   736   240   539   614   446   561   622   371   652   201   699   245   232   609   618   533   516   586   608   573   362     0   276   662   843   955     0 
 1000   496   287   921  1042   338   956   739   587   888   552   922   331   627   823   479   678   867   434   762   298   781   519   157   786   802   711   773   619   766   441   515   276     0   786   975  1184     0 
  535   320   499   147   397   505   213    64   224   113   537   237   462   171   279   334   108   451   355    46   500   121   682   630   162   187   189   492   258   107   603   300   662   786     0   189   566     0 
  548   501   688    83   346   688   145   240   404   104   686   223   650   355   344   517   297   507   543   218   688   236   835   818   262   271   328   584   418   240   767   482   843   975   189     0   495     0 
  240   838   926   569   169   846   367   627   759   472   687   329   870   705   368   847   628   341   827   612   893   678   814  1047   448   423   503   463   817   497  1142   690   955  1184   566   495     0     0 
    0     0     0     0     0     0     0     0     0     0     0     0     0     0     0     0     0     0     0     0     0     0     0     0     0     0     0     0     0     0     0     0     0     0     0     0     0     0 
