DIMENSION: 37
N: 15
M: 10
K: 2

SERVICE: 
224 289 314 199 415 112 374 191 432 223 315 221 354 436 241 

DIST MATRIX: 
    0   742   447   468   373   571   391   650   387   211   553   427   461   412   202   651   724   818   700   696   815   745   882   674   862   685   763   768   829   704  1010   634   997   852   887   357   641     0 
  812     0   643   640   870   578   735   586   735   924   629   726   572   660   928   887   449   186   378   347   287   331   434   382   157  1157   261   236   494   306   225   492   349   416   388   781   394     0 
   93   658     0   333   248   435   254   624   249    99   416   289   398   279    92   525   673   715   577   579   741   624   833   601   768   595   675   669   694   596   932   503   935   800   831   219   524     0 
  370   278   197     0   426   178   288   477   287   475   225   284   269   210   480   514   419   269   127   116   382   167   547   287   342   755   280   237   329   147   538   138   588   509   521   333    61     0 
  467   452   243   224     0   121   312   690   315   529   152   284   478   279   536   375   621   375   155   206   552   188   732   487   463   647   442   374   139   287   667    78   745   696   700   358   203     0 
  289   375    94    97   324     0   186   532   186   382   145   182   293   112   388   429   495   371   195   206   478   244   634   370   444   659   379   339   340   249   639   132   685   596   612   232   155     0 
  482   898   442   429   267   453     0  1018   378   403   402   356   762   452   412   160  1009   868   649   688  1002   694  1155   891   951   135   900   850   588   756  1154   534  1208  1118  1135   355   656     0 
  607   145   545   558   755   561   621     0   618   736   607   633   279   538   737   895    56   290   434   381   111   425   169    97   248  1120   170   245   653   301   292   512   260   132   156   654   376     0 
  544   938   489   474   329   487   427  1071     0   468   436   406   815   503   476   164  1057   899   677   720  1042   720  1200   936   984   116   938   885   595   791  1188   564  1247  1162  1178   412   691     0 
  143   591   344   367   352   466   314   513   309     0   460   352   310   306   217   621   576   670   568   559   663   611   736   522   711   717   612   619   721   559   858   517   847   704   738   296   504     0 
  322   780   316   310   109   364   234   871   237   246     0   227   615   317   255   213   873   772   564   595   882   613  1024   762   850   275   786   746   560   653  1047   452  1089   987  1008   205   554     0 
  144   433   172   196   302   283   192   461   187   270   290     0   207   138   271   517   476   488   369   362   521   413   634   385   540   684   449   441   529   371   709   323   721   598   625   206   307     0 
  657    87   551   559   775   538   636   319   634   783   588   640     0   553   784   875   182   185   375   323    26   353   213   141   124  1119    88   158   580   242   197   473   224   181   174   675   337     0 
  481   873   422   408   266   424   360  1004   365   412   373   339   748     0   421   119   990   838   617   658   977   661  1133   870   922   166   873   822   549   728  1125   503  1182  1096  1112   347   628     0 
  338   843   382   379   154   444   293   908   295   234   395   294   655   376     0   286   921   844   642   670   942   691  1076   817   919   263   850   815   646   724  1113   532  1149  1039  1063   255   627     0 
  479   791   365   346   278   337   326   953   331   441   289   296   700   387   450     0   924   742   519   564   895   560  1060   798   828   278   788   731   432   638  1032   407  1098  1022  1035   329   539     0 
  610   198   568   583   770   595   639   139   636   740   638   654   276   558   739   924     0   344   479   427   162   474   160   134   303  1141   224   298   701   349   330   551   278   128   164   669   417     0 
  626   148   465   465   694   415   557   467   556   740   467   551   398   479   743   742   344     0   223   180   211   188   397   238    88  1003   120    58   403   123   292   335   377   366   356   602   218     0 
  483   300   280   272   499   200   370   563   370   576   251   354   385   305   582   519   479   223     0    53   399    50   581   345   310   783   288   220   225   134   515   114   590   545   547   418    77     0 
  486   247   297   293   523   235   389   515   389   587   287   378   351   318   592   564   427   180    53     0   346    59   528   294   265   823   236   170   275    82   469   156   540   492   495   436    55     0 
  664   104   566   574   788   558   650   300   648   791   607   655   355   566   792   895   162   211   399   346     0   378   187   141   148  1136   110   183   605   265   196   495   207   155   149   688   357     0 
  531   285   330   322   549   248   420   568   421   625   299   405   410   355   631   560   474   188    50    59   378     0   563   342   276   827   269   195   229   125   479   161   562   529   527   468   109     0 
  770   281   713   726   923   725   790   255   787   899   771   801   436   707   899  1060   160   397   581   528   187   563     0   264   325  1288   294   370   791   446   246   670   146    37    47   822   532     0 
  527    94   450   462   664   465   528   232   525   655   510   538   214   445   656   798   134   238   345   294   141   342   264     0   226  1025   124   184   568   218   336   418   336   226   245   563   283     0 
  682   133   538   540   768   498   629   436   628   801   550   626   420   548   804   828   303    88   310   265   148   276   325   226     0  1087   105   105   488   197   205   421   290   298   282   673   297     0 
  592  1033   575   563   384   589   503  1145   506   496   537   487   888   583   503   278  1141  1003   783   823  1136   827  1288  1025  1087     0  1035   986   710   892  1289   669  1343  1251  1269   479   791     0 
  593    30   470   476   697   451   558   347   556   715   502   559   316   475   717   788   224   120   288   236   110   269   294   124   105  1035     0    77   497   155   264   385   310   260   259   599   249     0 
  581   100   433   436   663   398   524   415   523   698   449   521   341   444   701   731   298    58   220   170   183   195   370   184   105   986    77     0   421    94   303   325   370   336   332   568   194     0 
  605   514   382   361   536   258   446   788   449   662   282   415   598   418   669   432   701   403   225   275   605   229   791   568   488   710   497   421     0   352   683   208   779   757   754   490   297     0 
  506   166   343   344   573   304   435   445   434   617   355   430   313   356   621   638   349   123   134    82   265   125   446   218   197   892   155    94   352     0   398   232   461   410   413   480   100     0 
  853   276   732   737   960   701   821   464   819   977   752   821   550   738   979  1032   330   292   515   469   196   479   246   336   205  1289   264   303   683   398     0   625   128   242   203   862   498     0 
  411   392   191   177   393    88   273   615   275   488   138   252   400   224   494   407   551   335   114   156   495   161   670   418   421   669   385   325   208   232   625     0   693   633   640   321   138     0 
  863   310   773   781   995   761   857   395   854   991   811   862   539   773   992  1098   278   377   590   540   207   562   146   336   290  1343   310   370   779   461   128   693     0   159   117   894   559     0 
  735   245   676   689   887   687   753   236   750   864   734   764   402   670   864  1022   128   366   545   492   155   529    37   226   298  1251   260   336   757   410   242   633   159     0    42   786   495     0 
  764   248   694   706   909   699   774   278   771   893   746   783   433   690   893  1035   164   356   547   495   149   527    47   245   282  1269   259   332   754   413   203   640   117    42     0   808   502     0 
  153   590   139   146   101   239    48   666    47   172   208    75   410   124   180   329   669   602   418   436   688   468   822   563   673   479   599   568   490   480   862   321   894   786   808     0   387     0 
  432   254   249   248   477   204   341   492   341   534   255   333   308   267   539   539   417   218    77    55   357   109   532   283   297   791   249   194   297   100   498   138   559   495   502   387     0     0 
    0     0     0     0     0     0     0     0     0     0     0     0     0     0     0     0     0     0     0     0     0     0     0     0     0     0     0     0     0     0     0     0     0     0     0     0     0     0 
