DIMENSION: 37
N: 15
M: 10
K: 2

SERVICE: 
318 231 131 268 316 143 335 279 175 130 185 104 300 207 356 

DIST MATRIX: 
    0   107   344   338   247   223   118   192   544   698   234   471   188   449   313   384   134   604   342   292   185   172   333   151   454   644   223   355   490   379   197   660   191   191   536   474   203     0 
  366     0   444   446   351   310   229   325   665   718   307   604   308   592   422   463   269   707   221   329   318   300   370   294   534   783   308   446   419   402   278   770   222   334   596   394   248     0 
  486   245     0   418    42    72   271   254   335   864   105   283   287   350   396   507   221   388   548   192   247   260   215   181   566   573    76   150   705   270   355   695   176   177   668   690   153     0 
  462   406   507     0   484   525   415   312   471   703   558   358   338   138   276   368   367   610   784   645   318   339   665   350   367   150   529   542   806   719   412   297   607   316   469   814   593     0 
  490   340   326   322     0   364   358   260   301   806   396   186   302    58   315   437   294   435   730   480   261   288   495   255   465   282   368   360   809   548   395   475   462   213   576   807   443     0 
  571   337    60   475    90     0   363   324   230   942   167   195   363   324   456   575   305   284   655   234   318   337   238   258   628   546   147    94   809   287   442   718   261   239   734   795   232     0 
  332   353   653   491   557   522     0   437   862   592   521   787   402   729   474   455   399   916    59   544   434   409   586   441   518   886   520   658   211   615   325   790   439   483   540   181   465     0 
  516   354   301   353   300   350   373     0   267   838   382   152   322    81   345   467   307   401   741   464   279   306   477   266   497   302   354   336   829   528   416   508   453   223   608   826   432     0 
  851   620   252   737   349   383   646   600     0  1217   388   278   642   497   722   845   587    41   914   399   596   616   371   539   891   681   385   247  1086   384   724   931   482   515  1000  1069   453     0 
  421   659  1034   563   944   935   634   672  1162     0   951  1054   630   885   571   449   687  1267   603  1009   677   656  1051   734   434   913   936  1054   377  1095   550   638   904   757   337   416   920     0 
  723   486   216   686   235   211   508   520   419  1105     0   443   545   594   664   766   476   368   651   119   512   520    76   445   830   817   209   182   863    51   595   968   227   449   926   838   208     0 
  718   504   203   584   281   331   529   464    38  1069   350     0   509   324   571   696   464   149   845   398   461   485   387   414   735   509   335   223   987   422   598   758   448   382   846   976   418     0 
  365   379   577   179   532   564   379   291   582   572   596   467     0   251   197   255   350   717   723   683   299   311   710   351   242   246   568   610   712   765   349   201   626   330   339   724   618     0 
  316   176   358   175   299   325   189    85   439   657   356   330   124     0   159   284   133   551   564   443    89   114   472   116   329   382   329   388   630   527   216   438   386    89   438   629   377     0 
  435   562   820   332   768   793   553   493   828   442   823   714   483   495     0   314   548   965   825   908   501   504   939   565   249   405   796   852   738   994   491    80   837   554   263   761   834     0 
  125   285   626   115   549   557   268   253   721   374   581   609   221   437   125     0   290   835   513   658   260   248   695   326    71   500   559   652   461   747   190   335   570   337   161   477   574     0 
  266    46   348   218   262   267    68    59   497   642   291   404    69   332   194   290     0   585   437   370    52    45   406    50   354   514   269   370   530   459   137   532   290    87   450   523   289     0 
  847   620   263   726   359   397   646   595   143  1208   404   252   637   472   711   835   585     0   928   423   590   612   398   536   878   649   399   262  1093   415   722   907   501   510   988  1077   471     0 
  390   391   665   544   571   531   375   479   882   646   527   813   447   769   526   513   437   928     0   541   476   451   581   476   577   934   529   667   244   605   375   847   439   518   599   208   466     0 
  608   374   197   585   164   120   395   418   435   989    88   427   439   538   562   658   370   423   541     0   410   414    42   344   724   762   116   176   746    89   481   881   108   355   816   722    89     0 
  257    88   367   175   289   301   100     8   491   623   328   391    48   294   152   260    52   590   476   410     0    27   444    67   319   467   304   392   550   498   140   483   336    81   420   547   333     0 
  235    69   383   173   301   309    76    29   516   606   335   417    27   320   149   248    45   612   451   414    27     0   450    80   310   488   311   407   523   503   114   489   334   103   408   520   334     0 
  648   412   193   619   182   146   434   452   423  1030   116   426   475   553   596   695   406   398   581    42   444   450     0   377   760   777   143   166   788    55   521   909   151   385   854   764   131     0 
  313    92   303   242   222   234   116    75   447   686   261   355   107   299   219   326    50   536   476   344    67    80   377     0   386   493   236   327   578   432   186   542   275    42   487   571   270     0 
  187   353   681   154   608   619   337   312   758   342   645   644   285   456   172    71   354   878   577   724   319   310   760   386     0   486   622   708   503   813   261   279   638   392   111   523   641     0 
  604   555   603   411   598   645   564   461   506   805   677   409   488   224   422   500   514   649   934   762   467   488   777   493   486     0   649   637   950   830   562   327   737   457   577   960   720     0 
  523   282   138   478    59     4   305   311   373   904    29   340   337   426   455   559   269   399   529   116   304   311   143   236   622   649     0   138   707   198   392   766   114   242   719   688    86     0 
  635   395    35   557   110   136   420   399   259  1013   142   263   434   417   537   652   370   262   667   176   392   407   166   327   708   637   138     0   843   207   504   811   239   316   812   825   209     0 
  347   486   834   540   737   709   463   550  1022   448   713   934   507   833   530   461   530  1093   244   746   550   523   788   578   503   950   707   843     0   821   413   781   639   616   480    39   662     0 
  697   463   237   673   236   201   484   506   456  1077   171   470   528   606   650   747   459   415   605    89   498   503    55   432   813   830   198   207   821     0   570   964   191   440   905   795   177     0 
  131   111   484   174   395   391    87   138   629   512   411   531    94   421   153   190   137   722   375   481   140   114   521   186   261   562   392   504   413   570     0   495   386   216   339   413   394     0 
  460   553   778   325   733   763   546   475   768   515   794   655   472   435   349   335   532   907   847   881   483   489   909   542   279   327   766   811   781   964   495     0   817   526   319   802   812     0 
  509   284   247   508   172   118   302   344   486   888    98   453   357   518   484   570   290   501   439   108   336   334   151   275   638   737   114   239   639   191   386   817     0   297   724   615    30     0 
  338   132   289   242   218   239   154    86   414   703   269   318   127   258   221   337    87   510   518   355    81   103   385    42   392   457   242   316   616   440   216   526   297     0   497   610   288     0 
  230   442   786   263   709   717   423   414   869   234   741   755   382   566   279   161   450   988   599   816   420   408   854   487   111   577   719   812   480   905   339   319   724   497     0   506   731     0 
  358   479   817   549   720   690   456   547  1011   485   693   926   505   834   538   477   523  1077   208   722   547   520   764   571   523   960   688   825    39   795   413   802   615   610   506     0   640     0 
  520   289   218   507   144    90   308   341   456   900    69   426   358   500   483   574   289   471   466    89   333   334   131   270   641   720    86   209   662   177   394   812    30   288   731   640     0     0 
    0     0     0     0     0     0     0     0     0     0     0     0     0     0     0     0     0     0     0     0     0     0     0     0     0     0     0     0     0     0     0     0     0     0     0     0     0     0 
