DIMENSION: 27
N: 15
M: 5
K: 2

SERVICE: 
74 13 384 76 121 182 306 179 76 134 242 656 293 384 137 

DIST MATRIX: 
    0   704   759   535   159   667   335   535   638   419   494   263   702   588   224   668   511   942   473   778   925   489  1097   409  1085   480   376     0 
  724     0   219   439   666   300   520   262    99   430   476   515   209   148   473   273   722   351   320   308   239   208   413   572   505   502   618     0 
 1056   323     0   687   988   525   821   544   396   720   759   831   425   451   804   501  1005   337   613   456   146   538   158   853   419   765   924     0 
  668   409   622     0   487   654   280   179   316   187   708   342   594   280   429   631   904   764   180   703   613   335   768   256   916   156   759     0 
  300   781   893   473     0   829   280   553   696   387   699   262   840   641   340   823   745  1076   483   931  1015   573  1189   298  1228   396   605     0 
  832   425   197   815   889     0   822   635   501   765   380   780   215   529   670   193   576   208   669   107   386   499   463   901   280   859   564     0 
  108   698   763   508   124   677     0   519   629   394   514   238   707   577   216   676   542   947   454   786   921   482  1095   377  1092   451   404     0 
  515   440   619    85   333   616   127     0   343    37   616   188   580   292   289   598   788   783   122   687   668   289   836   135   939    72   637     0 
  609   168   356   280   516   386   356    99     0   264   480   359   325    21   346   363   707   511   153   434   401   104   573   405   667   338   578     0 
  528   552   733   139   313   725   130   291   455     0   705   212   692   405   346   708   856   897   236   799   778   400   944    52  1053    56   703     0 
  408   340   366   436   417   291   368   302   307   343     0   313   310   276   198   285   447   549   288   394   540   160   709   459   696   447   314     0 
  465   735   625   866   655   482   735   752   737   756   247     0   579   717   516   504     9   759   729   577   861   607   996   832   850   855   160     0 
  964   461   249   884  1005   302   918   703   551   850   520   884     0   590   785   303   716   134   747   194   346   585   369   991   140   938   705     0 
  922   235   190   668   893   332   756   496   332   667   574   746   238     0   688   310   817   160   556   255    58   433   196   808   291   736   749     0 
  264   486   503   488   327   405   356   400   443   375   255   280   446   404     0   407   377   684   362   516   688   289   855   453   825   473   225     0 
  668   285   121   631   702    28   629   454   339   574   266   588    77   356   483     0   506   284   481   110   358   310   496   709   418   670   446     0 
  456   735   627   861   647   485   729   748   735   751   248   650   581   715   510   506     0   763   725   581   864   604   999   825   855   850   153     0 
  948   355   184   789   957   295   847   609   450   769   539   824   240   495   742   284   763     0   661   184   212   513   255   911   156   849   724     0 
  526   321   497   153   390   500   208    70   226   111   529   229   459   172   269   481   725   661     0   567   552   172   723   253   817   191   580     0 
  777   318    92   711   810   113   728   530   394   666   355   692   109   423   591   110   581   184   567     0   311   400   420   804   309   758   540     0 
  947   234   239   654   904   381   757   489   326   663   619   753   283   381   705   358   864   212   552   311     0   444   174   803   330   725   790     0 
  522   216   338   324   461   329   335   158   155   266   383   315   293   116   266   310   604   513   172   400   444     0   618   405   668   360   474     0 
 1117   408   376   815  1078   515   929   658   497   833   762   927   428   552   879   496   999   255   723   420   174   618     0   971   285   890   940     0 
  481   573   742   182   262   724    97   314   477   143   687   176   699   424   316   709   825   911   253   804   803   405   971     0  1068   100   672     0 
 1086   508   335   944  1108   423  1003   765   604   925   653   978   388   651   891   418   855   156   817   309   330   668   285  1068     0  1005   839     0 
  548   501   688    83   346   688   145   240   404   104   686   223   650   355   344   670   850   849   191   758   725   360   890   100  1005     0   698     0 
  331   631   565   712   501   431   576   609   616   600   186   496   512   589   357   446   153   724   580   540   790   474   940   672   839   698     0     0 
    0     0     0     0     0     0     0     0     0     0     0     0     0     0     0     0     0     0     0     0     0     0     0     0     0     0     0     0 
