DIMENSION: 47
N: 15
M: 15
K: 2

SERVICE: 
318 395 85 77 343 324 256 452 281 175 189 141 456 68 131 

DIST MATRIX: 
    0   749   926   534   432  1059   702   888   872   282   406   688   324   810   575   795   719   337   833   312   279   679    63   358    77   668   110   334   366   376   756   763   901  1035   323   262   392   152   549    55   688   146   276   398   101   545   932     0 
  449     0   407   142   203   615   273   375   402   272   232   382   323   397   106   300   300   275   374   409   256   374   461   392   482   192   413   193   307   274   259   312   557   569   236   271   131   533   178   478   227   478   321   190   537   191   555     0 
  732   415     0   364   473   427   305    94   240   590   507   458   614   341   293   155   307   570   254   702   579   457   787   671   806   243   739   517   585   554   170   255   514   354   548   593   456   849   377   803   245   798   627   483   858   382   490     0 
  467   495   479     0   256   716   248   457   500   198   276   476   344   500   208   394   403   296   474   314   192   468   417   293   446   198   371   139   340   309   286   414   658   666   243   252    96   512   109   436   329   404   326   227   505   280   518     0 
  564   137   296   456     0   290   500   228   109   585   371   191   472    71   232   125    57   443    65   737   560   193   710   724   713   408   665   498   432   410   390    28   250   262   450   514   439   726   487   721   107   774   507   375   752   228   744     0 
  508    46   469   578   358     0   654   400   253   643   375    85   451   125   335   302   161   438   217   807   613    94   712   804   703   559   672   558   408   398   556   201   130   340   468   535   511   694   612   718   246   807   497   400   730   268   911     0 
  913   864   592   379   705   958     0   625   758   561   728   872   793   825   594   649   750   747   757   532   580   867   792   483   833   351   757   561   792   762   371   727  1005   885   691   684   543   917   344   813   665   702   768   679   895   698   136     0 
  993   782   395   470   744   772   297     0   611   717   775   815   867   713   580   525   668   819   627   749   723   812   951   704   984   354   908   680   851   818   294   624   887   692   775   794   637  1054   450   971   593   900   860   734  1045   690   183     0 
  621   164   506   690   485   254   749   441     0   769   501   210   574   179   449   365   260   564   261   932   739   219   836   928   826   656   797   684   532   523   639   278     4   298   594   662   635   812   723   842   344   933   621   527   850   392   992     0 
  315   431   549   229   125   706   396   509   505     0   134   392   191   465   198   419   368   144   469   339   147   383   317   340   334   330   269    91   189   160   406   400   596   672    93   122    63   383   261   332   319   359   177    85   388   202   670     0 
  123   381   719   537   216   709   691   658   573   431     0   309   143   469   382   544   408   178   529   586   399   301   378   606   354   610   352   380   127   154   664   468   504   710   237   278   377   318   572   376   428   512   192   236   363   282   972     0 
  303   201   522   433   142   523   558   459   372   434   152     0   227   276   218   344   207   213   328   600   402   131   487   604   479   467   447   355   185   173   502   266   354   515   246   313   319   477   470   493   230   584   272   186   509   108   837     0 
  549   133   303   445   326   306   493   235   124   569   355   182     0    80   217   128    41   426    80   723   544   183   694   710   696   400   648   482   416   394   386    27   256   279   434   498   424   710   476   704    95   758   490   359   736   211   741     0 
  616   162   278   496   397   238   525   209    63   636   426   228   526     0   280   129   110   497    25   786   611   231   764   772   767   436   719   549   486   464   407    69   237   208   505   568   490   780   525   775   154   827   561   429   806   282   757     0 
  439   418   434   128   202   644   275   403   430   244   228   401   313   424     0   329   326   264   402   381   228   393   437   364   459   201   389   166   301   268   275   340   581   598   221   250   104   514   166   454   255   449   307   183   515   206   555     0 
  630   261   180   393   381   330   400   115   114   570   415   308   522   188   220     0   157   484   109   708   551   308   732   687   743   314   685   487   487   459   278   101   365   273   476   533   424   771   418   746   118   772   546   403   789   273   627     0 
  507   116   336   431   288   341   494   268   166   539   316   151   416    99   195   157     0   387   122   696   513   151   656   685   658   400   611   452   376   354   395    62   261   318   397   462   396   670   464   666    86   725   451   322   696   174   750     0 
  175   412   640   372   103   724   537   589   546   258    72   354    49   474   278   484   387     0   505   418   225   344   275   434   271   465   234   202    52    41   533   436   567   705    59   110   204   287   405   282   369   375    64    89   309   217   813     0 
  629   185   253   485   403   242   507   185    44   634   433   249   536    92   277   109   122   505     0   782   611   251   769   766   774   419   723   547   496   473   387    69   260   203   510   572   487   790   513   781   151   828   568   434   814   289   735     0 
  519   769   787   339   458  1024   469   770   811   166   454   731   443   795   506   708   696   418   782     0   199   722   298    49   344   473   281   249   469   455   566   718   935   978   365   310   300   437   334   316   632   173   394   415   399   540   651     0 
  353   577   662   255   260   850   425   631   644    33   255   535   256   612   335   551   513   225   611   199     0   526   229   209   262   389   185    64   277   259   478   543   742   812   168   122   127   340   273   248   460   222   213   217   324   349   672     0 
  417    80   486   516   268   407   612   418   294   557   282     9   356   175   276   308   151   344   251   722   526     0   618   722   609   517   578   474   314   304   529   209   223   412   376   443   430   601   552   624   219   715   403   311   636   189   881     0 
  272   686   866   484   368   996   654   826   809   237   343   627   264   747   512   732   656   275   769   298   229   618     0   339    46   615    48   278   305   314   702   700   840   972   260   199   334   140   501    21   625   153   215   335   104   482   893     0 
  547   765   757   308   463  1008   428   743   793   176   462   731   463   784   493   687   685   434   766    49   209   722   339     0   385   438   319   250   486   469   530   703   931   959   378   328   293   478   299   359   618   222   416   420   442   537   602     0 
  241   681   883   515   370   995   687   840   814   274   342   618   253   746   525   743   658   271   774   344   262   609    46   385     0   643    77   307   295   308   729   705   830   975   267   213   359    94   535    30   633   197   209   341    62   485   932     0 
  640   513   326   138   394   641    95   328   428   390   424   523   514   479   250   314   400   465   419   473   389   517   615   438   643     0   569   337   500   466    93   380   657   577   422   444   287   706   139   634   314   592   507   382   702   359   370     0 
  257   645   818   439   324   951   610   778   762   197   300   587   228   703   465   685   611   234   723   281   185   578    48   319    77   569     0   232   269   274   655   654   800   926   214   152   287   163   458    65   578   161   177   289   139   437   855     0 
  354   521   599   210   213   787   383   567   581    87   216   483   242   551   271   487   452   202   547   249    64   474   278   250   307   337   232     0   254   230   423   480   686   749   143   123    63   374   234   297   396   286   210   171   366   292   643     0 
  148   386   650   415   113   706   575   596   539   310    79   323    43   457   293   487   376    52   496   469   277   314   305   486   295   500   269   254     0    33   562   429   535   692   111   160   251   295   449   310   369   418    91   118   325   214   854     0 
  180   373   620   384    81   688   543   567   515   293    47   313    63   439   261   459   354    41   473   455   259   304   314   469   308   466   274   230    33     0   529   405   527   671    91   149   222   316   418   321   342   416   100    85   343   187   822     0 
  707   511   247   231   452   590   135   262   387   481   484   533   581   460   286   278   395   533   387   566   478   529   702   530   729    93   655   423   562   529     0   362   639   520   495   524   370   787   232   720   313   684   580   446   787   396   355     0 
  564   160   277   431   334   307   472   209   110   567   365   209   468    99   211   101    62   436    69   718   543   209   700   703   705   380   654   480   429   405   362     0   278   273   440   503   421   722   461   711    85   759   500   365   746   220   716     0 
  625   166   505   691   488   251   750   440   280   772   504   213   577   180   451   365   261   567   260   935   742   223   840   931   830   657   800   686   535   527   639   278     0   295   598   665   637   815   725   845   345   936   625   530   854   395   992     0 
  818   332   300   666   605    80   653   260   168   835   633   406   733   240   478   273   318   705   203   978   812   412   972   959   975   577   926   749   692   671   520   273   295     0   712   775   688   987   690   983   353  1030   768   637  1014   490   835     0 
  223   437   622   320   112   737   488   576   549   202    94   385   102   490   260   476   397    59   510   365   168   376   260   378   267   422   214   143   111    91   495   440   598   712     0    67   149   301   352   271   366   339    85    75   314   223   762     0 
  234   504   670   327   178   802   500   628   611   154   161   452   135   556   313   533   462   110   572   310   122   443   199   328   213   444   152   123   160   149   524   503   665   775    67     0   157   264   354   213   426   272    91   140   266   288   764     0 
  372   471   538   173   184   728   344   505   520   147   196   439   250   495   210   424   396   204   487   300   127   430   334   293   359   287   287    63   251   222   370   421   637   688   149   157     0   419   203   352   337   348   230   147   417   243   614     0 
  196   677   923   585   390  1000   758   875   832   356   358   609   254   751   560   771   670   287   790   437   340   601   140   478    94   706   163   374   295   316   787   722   815   987   301   264   419     0   608   123   656   289   225   370    54   503  1011     0 
  575   567   461    37   362   748   153   455   531   267   384   559   453   555   278   418   464   405   513   334   273   552   501   299   535   139   458   234   449   418   232   461   725   690   352   354   203   608     0   521   382   461   432   335   596   369   411     0 
  267   694   882   503   379  1005   674   841   821   257   352   633   268   756   527   746   666   282   781   316   248   624    21   359    30   634    65   297   310   321   720   711   845   983   271   213   352   123   521     0   637   167   221   347    84   493   914     0 
  512   200   292   350   266   392   408   231   186   483   299   222   406   174   126   118    86   369   151   632   460   219   625   618   633   314   578   396   369   342   313    85   345   353   366   426   337   656   382   637     0   678   432   291   677   155   667     0 
  418   775   881   454   449  1064   609   852   863   207   432   724   381   821   554   772   725   375   828   173   222   715   153   222   197   592   161   286   418   416   684   759   936  1030   339   272   348   289   461   167   678     0   328   408   243   554   816     0 
  145   472   699   402   166   787   572   650   610   244   135   412    53   537   336   546   451    64   568   394   213   403   215   416   209   507   177   210    91   100   580   500   625   768    85    91   230   225   432   221   432   328     0   145   246   280   843     0 
  260   367   554   300    43   663   458   505   474   249    50   320   136   415   191   403   322    89   434   415   217   311   335   420   341   382   289   171   118    85   446   365   530   637    75   140   147   370   335   347   291   408   145     0   386   148   737     0 
  242   710   934   576   411  1030   748   890   856   336   381   645   283   781   574   789   696   309   814   399   324   636   104   442    62   702   139   366   325   343   787   746   854  1014   314   266   417    54   596    84   677   243   246   386     0   526   994     0 
  357   229   441   333   115   515   451   384   330   378   145   198   251   268   110   273   174   217   289   540   349   189   482   537   485   359   437   292   214   187   396   220   395   490   223   288   243   503   369   493   155   554   280   148   526     0   729     0 
  985   866   535   441   756   912   281   580   728   658   783   886   861   813   620   627   750   813   735   651   672   881   893   602   932   370   855   643   854   822   355   716   992   835   762   764   614  1011   411   914   667   816   843   737   994   729     0     0 
    0     0     0     0     0     0     0     0     0     0     0     0     0     0     0     0     0     0     0     0     0     0     0     0     0     0     0     0     0     0     0     0     0     0     0     0     0     0     0     0     0     0     0     0     0     0     0     0 
