DIMENSION: 47
N: 15
M: 15
K: 2

SERVICE: 
224 289 314 199 415 112 374 191 432 223 315 221 354 436 241 

DIST MATRIX: 
    0   742   447   468   373   571   391   650   387   211   553   427   461   412   202   403   722   630   823   596   489   685   718   715   711   244   604   581   692   466   459   709  1002   869   693   595   490   748   682   812   419    62   736   818   336   357   808     0 
  812     0   643   640   870   578   735   586   735   924   629   726   572   660   928  1050   317   389   673   979   529   810   533   387   708   760   821   428   442   797  1020   327    18   618  1082   538  1013   705   462   807   652  1005   482   210   800   781   752     0 
   93   658     0   333   248   435   254   624   249    99   416   289   398   279    92   323   606   546   686   483   414   552   582   590   574   173   473   492   562   332   363   593   902   731   589   553   390   611   551   678   287   184   693   729   199   219   672     0 
  370   278   197     0   426   178   288   477   287   475   225   284   269   210   480   607   143   211   435   577   222   462   256   151   391   352   438   169   158   369   585   131   454   432   693   380   584   411   164   524   203   596   459   319   351   333   481     0 
  467   452   243   224     0   121   312   690   315   529   152   284   478   279   536   581   228   414   222   470   434   300    41   132   204   503   310   380    79   317   535   227   523   220   570   594   521   213    61   326   272   722   663   463   380   358   277     0 
  289   375    94    97   324     0   186   532   186   382   145   182   293   112   388   505   235   293   403   482   257   388   241   207   334   302   352   242   184   269   483   224   554   418   600   434   482   361   178   468   104   533   533   421   251   232   433     0 
  482   898   442   429   267   453     0  1018   378   403   402   356   762   452   412   224   717   815   453    46   745   248   504   637   351   609   206   761   583   258   154   711  1033   528    90   925   119   375   562   347   456   667  1043   937   357   355   383     0 
  607   145   545   558   755   561   621     0   618   736   607   633   279   538   737   926   370   174   799   946   265   846   618   463   772   505   818   226   504   729   924   365   383   778  1066   161   930   788   520   902   534   718    96   198   663   654   856     0 
  544   938   489   474   329   487   427  1071     0   468   436   406   815   503   476   286   748   859   446    89   796   250   521   663   356   670   228   806   608   308   217   742  1059   522    34   977   183   375   587   327   505   732  1092   972   416   412   371     0 
  143   591   344   367   352   466   314   513   309     0   460   352   310   306   217   447   583   478   742   594   337   635   614   587   639    95   561   430   571   418   484   570   853   778   705   450   509   675   564   756   312   152   591   667   281   296   742     0 
  322   780   316   310   109   364   234   871   237   246     0   227   615   317   255   132   625   688   468   143   603   275   457   559   349   450   197   632   509   144    80   617   948   535   250   781    75   383   489   403   323   513   905   828   203   205   419     0 
  144   433   172   196   302   283   192   461   187   270   290     0   207   138   271   461   387   323   573   527   204   505   427   388   483   112   444   268   373   314   468   374   674   599   648   373   481   516   368   611   140   350   503   502   208   206   587     0 
  657    87   551   559   775   538   636   319   634   783   588   640     0   553   784   953   304   190   740   941   325   816   564   401   731   573   800   246   451   731   940   303   255   708  1057   278   942   742   469   855   547   803   217    82   688   675   805     0 
  481   873   422   408   266   424   360  1004   365   412   373   339   748     0   421   251   687   793   412    24   729   208   468   604   312   606   170   740   550   241   178   681  1001   487   100   910   142   335   529   306   438   679  1025   909   351   347   342     0 
  338   843   382   379   154   444   293   908   295   234   395   294   655   376     0    47   700   746   553   189   649   356   543   639   435   469   281   689   590   224    33   691  1023   621   268   821    68   468   571   481   382   487   951   895   245   255   501     0 
  340   867   410   410   181   480   319   916   321   225   434   325   667   401   231     0   733   767   599   232   664   403   585   675   481   470   328   710   627   264    74   724  1056   668   300   832   108   515   609   528   408   465   964   922   264   277   548     0 
  514   232   328   324   554   265   419   513   420   616   317   409   363   347   621   733     0   228   436   672   313   523   261    97   432   489   520   220   149   481   704    13   323   409   781   425   698   440   168   552   340   735   461   235   486   466   501     0 
  467   113   374   386   592   388   455   285   452   592   433   463   183   371   594   767   228     0   636   774   143   672   454   309   601   387   644    57   343   558   759   219   384   622   893   197   763   619   356   733   366   625   249   190   503   491   688     0 
  609   667   404   379   479   293   434   912   438   630   284   397   692   440   639   599   436   636     0   413   651   206   182   340   120   678   272   602   295   371   535   439   687    76   473   815   508    85   280   139   436   866   884   668   488   467    83     0 
  457   855   402   388   242   409   338   982   342   389   357   318   726   414   398   232   672   774   413     0   708   207   459   592   308   582   161   720   537   219   159   666   988   487   121   889   124   333   516   313   417   655  1005   893   327   323   346     0 
  343   254   310   329   499   368   372   278   368   471   401   390    50   293   472   664   313   143   651   708     0   642   475   365   591   248   598   104   380   488   667   300   525   654   829   182   677   616   386   725   291   482   302   332   405   399   688     0 
  492   734   340   318   315   285   325   920   330   477   243   289   673   369   486   403   523   672   206   207   642     0   277   431   107   592    82   626   376   220   335   520   821   280   280   822   306   127   356   130   368   735   918   756   356   340   145     0 
  494   489   272   250   426   148   333   731   336   549   169   302   519   309   557   585   261   454   182   459   475   277     0   164   176   537   298   421   114   323   535   262   544   179   553   635   519   179    99   291   302   752   703   496   400   377   240     0 
  497   328   287   276   499   195   374   593   375   584   244   356   414   315   590   675    97   309   340   592   365   431   164     0   337   498   435   288    55   415   638    99   396   316   696   501   629   343    76   455   307   737   551   332   443   422   404     0 
  501   651   312   287   360   222   326   863   331   513   195   289   627   346   522   481   432   601   120   308   591   107   176   337     0   582   156   559   283   252   419   430   720   187   387   765   394    37   264   134   343   756   850   667   375   354   104     0 
  131   499   274   299   342   392   268   453   263   251   394   303   226   237   249   470   489   387   678   582   248   592   537   498   582     0   524   337   485   384   494   476   759   708   699   380   514   616   480   705   242   247   520   574   255   263   686     0 
  418   715   289   269   233   262   257   876   262   396   213   224   625   313   405   328   520   644   272   161   598    82   298   435   156   524     0   594   380   143   263   515   831   342   262   780   238   188   359   212   313   656   884   746   280   265   223     0 
  411   165   320   332   535   342   398   310   396   536   384   408   151   315   538   710   220    57   602   720   104   626   421   288   559   337   594     0   314   503   702   209   425   594   840   215   707   580   325   692   310   579   293   238   446   434   650     0 
  470   374   252   238   454   147   335   624   336   549   194   313   427   283   555   627   149   343   295   537   380   376   114    55   283   485   380   314     0   365   588   148   451   280   641   529   577   292    21   405   276   717   590   384   404   382   355     0 
  275   644   184   173   109   220   123   764   127   262   171    98   508   195   272   264   481   558   371   219   488   220   323   415   252   384   143   503   365     0   224   473   804   429   340   670   216   289   346   346   198   516   785   688   137   123   344     0 
  363   854   391   386   168   444   304   929   307   264   394   301   675   388   271    74   704   759   535   159   667   335   535   638   419   494   263   702   588   224     0   695  1027   605   235   841    35   451   569   457   394   520   969   904   262   269   480     0 
  501   228   317   314   544   258   409   504   409   604   310   399   351   336   609   724    13   219   439   666   300   520   262    99   430   476   515   209   148   473   695     0   332   413   776   415   690   440   167   552   328   722   455   237   475   456   502     0 
  813   282   648   646   876   585   740   574   739   926   637   731   567   664   930  1056   323   384   687   988   525   821   544   396   720   759   831   425   451   804  1027   332     0   633  1092   528  1020   718   472   821   656  1003   469   201   804   786   765     0 
  650   641   435   411   538   316   478   904   482   683   319   442   698   473   691   668   409   622    76   487   654   280   179   316   187   708   342   594   280   429   605   413   633     0   549   809   580   155   270   210   467   909   867   633   537   515   156     0 
  572   972   522   508   357   521   459  1104   464   491   470   439   847   535   500   300   781   893   473   121   829   280   553   696   387   699   262   840   641   340   235   776  1092   549     0  1010   202   404   620   350   538   753  1125  1006   446   443   396     0 
  497   253   492   510   674   543   551    98   548   626   579   571   166   475   624   832   425   197   815   889   182   822   635   501   765   380   780   215   529   670   841   415   528   809  1010     0   853   788   539   899   472   571   141   329   580   575   859     0 
  384   856   391   385   179   435   309   942   312   291   384   302   687   392   299   108   698   763   508   124   677   306   519   629   394   514   238   707   577   216    35   690  1020   580   202   853     0   425   557   426   398   551   978   903   274   278   451     0 
  538   664   344   320   397   248   362   886   367   551   227   325   654   380   560   515   440   619    85   333   616   127   179   343    37   616   188   580   292   289   451   440   718   155   404   788   425     0   273   114   376   793   869   675   412   392    72     0 
  459   391   239   224   436   130   320   635   321   535   175   297   432   272   542   609   168   356   280   516   386   356    99    76   264   480   359   325    21   346   569   167   472   270   620   539   557   273     0   387   264   709   604   403   389   367   338     0 
  614   778   440   416   444   357   442   997   447   606   328   405   761   473   616   528   552   733   139   313   725   130   291   455   134   705   212   692   405   346   457   552   821   210   350   899   426   114   387     0   471   862   982   787   480   462    56     0 
  196   460    32    57   229   154    90   567    88   279   152   100   313     8   284   408   340   366   436   417   291   368   302   307   343   242   313   310   276   198   394   328   656   467   538   472   398   376   264   471     0   450   588   514   148   131   447     0 
  259   736   480   501   428   603   432   618   428   268   591   469   449   443   259   465   735   625   866   655   482   735   752   737   756   247   656   579   717   516   520   722  1003   909   753   571   551   793   709   862   450     0   710   814   382   402   855     0 
  634   241   603   619   801   634   672   117   668   763   676   688   299   591   762   964   461   249   884  1005   302   918   703   551   850   520   884   293   590   785   969   455   469   867  1125   141   978   869   604   982   588   710     0   292   707   700   938     0 
  645    81   513   518   742   485   603   385   601   766   536   602   371   521   769   922   235   190   668   893   332   756   496   332   667   574   746   238   384   688   904   237   201   633  1006   329   903   675   403   787   514   814   292     0   660   645   736     0 
  138   603   159   167    95   262    70   669    68   149   231    98   414   141   157   264   486   503   488   327   405   356   400   443   375   255   280   446   404   137   262   475   804   537   446   580   274   412   389   480   148   382   707   660     0    23   473     0 
  153   590   139   146   101   239    48   666    47   172   208    75   410   124   180   277   466   491   467   323   399   340   377   422   354   263   265   434   382   123   269   456   786   515   443   575   278   392   367   462   131   402   700   645    23     0   453     0 
  602   729   415   391   448   321   427   957   432   606   298   390   726   450   616   548   501   688    83   346   688   145   240   404   104   686   223   650   355   344   480   502   765   156   396   859   451    72   338    56   447   855   938   736   473   453     0     0 
    0     0     0     0     0     0     0     0     0     0     0     0     0     0     0     0     0     0     0     0     0     0     0     0     0     0     0     0     0     0     0     0     0     0     0     0     0     0     0     0     0     0     0     0     0     0     0     0 
