DIMENSION: 27
N: 15
M: 5
K: 2

SERVICE: 
318 395 85 77 343 324 256 452 281 175 189 141 456 68 131 

DIST MATRIX: 
    0   749   926   534   432  1059   702   888   872   282   406   688   324   810   575   717   914   881   236   800   744   407   904   142  1035   545   762     0 
  449     0   407   142   203   615   273   375   402   272   232   382   323   397   106   197   549   419   285   290   389   113   559   515   572   191   437     0 
  732   415     0   364   473   427   305    94   240   590   507   458   614   341   293   130   501   265   611   100   411   439   513   835   360   382   480     0 
  467   495   479     0   256   716   248   457   500   198   276   476   344   500   208   273   508   518   243   377   489    97   660   442   669   280   378     0 
  564   137   296   456     0   290   500   228   109   585   371   191   472    71   232   246   750   110   558   181   133   417   250   810   262   228   690     0 
  508    46   469   578   358     0   654   400   253   643   375    85   451   125   335   409   915   238   590   357    52   490   133   839   336   268   842     0 
  913   864   592   379   705   958     0   625   758   561   728   872   793   825   594   509   109   783   651   599   858   548  1005   730   891   698    74     0 
  993   782   395   470   744   772   297     0   611   717   775   815   867   713   580   430   208   635   783   470   777   631   886   934   700   690   307     0 
  621   164   506   690   485   254   749   441     0   769   501   210   574   179   449   495   999   258   717   421   170   613     8   965   292   392   939     0 
  315   431   549   229   125   706   396   509   505     0   134   392   191   465   198   341   660   517   146   422   425    56   599   395   673   202   530     0 
  123   381   719   537   216   709   691   658   573   431     0   309   143   469   382   549   964   571   338   578   379   368   508   534   707   282   841     0 
  303   201   522   433   142   523   558   459   372   434   152     0   227   276   218   370   834   371   370   382   197   301   357   615   513   108   731     0 
  549   133   303   445   326   306   493   235   124   569   355   182     0    80   217   240   746   126   542   182   128   402   257   793   279   211   683     0 
  616   162   278   496   397   238   525   209    63   636   426   228   526     0   280   269   764    58   611   184   160   468   237   863   208   282   715     0 
  439   418   434   128   202   644   275   403   430   244   228   401   313   424     0   224   548   447   260   318   411    88   583   487   601   206   431     0 
  610   364   210   256   349   475   256   184   261   465   383   388   489   316   169     0   506   284   481   110   358   310   496   709   418   269   446     0 
  974   869   549   431   750   925   276   592   738   641   776   887   851   819   618   506     0   763   725   581   864   604   999   825   855   727   153     0 
  674   213   249   526   451   197   537   184    25   681   481   282   582   114   324   284   763     0   661   184   212   513   255   911   156   336   724     0 
  283   558   691   313   232   848   486   654   650   100   218   508   195   603   345   481   725   661     0   567   552   172   723   253   817   335   580     0 
  656   315   141   366   401   369   354    88   160   562   435   358   543   244   228   110   581   184   567     0   311   400   420   804   309   299   540     0 
  493     6   429   526   321   330   602   360   223   601   341    73   425    98   284   358   864   212   552   311     0   444   174   803   330   223   790     0 
  370   450   520   173   169   706   342   486   498   168   184   419   247   473   189   310   604   513   172   400   444     0   618   405   668   222   474     0 
  629   169   504   693   491   247   750   439   278   774   507   217   581   180   453   496   999   255   723   420   174   618     0   971   285   397   940     0 
  435   808   919   490   482  1100   644   889   899   244   464   755   407   856   591   709   825   911   253   804   803   405   971     0  1068   588   672     0 
  816   329   308   670   605    72   658   266   170   836   633   403   732   238   479   418   855   156   817   309   330   668   285  1068     0   490   839     0 
  357   229   441   333   115   515   451   384   330   378   145   198   251   268   110   269   727   336   335   299   223   222   397   588   490     0   625     0 
  840   796   547   305   631   904   190   574   700   493   653   802   720   761   522   446   153   724   580   540   790   474   940   672   839   625     0     0 
    0     0     0     0     0     0     0     0     0     0     0     0     0     0     0     0     0     0     0     0     0     0     0     0     0     0     0     0 
