DIMENSION: 27
N: 15
M: 5
K: 2

SERVICE: 
74 705 379 27 260 128 387 104 67 334 122 301 326 101 97 

DIST MATRIX: 
    0   422   412   659   512   429   703   426   426   435   665   505   483   360   381   198   255   508   626   379   477   288   521   718   318    71   484     0 
  397     0   688   979   647   652  1005   668   733   663   969   812   804   584   596   512   239   586   871   684   609    52   638  1015   480   256   568     0 
   87   392     0   656   451   380   685   382   410   387   648   489   511   309   329   188   300   444   585   361   541   293   458   697   257    96   420     0 
  606   361   388     0   692   516   176   471   285   501   163   221   324   535   545   489   901   786   432   334   866   966   725   213   654   750   771     0 
  221   237   215   558     0   174   543   185   299   184   510   368   525   104   122   183   507   287   389   251   721   468   276   546    89   302   264     0 
  410   289   262   618    72     0   551   174   384   143   528   427   670   133   112   361   676   142   312   351   910   601    95   542   132   474   127     0 
  541   437   462   230   781   599     0   555   339   587   364   323   139   592   609   451   785   858   590   369   677   888   812   424   687   674   838     0 
  276    94    76   417   303   133   400     0   161   128   367   225   434   105   124   171   596   372   287   119   743   590   331   405   211   399   352     0 
  332   161   182   255   497   316   310   273     0   306   272   119   250   305   323   212   640   571   363    83   680   691   527   332   405   476   552     0 
  131   360   344   649   384   325   662   333   394     0   627   472   538   254   272   192   359   376   537   344   609   323   391   671   189   155   352     0 
  470   175   201   161   505   328   160   283   119   313     0    40   342   349   358   346   786   598   275   169   825   823   538   182   470   613   583     0 
  292   162   137   496   224    85   461    90   244    91   431     0   516    22    46   216   595   286   294   204   783   563   250   461   134   391   266     0 
  735   717   741   500  1055   876   659   833   619   865   641   610     0   859   879   679   895  1124   878   642   664  1039  1085   697   940   844  1103     0 
  272   100    81   423   300   132   406   104   166   128   373   231   437     0   121   169   592   367   291   124   741   585   327   411   206   394   347     0 
  349   281   254   615   131   139   566   178   368   155   539   421   636   108     0   310   611   164   350   330   849   538   145   560    67   409   143     0 
  124   234   231   467   433   293   505   273   228   293   467   307   354   237   262     0   446   471   454   181   573   479   453   520   272   267   447     0 
  324   676   667   884   736   680   947   680   671   687   909   749   648   609   628   446     0   707   881   627   369   189   738   964   544   205   685     0 
  491   431   404   759   109   270   688   316   524   285   666   568   800   266   249   471   707     0   432   489   984   596    78   676   201   518    24     0 
  563   227   224   407   324   221   284   205   296   208   276   272   603   288   276   454   881   432     0   308  1016   857   356   262   401   680   426     0 
  306    86   104   309   414   234   324   192    50   224   287   129   328   223   240   181   627   489   308     0   711   654   444   339   328   446   470     0 
  500   789   793   858   980   864   974   845   737   865   938   798   546   803   827   573   369   984  1016   711     0   558   992  1003   790   481   960     0 
  360   681   666   945   649   639   978   653   703   650   941   783   760   570   584   479   189   596   857   654   558     0   643   989   473   217   577     0 
  493   377   351   698    34   214   619   259   474   227   598   511   764   228   207   453   738    78   356   444   992   643     0   605   203   541    80     0 
  644   311   331   197   571   422    37   383   294   406    66   217   494   466   467   520   964   676   262   339  1003   989   605     0   593   784   666     0 
  293   296   270   628   194   181   594   211   372   195   564   434   614   126   128   272   544   201   401   328   790   473   203   593     0   343   178     0 
  144   484   472   730   537   475   770   477   494   483   733   573   550   404   424   267   205   518   680   446   481   217   541   784   343     0   495     0 
  467   414   387   744   106   255   677   300   506   270   654   552   778   247   231   447   685    24   426   470   960   577    80   666   178   495     0     0 
    0     0     0     0     0     0     0     0     0     0     0     0     0     0     0     0     0     0     0     0     0     0     0     0     0     0     0     0 
