DIMENSION: 27
N: 15
M: 5
K: 2

SERVICE: 
99 251 65 260 150 184 221 136 204 170 220 144 383 196 317 

DIST MATRIX: 
    0   591   820   359   624   537   600   388   678   584   624  1207   428   390   699   475    71   605   719  1134   637   231   983   893   905   178   463     0 
  286     0   465     1   305   272   262    86   331   229   318   887   110   291   420   366   353   419   431   799   511   402   658   668   718   242   273     0 
  786   321     0   501   311   433   287   482   207   276   335   499   444   665   381   640   847   556   361   370   672   873   304   585   686   732   538     0 
  522    28   285     0   296   365   229   286   227   143   326   765   264   372   432   547   611   532   427   649   648   586   543   694   774   458   435     0 
  674   465   325   432     0   173   217   354   232   304   124   509   322   712    13   312   666   185    30   467   290   824   306   252   331   658   255     0 
  323   319   461   109   253     0   233    35   313   238   256   839    65   395   344   259   344   315   360   764   404   470   614   577   619   303   166     0 
  328   298   447    94   246   187     0    14   300   220   251   833    49   384   344   277   357   326   358   755   418   469   606   582   628   303   180     0 
  201   331   551    88   376   319   341     0   413   315   384   962   173   280   478   363   267   444   492   878   521   335   734   712   751   169   290     0 
  590   407   329   349    98    89   161   270     0   247    67   586   239   633    75   259   585   164    94   532   283   739   373   324   390   573   181     0 
  575    73   258   313   316   397   251   336   231     0   347   741   311   413   446   587   665   563   439   620   680   635   524   705   790   510   475     0 
  368   251   395    99   209   177   174    42   250   166     0   795    16   384   322   308   408   335   333   712   436   498   566   572   626   334   201     0 
 1114   802   511   856   550   614   601   787   557   668   539     0   751  1113   451   725  1107   579   433   244   625  1256   240   336   416  1092   693     0 
  186   594   780   346   561   459   551   345   632   553   556  1131     0   465   617   363    57   501   639  1070   520   350   914   789   793   253   371     0 
  180   512   803   366   672   626   626   440   686   576   684  1250   473     0   783   643   317   745   796  1155   808    55  1020  1018  1053   145   590     0 
  397   213   358   115   194   189   147    84   218   125   210   772    54   383     0   341   446   354   325   684   461   517   543   575   635   357   232     0 
  480   553   579   367   330   208   364   288   436   423   306   812   292   642   311     0   415   146   336   779   166   654   618   429   431   499   113     0 
  146   597   803   354   593   497   577   367   657   572   590  1170   406   436   658   415     0   550   679  1104   575   299   950   839   846   220   415     0 
  596   546   492   420   259   169   314   333   368   393   229   670   319   710   188   146   550     0   214   645   120   763   485   288   309   601   155     0 
  682   449   296   432   138   182   204   357   210   289   116   492   323   707    26   336   679   214     0   444   320   827   284   267   351   662   272     0 
 1079   677   364   798   511   613   538   748   469   579   514   139   709  1015   469   779  1104   645   444     0   727  1197   160   491   592  1041   713     0 
  645   660   607   512   378   284   433   427   487   510   348   733   420   797   296   166   575   120   320   727     0   820   572   300   277   664   239     0 
  177   563   849   402   707   653   664   471   728   618   717  1289   505   251   813   654   299   763   827  1197   820     0  1060  1042  1072   166   610     0 
  933   570   271   658   360   456   396   600   337   449   360   230   562   895   309   618   950   485   284   160   572  1060     0   362   468   900   554     0 
  879   716   526   669   402   396   469   585   474   556   375   460   559   956   265   429   839   288   267   491   300  1042   362     0   106   876   434     0 
  903   794   625   719   478   449   546   632   561   633   449   550   612  1009   343   431   846   309   351   592   277  1072   468   106     0   909   463     0 
   79   438   701   242   544   487   504   305   572   467   553  1129   341   216   647   499   220   601   662  1041   664   166   900   876   909     0   446     0 
  445   442   479   274   230   107   256   189   332   310   212   763   185   560   249   113   415   155   272   713   239   610   554   434   463   446     0     0 
    0     0     0     0     0     0     0     0     0     0     0     0     0     0     0     0     0     0     0     0     0     0     0     0     0     0     0     0 
