DIMENSION: 37
N: 15
M: 10
K: 2

SERVICE: 
318 231 131 268 316 143 335 279 175 130 185 104 300 207 356 

DIST MATRIX: 
    0   107   344   338   247   223   118   192   544   698   234   471   188   449   313    94   141   553   131   206   301   220   591   406   315   341   272   538   107   268   379   183   493   562   240   474   763     0 
  366     0   444   446   351   310   229   325   665   718   307   604   308   592   422   210   163   614   270   153   442   110   726   535   337   365   326   626    76   280   422   312   636   688   199   394   764     0 
  486   245     0   418    42    72   271   254   335   864   105   283   287   350   396   124   351   682   115   422   180   428   554   210   501   524   440   631   259   465   239   263   374   359   454   690   943     0 
  462   406   507     0   484   525   415   312   471   703   558   358   338   138   276   483   523   472   404   612   277   675   101   374   520   521   447   357   604   534   680   327   170   445   610   814   811     0 
  490   340   326   322     0   364   358   260   301   806   396   186   302    58   315   357   475   583   281   566   114   611   281   190   537   548   460   488   495   530   505   279    90   285   578   807   906     0 
  571   337    60   475    90     0   363   324   230   942   167   195   363   324   456   231   453   747   208   527   177   535   546   123   593   614   527   681   364   561   240   337   333   258   558   795  1026     0 
  332   353   653   491   557   522     0   437   862   592   521   787   402   729   474   407   218   558   446   127   606   106   810   723   275   295   316   612   292   229   637   419   779   880   129   181   612     0 
  516   354   301   353   300   350   373     0   267   838   382   152   322    81   345   355   490   616   283   580   110   621   309   158   561   573   484   522   497   552   483   298    94   252   594   826   937     0 
  851   620   252   737   349   383   646   600     0  1217   388   278   642   497   722   502   732  1012   490   802   420   799   719   272   875   896   808   932   617   843   331   615   475   215   836  1069  1305     0 
  421   659  1034   563   944   935   634   672  1162     0   951  1054   630   885   571   805   581   339   790   560   865   623   811  1018   405   381   465   462   767   451  1098   657   938  1159   514   416    61     0 
  723   486   216   686   235   211   508   520   419  1105     0   443   545   594   664   329   547   941   372   586   437   554   813   380   724   750   676   900   373   676    34   525   603   461   629   838  1172     0 
  718   504   203   584   281   331   529   464    38  1069   350     0   509   324   571   420   630   856   383   710   269   724   545   116   751   768   678   770   556   726   366   481   301    75   738   976  1163     0 
  365   379   577   179   532   564   379   291   582   572   596   467     0   251   197   493   471   341   419   553   340   625   149   468   427   423   362   225   590   452   734   300   294   562   542   724   681     0 
  316   176   358   175   299   325   189    85   439   657   356   330   124     0   159   255   304   449   179   396   144   449   330   297   359   372   282   379   368   351   498   103   259   435   403   629   751     0 
  435   562   820   332   768   793   553   493   828   442   823   714   483   495     0   703   611   250   637   672   586   754   312   717   492   475   459   156   772   539   968   495   531   805   645   761   553     0 
  395   157   250   374   153   131   179   210   457   777   146   394   225   409   350     0   234   616    79   299   246   304   581   325   400   425   348   585   145   357   297   209   446   479   334   567   847     0 
  204   136   481   298   385   364   117   219   665   570   376   580   186   510   277   234     0   452   247    92   393   154   603   522   184   211   163   465   194   131   518   201   561   678   108   346   628     0 
  249   458   799   274   724   732   439   428   878   231   756   764   397   572   291   616   452     0   571   488   591   570   473   743   289   265   289   124   639   345   909   419   622   867   451   523   341     0 
  370   131   245   315   156   162   157   148   419   749   188   341   175   332   292    79   247   571     0   328   173   350   503   277   387   409   325   528   214   353   339   153   371   434   355   593   827     0 
  243   227   549   376   452   424   208   311   746   569   429   666   276   602   357   299    92   488   328     0   482    83   689   605   200   226   214   521   214   142   561   293   652   762    46   268   612     0 
  451   258   237   318   208   252   280   199   297   801   285   194   244   171   303   246   393   591   173   482     0   517   377   154   488   504   413   514   387   470   404   217   201   298   500   736   893     0 
  325   274   548   451   453   416   261   365   761   643   415   691   337   651   430   304   154   570   350    83   517     0   756   625   282   307   296   603   185   225   532   349   699   781   121   284   678     0 
  514   494   606   324   584   626   500   401   549   702   658   442   421   228   338   581   603   473   503   689   377   756     0   466   575   572   507   351   697   597   781   414   245   519   682   872   814     0 
  602   392   166   470   208   263   417   349   146   954   289    73   393   238   456   325   522   743   277   605   154   625   466     0   636   653   563   661   467   613   352   366   232   157   630   868  1047     0 
   62   256   632   253   540   530   231   289   782   386   546   682   244   555   244   400   184   289   387   200   488   282   575   636     0    27    77   337   377    58   694   271   609   786   162   297   448     0 
   60   279   654   253   563   554   253   305   799   359   571   697   260   563   247   425   211   265   409   226   504   307   572   653    27     0    90   319   404    85   719   287   618   802   187   302   423     0 
   47   195   569   184   480   475   171   214   709   429   494   607   170   478   171   348   163   289   325   214   413   296   507   563    77    90     0   307   351    90   645   197   533   711   189   367   503     0 
  281   434   737   213   672   689   421   380   788   352   716   673   360   468   236   585   465   124   528   521   514   603   351   661   337   319   307     0   636   385   866   377   516   773   492   608   463     0 
  395   213   370   441   277   235   219   300   594   763   231   538   294   545   417   145   194   639   214   214   387   185   697   467   377   404   351   636     0   322   349   291   586   619   258   467   817     0 
  104   224   596   273   502   487   198   273   759   440   501   664   229   554   259   357   131   345   353   142   470   225   597   613    58    85    90   385   322     0   647   255   608   766   107   282   497     0 
  692   453   187   653   201   177   476   486   400  1074   152   417   512   562   630   297   518   909   339   561   404   532   781   352   694   719   645   866   349   647     0   492   573   441   603   815  1142     0 
  238    81   384   165   305   314    88    19   511   605   340   411    27   310   141   209   201   419   153   293   217   349   414   366   271   287   197   377   291   255   492     0   362   515   300   528   690     0 
  559   427   388   378   394   444   444   343   305   850   476   197   383    55   376   446   561   622   371   652   201   699   245   232   609   618   533   516   586   608   573   362     0   276   662   888   955     0 
  749   547   276   600   348   400   571   497    45  1087   421   105   542   311   590   479   678   867   434   762   298   781   519   157   786   802   711   773   619   766   441   515   276     0   786  1024  1184     0 
  211   243   584   363   487   461   221   319   773   524   469   688   280   610   345   334   108   451   355    46   500   121   682   630   162   187   189   492   258   107   603   300   662   786     0   238   566     0 
  358   479   817   549   720   690   456   547  1011   485   693   926   505   834   538   567   346   523   593   268   736   284   872   868   297   302   367   608   467   282   815   528   888  1024   238     0   477     0 
  457   698  1071   585   983   977   673   704  1189   112   994  1079   663   902   594   847   628   341   827   612   893   678   814  1047   448   423   503   463   817   497  1142   690   955  1184   566   477     0     0 
    0     0     0     0     0     0     0     0     0     0     0     0     0     0     0     0     0     0     0     0     0     0     0     0     0     0     0     0     0     0     0     0     0     0     0     0     0     0 
