DIMENSION: 37
N: 15
M: 10
K: 2

SERVICE: 
74 705 379 27 260 128 387 104 67 334 122 301 326 101 97 

DIST MATRIX: 
    0   422   412   659   512   429   703   426   426   435   665   505   483   360   381   591   398   156    83    30   316    80   498   265   239   848   206   141   303    52   442   184   511   462   464    71    64     0 
  397     0   688   979   647   652  1005   668   733   663   969   812   804   584   596   815   556   232   344   331   400   293   563   465   253  1092   342   289   397   324   363   448   487   541   517   256   386     0 
   87   392     0   656   451   380   685   382   410   387   648   489   511   309   329   544   462   199    25    36   377    33   560   329   286   808   267   197   239   115   490   139   567   525   526    96    77     0 
  606   361   388     0   692   516   176   471   285   501   163   221   324   535   545   494   801   820   660   670   862   709   961   724   879   505   791   777   743   698  1051   572  1059   927   958   750   617     0 
  221   237   215   558     0   174   543   185   299   184   510   368   525   104   122   340   639   406   183   233   577   221   755   505   493   612   467   402   161   313   698    88   773   719   724   302   224     0 
  410   289   262   618    72     0   551   174   384   143   528   427   670   133   112   238   828   577   363   415   761   390   942   695   665   511   651   582   207   496   867   277   951   905   909   474   412     0 
  541   437   462   230   781   599     0   555   339   587   364   323   139   592   609   634   622   720   614   606   713   657   781   571   761   710   662   669   759   608   908   558   894   750   785   674   551     0 
  276    94    76   417   303   133   400     0   161   128   367   225   434   105   124   263   661   496   280   317   634   328   797   535   579   508   529   478   301   384   781   167   839   759   773   399   283     0 
  332   161   182   255   497   316   310   273     0   306   272   119   250   305   323   383   604   553   382   394   627   432   758   499   619   545   541   515   484   430   805   298   832   721   744   476   343     0 
  131   360   344   649   384   325   662   333   394     0   627   472   538   254   272   491   529   259    51   102   444    71   628   396   347   760   334   263   174   183   550   104   632   593   593   155   126     0 
  470   175   201   161   505   328   160   283   119   313     0    40   342   349   358   323   751   695   509   529   778   559   906   650   766   417   690   661   563   573   954   408   983   870   894   613   480     0 
  292   162   137   496   224    85   461    90   244    91   431     0   516    22    46   248   701   494   271   317   654   312   826   570   581   517   546   486   230   393   785   161   854   789   798   391   297     0 
  735   717   741   500  1055   876   659   833   619   865   641   610     0   859   879   922   641   859   817   795   778   852   778   651   873   988   768   801   999   770   967   791   916   757   799   844   744     0 
  272   100    81   423   300   132   406   104   166   128   373   231   437     0   121   265   660   492   275   312   631   323   794   533   575   512   526   474   295   380   777   162   835   757   770   394   280     0 
  349   281   254   615   131   139   566   178   368   155   539   421   636   108     0   282   768   512   298   351   697   325   878   633   600   560   587   517   151   432   802   218   886   842   845   409   350     0 
  533   229   217   468   244   166   358   165   316   157   345   311   631   236   220     0   924   742   519   564   895   560  1060   798   828   278   788   731   432   638  1032   407  1098  1022  1035   639   539     0 
  418   709   713   792   899   782   902   763   659   783   866   722   487   721   744   924     0   344   479   427   162   474   160   134   303  1141   224   298   701   349   330   551   278   128   164   406   417     0 
  227   578   569   801   639   578   855   579   578   586   817   657   588   508   527   742   344     0   223   180   211   188   397   238    88  1003   120    58   403   123   292   335   377   366   356   104   218     0 
   84   368   355   638   429   355   663   357   389   362   627   469   503   284   304   519   479   223     0    53   399    50   581   345   310   783   288   220   225   134   515   114   590   545   547   121    77     0 
   66   400   390   649   482   401   686   400   410   408   649   490   488   332   352   564   427   180    53     0   346    59   528   294   265   823   236   170   275    82   469   156   540   492   495    84    55     0 
  363   699   697   849   828   739   936   730   671   743   899   744   573   672   694   895   162   211   399   346     0   378   187   141   148  1136   110   183   605   265   196   495   207   155   149   298   357     0 
  119   417   403   687   453   395   713   400   440   403   677   519   543   324   342   560   474   188    50    59   378     0   563   342   276   827   269   195   229   125   479   161   562   529   527    84   109     0 
  535   852   854   952  1009   910  1060   896   810   913  1023   876   647   845   868  1060   160   397   581   528   187   563     0   264   325  1288   294   370   791   446   246   670   146    37    47   485   532     0 
  284   589   590   712   765   652   806   636   549   653   769   618   432   589   613   798   134   238   345   294   141   342   264     0   226  1025   124   184   568   218   336   418   336   226   245   281   283     0 
  305   657   649   862   727   665   926   664   650   672   888   728   625   595   615   828   303    88   310   265   148   276   325   226     0  1087   105   105   488   197   205   421   290   298   282   192   297     0 
  784   437   440   488   502   440   329   428   484   429   347   433   759   509   496   278  1141  1003   783   823  1136   827  1288  1025  1087     0  1035   986   710   892  1289   669  1343  1251  1269   903   791     0 
  255   599   595   775   717   631   850   623   579   635   812   654   524   563   585   788   224   120   288   236   110   269   294   124   105  1035     0    77   497   155   264   385   310   260   259   191   249     0 
  202   554   547   759   647   571   821   567   546   576   783   623   534   501   522   731   298    58   220   170   183   195   370   184   105   986    77     0   421    94   303   325   370   336   332   115   194     0 
  301   390   365   718   252   280   691   310   459   294   661   525   674   225   227   432   701   403   225   275   605   229   791   568   488   710   497   421     0   352   683   208   779   757   754   307   297     0 
  108   461   453   679   564   478   733   473   456   483   695   535   480   409   431   638   349   123   134    82   265   125   446   218   197   892   155    94   352     0   398   232   461   410   413    76   100     0 
  506   857   850  1036   927   870  1114   868   842   876  1076   918   768   799   819  1032   330   292   515   469   196   479   246   336   205  1289   264   303   683   398     0   625   128   242   203   396   498     0 
  134   257   242   548   348   246   558   244   291   252   522   368   466   177   199   407   551   335   114   156   495   161   670   418   421   669   385   325   208   232   625     0   693   633   640   234   138     0 
  565   906   903  1047  1015   939  1141   933   878   944  1103   950   757   871   892  1098   278   377   590   540   207   562   146   336   290  1343   310   370   779   461   128   693     0   159   117   478   559     0 
  499   815   816   918   974   873  1024   859   773   875   987   840   615   808   831  1022   128   366   545   492   155   529    37   226   298  1251   260   336   757   410   242   633   159     0    42   451   495     0 
  506   832   832   948   976   883  1049   871   794   886  1012   863   649   816   839  1035   164   356   547   495   149   527    47   245   282  1269   259   332   754   413   203   640   117    42     0   447   502     0 
  144   484   472   730   537   475   770   477   494   483   733   573   550   404   424   639   406   104   121    84   298    84   485   281   192   903   191   115   307    76   396   234   478   451   447     0   133     0 
   11   361   353   596   482   382   639   374   362   386   602   442   434   314   337   539   417   218    77    55   357   109   532   283   297   791   249   194   297   100   498   138   559   495   502   133     0     0 
    0     0     0     0     0     0     0     0     0     0     0     0     0     0     0     0     0     0     0     0     0     0     0     0     0     0     0     0     0     0     0     0     0     0     0     0     0     0 
