DIMENSION: 47
N: 15
M: 15
K: 2

SERVICE: 
99 251 65 260 150 184 221 136 204 170 220 144 383 196 317 

DIST MATRIX: 
    0   591   820   359   624   537   600   388   678   584   624  1207   428   390   699   363   261   571   257   937   745   226   844   933   834   656   804   689   539   531   638   277     6   289   601   668   639   820   725   850   345   940   629   533   858   178   990     0 
  286     0   465     1   305   272   262    86   331   229   318   887   110   291   420    80   109   404   136   647   481   254   655   630   665   298   608   417   407   379   286    83   359   332   398   456   356   691   379   668    40   701   467   324   710   242   641     0 
  786   321     0   501   311   433   287   482   207   276   335   499   444   665   381   518   601   581   624   416   426   708   647   370   685   205   608   400   626   595   255   584   860   773   526   523   377   765   177   667   515   575   605   512   747   732   247     0 
  522    28   285     0   296   365   229   286   227   143   326   765   264   372   432   246   370   537   354   595   498   509   719   561   744   123   672   441   563   530    38   334   609   482   503   536   385   799   262   737   290   708   587   449   800   458   383     0 
  674   465   325   432     0   173   217   354   232   304   124   509   322   712    13   500   469   220   563   229    54   494   278   229   309   337   233    20   272   249   425   496   705   763   161   136    76   380   228   297   412   275   225   191   369   658   634     0 
  323   319   461   109   253     0   233    35   313   238   256   839    65   395   344   188   116   298   215   580   400   200   556   570   562   317   509   338   299   272   336   146   369   418   296   358   281   585   359   568    71   614   361   221   606   303   683     0 
  328   298   447    94   246   187     0    14   300   220   251   833    49   384   344   173   121   311   210   578   401   218   564   566   572   299   518   338   315   286   316   142   379   413   306   366   280   598   346   577    61   618   373   231   617   303   664     0 
  201   331   551    88   376   319   341     0   413   315   384   962   173   280   478   117    44   422    82   711   535   192   688   698   692   385   642   472   414   391   371    17   271   284   428   491   414   707   462   699    81   750   486   352   732   169   726     0 
  590   407   329   349    98    89   161   270     0   247    67   586   239   633    75   419   385   188   478   313   133   415   331   308   354   296   284    69   234   205   377   411   623   680   134   148    18   411   218   348   328   353   216   129   410   573   628     0 
  575    73   258   313   316   397   251   336   231     0   347   741   311   413   446   299   424   571   407   590   511   561   736   553   763   123   690   458   600   566    38   388   663   528   532   560   405   823   257   755   343   714   617   484   822   510   329     0 
  368   251   395    99   209   177   174    42   250   166     0   795    16   384   322   169   166   326   233   549   383   273   564   534   576   245   516   319   337   307   264   170   427   431   311   365   258   610   298   578    86   604   385   240   624   334   610     0 
 1114   802   511   856   550   614   601   787   557   668   539     0   751  1113   451   913   908   619   991   213   408   934   434   226   477   653   438   461   668   658   742   928  1148  1185   570   509   513   567   515   447   843   281   586   625   518  1092   742     0 
  186   594   780   346   561   459   551   345   632   553   556  1131     0   465   617   377   235   464   289   852   655   131   733   853   720   630   696   604   427   423   630   277   121   388   501   567   561   700   677   737   319   838   518   439   740   253   985     0 
  180   512   803   366   672   626   626   440   686   576   684  1250   473     0   783   317   334   719   231  1013   841   407   990   996   990   626   945   778   702   683   574   298   259    62   731   796   718   996   735  1000   382  1056   782   656  1026   145   894     0 
  397   213   358   115   194   189   147    84   218   125   210   772    54   383     0   171   201   349   251   537   382   315   574   518   589   203   526   318   366   334   222   195   462   442   328   377   255   629   266   589   116   603   406   262   640   357   567     0 
  276   228   490    79   364   347   312   165   370   259   381   935   183   215   487     0   157   484   109   708   551   308   732   687   743   314   685   487   487   459   278   101   365   273   476   533   424   771   418   746   118   772   546   403   789   215   627     0 
  207   360   559   111   367   298   339   128   416   325   371   954   167   323   459   157     0   387   122   696   513   151   656   685   658   400   611   452   376   354   395    62   261   318   397   462   396   670   464   666    86   725   451   322   696   191   750     0 
  565   549   517   405   277   173   327   319   387   401   248   710   310   693   222   484   387     0   505   418   225   344   275   434   271   465   234   202    52    41   533   436   567   705    59   110   204   287   405   282   369   375    64    89   309   574   813     0 
  168   336   593   136   441   397   398   209   464   358   453  1024   241   203   552   109   122   505     0   782   611   251   769   766   774   419   723   547   496   473   387    69   260   203   510   572   487   790   513   781   151   828   568   434   814   109   735     0 
  902   621   366   647   343   401   399   576   369   474   329   292   541   913   238   708   696   418   782     0   199   722   298    49   344   473   281   249   469   455   566   718   935   978   365   310   300   437   334   316   632   173   394   415   399   881   651     0 
  716   519   362   482   204   216   271   402   282   358   178   487   372   764    67   551   513   225   611   199     0   526   229   209   262   389   185    64   277   259   478   543   742   812   168   122   127   340   273   248   460   222   213   217   324   703   672     0 
  234   502   659   255   433   328   427   231   508   438   426  1000   265   452   487   308   151   344   251   722   526     0   618   722   609   517   578   474   314   304   529   209   223   412   376   443   430   601   552   624   219   715   403   311   636   268   881     0 
  840   738   584   656   422   387   489   569   510   576   392   560   549   946   290   732   656   275   769   298   229   618     0   339    46   615    48   278   305   314   702   700   840   972   260   199   334   140   501    21   625   153   215   335   104   846   893     0 
  892   587   321   630   325   396   375   562   337   446   315   280   526   889   236   687   685   434   766    49   209   722   339     0   385   438   319   250   486   469   530   703   931   959   378   328   293   478   299   359   618   222   416   420   442   867   602     0 
  835   761   622   665   448   401   514   578   541   601   417   605   561   956   320   743   658   271   774   344   262   609    46   385     0   643    77   307   295   308   729   705   830   975   267   213   359    94   535    30   633   197   209   341    62   846   932     0 
  581   150   177   297   198   295   139   287   108    80   229   647   252   479   325   314   400   465   419   473   389   517   615   438   643     0   569   337   500   466    93   380   657   577   422   444   287   706   139   634   314   592   507   382   702   528   370     0 
  797   690   545   609   375   339   442   522   465   529   345   556   502   899   245   685   611   234   723   281   185   578    48   319    77   569     0   232   269   274   655   654   800   926   214   152   287   163   458    65   578   161   177   289   139   801   855     0 
  656   461   335   418   145   155   212   338   234   299   116   529   308   700    20   487   452   202   547   249    64   474   278   250   307   337   232     0   254   230   423   480   686   749   143   123    63   374   234   297   396   286   210   171   366   641   643     0 
  542   572   562   408   318   205   362   324   427   431   291   761   321   690   273   487   376    52   496   469   277   314   305   486   295   500   269   254     0    33   562   429   535   692   111   160   251   295   449   310   369   418    91   118   325   557   854     0 
  527   539   532   380   286   172   329   295   395   398   260   746   290   665   249   459   354    41   473   455   259   304   314   469   308   466   274   230    33     0   529   405   527   671    91   149   222   316   418   321   342   416   100    85   343   539   822     0 
  554    66   248   285   281   360   215   302   201   133   311   728   276   410   413   278   395   533   387   566   478   529   702   530   729    93   655   423   562   529     0   362   639   520   495   524   370   787   232   720   313   684   580   446   787   492   355     0 
  203   320   548    84   380   328   342   142   413   312   389   965   177   264   485   101    62   436    69   718   543   209   700   703   705   380   654   480   429   405   362     0   278   273   440   503   421   722   461   711    85   759   500   365   746   164   716     0 
  103   593   820   360   622   534   600   388   677   585   622  1205   427   395   697   365   261   567   260   935   742   223   840   931   830   657   800   686   535   527   639   278     0   295   598   665   637   815   725   845   345   936   625   530   854   182   992     0 
  202   457   754   332   635   599   586   411   642   530   650  1208   441   134   752   273   318   705   203   978   812   412   972   959   975   577   926   749   692   671   520   273   295     0   712   775   688   987   690   983   353  1030   768   637  1014   144   835     0 
  587   516   462   399   228   141   283   312   337   362   198   656   295   689   162   476   397    59   510   365   168   376   260   378   267   422   214   143   111    91   495   440   598   712     0    67   149   301   352   271   366   339    85    75   314   588   762     0 
  653   552   458   457   246   188   309   370   348   393   214   602   350   747   142   533   462   110   572   310   122   443   199   328   213   444   152   123   160   149   524   503   665   775    67     0   157   264   354   213   426   272    91   140   266   653   764     0 
  602   403   313   357    90   103   155   279   192   242    59   570   247   638    64   424   396   204   487   300   127   430   334   293   359   287   287    63   251   222   370   421   637   688   149   157     0   419   203   352   337   348   230   147   417   583   614     0 
  833   814   701   693   509   442   572   606   608   656   477   697   594   980   390   771   670   287   790   437   340   601   140   478    94   706   163   374   295   316   787   722   815   987   301   264   419     0   608   123   656   289   225   370    54   852  1011     0 
  663   288   115   379   135   258   126   337    49   160   159   519   298   604   217   418   464   405   513   334   273   552   501   299   535   139   458   234   449   418   232   461   725   690   352   354   203   608     0   521   382   461   432   335   596   621   411     0 
  848   755   605   669   440   401   507   582   529   594   410   575   563   960   309   746   666   282   781   316   248   624    21   359    30   634    65   297   310   321   720   711   845   983   271   213   352   123   521     0   637   167   221   347    84   855   914     0 
  282   283   474    42   295   246   260    58   334   240   304   881    92   324   401   118    86   369   151   632   460   219   625   618   633   314   578   396   369   342   313    85   345   353   366   426   337   656   382   637     0   678   432   291   677   249   667     0 
  922   731   519   702   422   431   488   620   483   573   398   408   592   986   287   772   725   375   828   173   222   715   153   222   197   592   161   286   418   416   684   759   936  1030   339   272   348   289   461   167   678     0   328   408   243   916   816     0 
  627   600   540   468   312   223   368   381   420   447   281   686   370   756   229   546   451    64   568   394   213   403   215   416   209   507   177   210    91   100   580   500   625   768    85    91   230   225   432   221   432   328     0   145   246   637   843     0 
  514   460   449   325   202    87   244   238   311   314   177   700   224   615   187   403   322    89   434   415   217   311   335   420   341   382   289   171   118    85   446   365   530   637    75   140   147   370   335   347   291   408   145     0   386   513   737     0 
  866   818   684   711   506   452   572   624   601   657   475   650   609  1001   380   789   696   309   814   399   324   636   104   442    62   702   139   366   325   343   787   746   854  1014   314   266   417    54   596    84   677   243   246   386     0   881   994     0 
   79   438   701   242   544   487   504   305   572   467   553  1129   341   216   647   215   191   574   109   881   703   268   846   867   846   528   801   641   557   539   492   164   182   144   588   653   583   852   621   855   249   916   637   513   881     0   835     0 
  903   399   310   640   537   653   496   650   427   450   565   662   619   707   625   627   750   813   735   651   672   881   893   602   932   370   855   643   854   822   355   716   992   835   762   764   614  1011   411   914   667   816   843   737   994   835     0     0 
    0     0     0     0     0     0     0     0     0     0     0     0     0     0     0     0     0     0     0     0     0     0     0     0     0     0     0     0     0     0     0     0     0     0     0     0     0     0     0     0     0     0     0     0     0     0     0     0 
