DIMENSION: 47
N: 15
M: 15
K: 2

SERVICE: 
99 251 65 260 150 184 221 136 204 170 220 144 383 196 317 

DIST MATRIX: 
    0   591   820   359   624   537   600   388   678   584   624  1207   428   390   699   345   545   751   293   416   423   694  1132   187   335   355   577   465   294   517   356   655   962   272   391   700   751  1133   325    18    86   728   360    14   467   178   264     0 
  286     0   465     1   305   272   262    86   331   229   318   887   110   291   420    14   245   398    65   290   190   374   797   259    90   121   219   180   233   200   226   319   608   243    56   380   401   851   102   364   353   372    42   358   263   242   354     0 
  786   321     0   501   311   433   287   482   207   276   335   499   444   665   381   515   381   174   567   642   503   277   368   744   535   531   283   441   674   379   600   250   179   694   471   273   139   574   549   866   852   162   501   858   522   732   808     0 
  522    28   285     0   296   365   229   286   227   143   326   765   264   372   432   275   305   146   321   349   363   331   647   466   330   344   125   309   386   266   444   256   357   408   257   333   258   790   344   610   584   134   280   609   419   458   518     0 
  674   465   325   432     0   173   217   354   232   304   124   509   322   712    13   436   187   457   477   703   286   124   465   678   393   363   324   257   664   233   358   191   568   674   376   125   261   428   397   721   740   415   399   700   246   658   783     0 
  323   319   461   109   253     0   233    35   313   238   256   839    65   395   344   104   177   440   128   396    84   324   762   324    38    23   237    98   325   146   127   286   640   330    70   330   388   782    45   381   390   406    66   366   157   303   433     0 
  328   298   447    94   246   187     0    14   300   220   251   833    49   384   344    91   173   420   123   383    96   317   753   324    45    43   219    97   318   138   147   275   622   324    50   323   375   780    57   390   395   387    52   376   170   303   430     0 
  201   331   551    88   376   319   341     0   413   315   384   962   173   280   478    74   306   484    23   288   216   446   876   190    98   134   306   231   197   267   213   397   694   199   126   452   485   914    99   277   269   459    96   270   285   169   298     0 
  590   407   329   349    98    89   161   270     0   247    67   586   239   633    75   353   106   427   392   625   202   118   530   593   308   278   265   173   581   154   280   157   566   590   293   123   255   513   313   638   656   384   315   618   171   573   699     0 
  575    73   258   313   316   397   251   336   231     0   347   741   311   413   446   329   336    95   375   388   407   340   618   518   381   393   156   350   435   302   491   268   304   457   308   341   246   780   396   664   637    94   333   663   459   510   565     0 
  368   251   395    99   209   177   174    42   250   166     0   795    16   384   322   104   146   367   151   379   120   279   710   353    96    96   164    88   331   102   193   230   568   341    44   285   324   754   109   436   436   333    72   424   188   334   452     0 
 1114   802   511   856   550   614   601   787   557   668   539     0   751  1113   451   863   617   705   908  1098   728   483   246  1111   830   803   687   694  1083   657   799   548   675  1096   802   478   517    61   837  1164  1181   677   829  1143   686  1092  1209     0 
  186   594   780   346   561   459   551   345   632   553   556  1131     0   465   617   330   480   741   286   486   350   629  1068   270   292   298   549   402   364   461   266   602   949   347   360   635   707  1042   278   145   207   713   331   113   378   253   371     0 
  180   512   803   366   672   626   626   440   686   576   684  1250   473     0   783   360   609   680   317   227   522   740  1153   122   405   439   561   537   151   566   497   681   884   132   420   746   751  1217   404   239   168   671   395   266   587   145    21     0 
  397   213   358   115   194   189   147    84   218   125   210   772    54   383     0   125   145   324   176   375   154   261   682   374   136   139   122   109   340    97   234   204   525   353    71   266   290   742   150   470   465   291   102   459   217   357   466     0 
  274   265   477    15   313   274   272    86   342   241   324   896   114   292   425     0   250   412    53   292   187   382   807   250    81   115   232   182   229   206   217   328   622   238    60   388   413   858    92   351   341   386    39   344   260   233   348     0 
  499   318   323   245    82    62    98   170   174   166    79   662   136   527   175   250     0   370   292   519   131   150   590   495   215   190   181    80   477    48   226   133   540   487   189   156   245   609   222   556   567   329   214   539   142   475   597     0 
  667   168   194   397   329   431   274   407   225   212   360   671   377   507   445   412   370     0   461   481   463   333   542   612   456   463   206   402   530   346   554   271   211   552   384   332   210   730   471   755   730    43   411   752   505   604   661     0 
  221   308   530    66   360   310   322   123   394   294   369   945   157   275   466    53   292   461     0   281   211   430   858   203    93   130   284   220   198   252   218   379   671   203   108   436   465   901    97   299   289   436    79   293   282   184   307     0 
  318   321   632   289   561   557   501   376   542   430   582  1104   394    31   691   292   519   481   281     0   479   621   992   230   369   405   411   467   124   471   499   551   674   144   342   625   594  1104   376   409   351   481   331   425   553   240   206     0 
  390   367   448   191   213   113   216   105   297   251   206   785   104   479   277   187   131   463   211   479     0   280   719   402   118    83   257    63   409   124    97   261   651   414   142   286   371   713   118   436   455   425   148   416    73   380   514     0 
  644   354   212   374    71   179   120   312   110   198    75   516   274   634   112   382   150   333   430   621   280     0   440   632   361   339   218   229   600   179   371    75   453   613   322     6   141   483   369   705   712   291   351   689   272   614   727     0 
 1077   675   362   796   509   612   536   746   467   577   513   141   707  1013   468   807   590   542   858   992   719   440     0  1055   797   778   592   669  1004   616   807   480   460  1021   751   434   402   301   807  1143  1145   525   781  1128   700  1039  1137     0 
   89   445   715   259   562   508   522   325   588   481   572  1146   360   204   667   250   495   612   203   230   402   632  1055     0   286   320   468   421   108   455   376   578   822    86   310   638   656  1104   284   179   127   597   282   196   466    23   118     0 
  285   325   490    91   290   222   265    54   344   261   294   876    93   366   382    81   215   456    93   369   118   361   797   286     0    37   258   137   291   182   136   320   660   295    73   367   419   820    15   345   352   425    52   331   189   265   396     0 
  312   341   482   123   269   190   252    57   333   260   269   852    88   402   353   115   190   463   130   405    83   339   778   320    37     0   260   111   328   164   107   305   663   332    90   345   408   791    36   366   378   429    81   350   152   298   431     0 
  504   142   247   219   174   242   107   206   131    20   203   696   173   428   311   232   181   206   284   411   257   218   592   468   258   260     0   198   412   146   348   144   403   429   190   221   190   695   272   583   571   170   219   575   304   454   544     0 
  421   316   387   181   159    91   154    98   236   190   159   742    73   471   247   182    80   402   220   467    63   229   669   421   137   111   198     0   412    62   159   201   588   420   125   235   310   684   143   477   488   364   144   460   110   400   527     0 
  195   362   653   232   534   503   483   315   540   428   549  1105   342   101   653   229   477   530   198   124   409   600  1004   108   291   328   412   412     0   432   408   538   736    24   288   605   602  1082   295   287   233   520   268   302   480   116   133     0 
  465   277   325   201   109   100    92   132   174   135   118   695    95   479   221   206    48   346   252   471   124   179   616   455   182   164   146    62   432     0   221   142   527   443   146   185   249   651   191   527   533   306   173   512   159   436   554     0 
  343   444   545   227   307   195   313   161   394   344   297   865   180   493   351   217   226   554   218   499    97   371   807   376   136   107   348   159   408   221     0   357   746   407   196   377   468   779   126   371   402   517   186   347   112   353   493     0 
  598   279   191   318    62   183    56   267    48   124    91   569   228   565   179   328   133   271   379   551   261    75   480   578   320   305   144   201   538   142   357     0   415   552   271    78   112   553   331   665   666   228   301   651   273   561   667     0 
  879   377   243   607   478   596   442   609   369   404   505   600   576   702   559   622   540   211   671   674   651   453   460   822   660   663   403   588   736   527   746   415     0   759   590   449   312   715   675   966   941   236   618   963   681   814   864     0 
  174   384   672   242   546   510   497   322   556   445   560  1121   352   119   662   238   487   552   203   144   414   613  1021    86   295   332   429   420    24   443   407   552   759     0   298   619   619  1094   297   265   210   541   275   282   483    96   115     0 
  327   253   429    56   253   217   215    38   288   195   264   837    54   345   365    60   189   384   108   342   142   322   751   310    73    90   190   125   288   146   196   271   590   298     0   328   361   797    88   399   395   354    31   389   215   291   408     0 
  650   356   208   380    77   185   124   318   110   201    81   510   280   638   114   388   156   332   436   625   286     6   434   638   367   345   221   235   605   185   377    78   449   619   328     0   138   479   376   711   718   290   357   695   278   619   732     0 
  686   286    78   401   171   294   157   365    75   175   196   510   326   613   251   413   245   210   465   594   371   141   402   656   419   408   190   310   602   249   468   112   312   619   361   138     0   534   431   760   754   172   392   749   385   641   735     0 
 1102   816   536   852   548   601   603   779   567   675   534   205   745  1117   438   858   609   730   901  1104   713   483   301  1104   820   791   695   684  1082   651   779   553   715  1094   797   479   534     0   825  1147  1168   699   823  1125   667  1084  1205     0 
  278   339   503   103   299   226   277    67   356   275   301   884   105   372   387    92   222   471    97   376   118   369   807   284    15    36   272   143   295   191   126   331   675   297    88   376   431   825     0   336   345   439    67   321   186   262   396     0 
   94   593   827   365   634   550   610   398   686   591   635  1218   437   382   713   351   556   755   299   409   436   705  1143   179   345   366   583   477   287   527   371   665   966   265   399   711   760  1147   336     0    71   733   368    32   481   173   251     0 
   68   564   818   353   641   567   610   401   682   581   646  1228   439   322   731   341   567   730   289   351   455   712  1145   127   352   378   571   488   233   533   402   666   941   210   395   718   754  1168   345    71     0   711   365   100   508   128   181     0 
  648   160   168   371   286   390   232   374   183   174   317   650   342   505   403   386   329    43   436   481   425   291   525   597   425   429   170   364   520   306   517   228   236   541   354   290   172   699   439   733   711     0   382   729   465   587   652     0 
  297   274   460    43   281   235   245    47   319   226   290   866    78   332   388    39   214   411    79   331   148   351   781   282    52    81   219   144   268   173   186   301   618   275    31   357   392   823    67   368   365   382     0   358   222   263   384     0 
  107   593   818   358   618   530   597   385   675   583   618  1200   424   400   692   344   539   752   293   425   416   689  1128   196   331   350   575   460   302   512   347   651   963   282   389   695   749  1125   321    32   100   729   358     0   458   186   277     0 
  445   427   463   264   215    93   240   178   316   294   198   754   172   552   240   260   142   505   282   553    73   272   700   466   189   152   304   110   480   159   112   273   681   483   215   278   385   667   186   481   508   465   222   458     0   444   580     0 
   79   438   701   242   544   487   504   305   572   467   553  1129   341   216   647   233   475   604   184   240   380   614  1039    23   265   298   454   400   116   436   353   561   814    96   291   619   641  1084   262   173   128   587   263   186   444     0   142     0 
  186   493   786   354   659   616   612   429   671   560   672  1236   461   175   772   348   597   661   307   206   514   727  1137   118   396   431   544   527   133   554   493   667   864   115   408   732   735  1205   396   251   181   652   384   277   580   142     0     0 
    0     0     0     0     0     0     0     0     0     0     0     0     0     0     0     0     0     0     0     0     0     0     0     0     0     0     0     0     0     0     0     0     0     0     0     0     0     0     0     0     0     0     0     0     0     0     0     0 
