DIMENSION: 47
N: 15
M: 15
K: 2

SERVICE: 
217 133 211 203 342 286 141 301 284 345 378 170 144 302 159 

DIST MATRIX: 
    0   226   554   218   499    97   371   807   376   136   107   348   159   408   221   302   172   223   294   587   391   136   497   587   494   423   455   338   205   186   456   229   353   487   246   313   296   500   434   506   185   584   286   177   529   493   793     0 
  328     0   271   379   551   261    75   480   578   320   305   144   201   538   142   367   395   339   455   351   243   476   469   324   498   146   423   191   380   348   235   398   655   640   289   302   145   563    77   488   316   452   373   264   557   667   474     0 
  622   540     0   671   674   651   453   460   822   660   663   403   588   736   527   602   715   753   711   581   605   840   825   532   864   324   787   577   795   763   325   686   964   826   700   700   551   944   348   845   631   746   781   679   925   864    70     0 
  238   487   552     0   144   414   613  1021    86   295   332   429   420    24   443   186   235   621   116   889   723   346   886   870   890   495   839   659   611   589   444   186   277    90   626   688   598   905   604   897   264   942   684   550   930   115   773     0 
   60   189   384   108     0   142   322   751   310    73    90   190   125   288   146   131   130   355   189   593   426   253   601   577   612   270   554   362   362   332   276   128   391   387   345   402   301   641   336   614    46   645   416   272   658   408   628     0 
  388   156   332   436   625     0     6   434   638   367   345   221   235   605   185   435   444   310   516   275   173   506   401   252   433   218   357   130   357   328   310   456   699   707   254   251   106   504   104   421   371   375   332   249   494   732   513     0 
  413   245   210   465   594   371     0   402   656   419   408   190   310   602   249   434   490   442   533   346   303   583   531   307   566   137   489   268   486   455   225   484   751   704   388   389   240   640    37   551   407   482   469   372   627   735   375     0 
  858   609   730   901  1104   713   483     0  1104   820   791   695   684  1082   651   912   897   589   986   205   388   914   386   230   428   667   394   446   637   629   758   921  1130  1183   543   480   501   515   528   398   836   234   551   603   465  1205   783     0 
   92   222   471    97   376   118   369   807     0    15    36   272   143   295   191   176    72   324   181   624   441   166   589   614   593   353   543   380   319   294   363   112   324   383   329   393   324   610   403   600    62   654   388   254   634   396   715     0 
  351   556   755   299   409   436   705  1143   179     0   366   583   477   287   527   365   270   587   258   951   759   243   860   945   851   662   821   702   556   547   641   282    24   277   616   683   652   838   734   866   353   955   645   548   876   251   993     0 
  341   567   730   289   351   455   712  1145   127   352     0   571   488   233   533   339   274   623   230   968   781   284   898   959   892   647   857   722   597   585   617   270    92   210   648   715   668   885   731   905   350   984   684   576   920   181   963     0 
  386   329    43   436   481   425   291   525   597   425   429     0   364   520   306   373   479   559   481   517   463   605   692   476   723    96   647   417   594   561    97   452   730   616   513   530   373   791   193   711   394   653   598   476   783   652   277     0 
   39   214   411    79   331   148   351   781   282    52    81   219     0   268   173   122   100   363   163   619   448   229   616   604   624   300   569   384   365   337   301    99   360   365   358   417   324   650   367   629    15   666   425   283   669   384   655     0 
  344   539   752   293   425   416   689  1128   196   331   350   575   460     0   512   366   259   560   261   930   737   216   833   926   823   655   794   681   528   520   639   277     8   301   591   659   632   808   722   838   343   930   618   524   846   277   992     0 
  260   142   505   282   553    73   272   700   466   189   152   304   110   480     0   343   253   141   367   474   279   248   403   475   407   369   358   226   149   118   422   298   464   569   144   209   188   429   349   414   228   477   204    69   449   580   735     0 
   85   313   391    97   211   270   430   836   226   166   200   245   256   171   266     0   157   484   109   708   551   308   732   687   743   314   685   487   487   459   278   101   365   273   476   533   424   771   418   746   118   772   546   403   789   301   627     0 
   95   292   507    59   332   189   438   874   214    78   107   319   214   236   259   157     0   387   122   696   513   151   656   685   658   400   611   452   376   354   395    62   261   318   397   462   396   670   464   666    86   725   451   322   696   327   750     0 
  401   234   601   421   694   215   305   682   597   328   291   415   241   619   271   484   387     0   505   418   225   344   275   434   271   465   234   202    52    41   533   436   567   705    59   110   204   287   405   282   369   375    64    89   309   714   813     0 
  129   377   500    87   216   297   510   931   124   179   215   345   306   115   335   109   122   505     0   782   611   251   769   766   774   419   723   547   496   473   387    69   260   203   510   572   487   790   513   781   151   828   568   434   814   220   735     0 
  653   406   552   698   901   515   280   290   901   618   590   494   482   877   447   708   696   418   782     0   199   722   298    49   344   473   281   249   469   455   566   718   935   978   365   310   300   437   334   316   632   173   394   415   399  1001   651     0 
  485   238   505   524   756   326   172   459   724   438   406   378   304   714   285   551   513   225   611   199     0   526   229   209   262   389   185    64   277   259   478   543   742   812   168   122   127   340   273   248   460   222   213   217   324   831   672     0 
  240   351   637   210   467   220   500   938   291   181   178   437   275   355   335   308   151   344   251   722   526     0   618   722   609   517   578   474   314   304   529   209   223   412   376   443   430   601   552   624   219   715   403   311   636   408   881     0 
  655   432   733   683   943   472   400   586   868   590   554   595   476   881   479   732   656   275   769   298   229   618     0   339    46   615    48   278   305   314   702   700   840   972   260   199   334   140   501    21   625   153   215   335   104   983   893     0 
  637   393   510   684   875   509   257   257   886   608   581   465   471   857   432   687   685   434   766    49   209   722   339     0   385   438   319   250   486   469   530   703   931   959   378   328   293   478   299   359   618   222   416   420   442   984   602     0 
  664   450   765   689   954   478   432   632   869   595   559   619   488   887   497   743   658   271   774   344   262   609    46   385     0   643    77   307   295   308   729   705   830   975   267   213   359    94   535    30   633   197   209   341    62   985   932     0 
  311   234   137   363   459   330   217   534   540   339   340    81   268   476   210   314   400   465   419   473   389   517   615   438   643     0   569   337   500   466    93   380   657   577   422   444   287   706   139   634   314   592   507   382   702   609   370     0 
  608   384   689   637   895   426   356   571   824   544   508   548   429   835   431   685   611   234   723   281   185   578    48   319    77   569     0   232   269   274   655   654   800   926   214   152   287   163   458    65   578   161   177   289   139   938   855     0 
  421   174   460   461   692   267   128   485   662   376   345   319   241   650   221   487   452   202   547   249    64   474   278   250   307   337   232     0   254   230   423   480   686   749   143   123    63   374   234   297   396   286   210   171   366   768   643     0 
  402   266   636   416   694   220   352   734   580   325   289   443   258   611   297   487   376    52   496   469   277   314   305   486   295   500   269   254     0    33   562   429   535   692   111   160   251   295   449   310   369   418    91   118   325   698   854     0 
  375   233   603   391   667   190   323   714   562   299   262   410   225   588   264   459   354    41   473   455   259   304   314   469   308   466   274   230    33     0   529   405   527   671    91   149   222   316   418   321   342   416   100    85   343   679   822     0 
  300   299   113   348   387   370   308   609   501   349   359   119   313   423   265   278   395   533   387   566   478   529   702   530   729    93   655   423   562   529     0   362   639   520   495   524   370   787   232   720   313   684   580   446   787   555   355     0 
   71   312   475    20   271   228   450   877   183   110   146   302   239   183   272   101    62   436    69   718   543   209   700   703   705   380   654   480   429   405   362     0   278   273   440   503   421   722   461   711    85   759   500   365   746   288   716     0 
  346   543   753   294   421   421   693  1131   192   335   354   577   464   298   516   365   261   567   260   935   742   223   840   931   830   657   800   686   535   527   639   278     0   295   598   665   637   815   725   845   345   936   625   530   854   270   992     0 
  327   577   623   290   165   500   702  1107   122   382   418   514   509   103   532   273   318   705   203   978   812   412   972   959   975   577   926   749   692   671   520   273   295     0   712   775   688   987   690   983   353  1030   768   637  1014    41   835     0 
  397   198   556   423   687   212   250   624   610   331   294   378   223   622   241   476   397    59   510   365   168   376   260   378   267   422   214   143   111    91   495   440   598   712     0    67   149   301   352   271   366   339    85    75   314   724   762     0 
  456   237   573   485   744   275   248   580   675   393   357   411   277   683   284   533   462   110   572   310   122   443   199   328   213   444   152   123   160   149   524   503   665   775    67     0   157   264   354   213   426   272    91   140   266   788   764     0 
  361   112   416   402   629   216   101   513   603   319   290   261   183   589   158   424   396   204   487   300   127   430   334   293   359   287   287    63   251   222   370   421   637   688   149   157     0   419   203   352   337   348   230   147   417   708   614     0 
  689   497   833   707   981   502   503   726   875   615   578   674   523   904   541   771   670   287   790   437   340   601   140   478    94   706   163   374   295   316   787   722   815   987   301   264   419     0   608   123   656   289   225   370    54   993  1011     0 
  390   209   233   442   587   337   106   418   637   391   378   177   278   588   217   418   464   405   513   334   273   552   501   299   535   139   458   234   449   418   232   461   725   690   352   354   203   608     0   521   382   461   432   335   596   719   411     0 
  668   447   753   695   957   484   420   604   878   602   565   613   490   893   495   746   666   282   781   316   248   624    21   359    30   634    65   297   310   321   720   711   845   983   271   213   352   123   521     0   637   167   221   347    84   994   914     0 
   33   227   423    65   325   155   365   796   268    49    82   233   156   257   187   118    86   369   151   632   460   219   625   618   633   314   578   396   369   342   313    85   345   353   366   426   337   656   382   637     0   678   432   291   677   371   667     0 
  704   459   692   741   978   536   377   447   938   652   618   593   522   934   507   772   725   375   828   173   222   715   153   222   197   592   161   286   418   416   684   759   936  1030   339   272   348   289   461   167   678     0   328   408   243  1047   816     0 
  464   282   641   485   756   277   328   670   660   392   355   463   299   683   323   546   451    64   568   394   213   403   215   416   209   507   177   210    91   100   580   500   625   768    85    91   230   225   432   221   432   328     0   145   246   777   843     0 
  323   148   518   348   614   137   244   655   535   255   219   328   154   546   183   403   322    89   434   415   217   311   335   420   341   382   289   171   118    85   446   365   530   637    75   140   147   370   335   347   291   408   145     0   386   649   737     0 
  708   503   826   730  1000   521   493   686   904   637   600   676   536   928   549   789   696   309   814   399   324   636   104   442    62   702   139   366   325   343   787   746   854  1014   314   266   417    54   596    84   677   243   246   386     0  1021   994     0 
  348   597   661   307   206   514   727  1137   118   396   431   544   527   133   554   301   327   714   220  1001   831   408   983   984   985   609   938   768   698   679   555   288   270    41   724   788   708   993   719   994   371  1047   777   649  1021     0   874     0 
  655   594   244   703   678   700   516   521   841   700   706   447   638   750   579   627   750   813   735   651   672   881   893   602   932   370   855   643   854   822   355   716   992   835   762   764   614  1011   411   914   667   816   843   737   994   874     0     0 
    0     0     0     0     0     0     0     0     0     0     0     0     0     0     0     0     0     0     0     0     0     0     0     0     0     0     0     0     0     0     0     0     0     0     0     0     0     0     0     0     0     0     0     0     0     0     0     0 
