DIMENSION: 27
N: 15
M: 5
K: 2

SERVICE: 
318 395 85 77 343 324 256 452 281 175 189 141 456 68 131 

DIST MATRIX: 
    0   749   926   534   432  1059   702   888   872   282   406   688   324   810   575   719  1010   802   152   728  1055   789   701   368   605   545   804     0 
  449     0   407   142   203   615   273   375   402   272   232   382   323   397   106   431   565   282   411   476   656   372   181   579   165   191   400     0 
  732   415     0   364   473   427   305    94   240   590   507   458   614   341   293   497   385    44   732   567   520   325   145   862   297   382   353     0 
  467   495   479     0   256   716   248   457   500   198   276   476   344   500   208   525   665   352   387   400   759   474   256   482   267   280   502     0 
  564   137   296   456     0   290   500   228   109   585   371   191   472    71   232   222   240   262   631   758   322    48   254   907   179   228    79     0 
  508    46   469   578   358     0   654   400   253   643   375    85   451   125   335    71   288   437   622   900   286   134   414   974   275   268   111     0 
  913   864   592   379   705   958     0   625   758   561   728   872   793   825   594   921   915   519   798   114  1045   802   501   610   647   698   834     0 
  993   782   395   470   744   772   297     0   611   717   775   815   867   713   580   858   738   388   929   401   878   696   432   866   614   690   725     0 
  621   164   506   690   485   254   749   441     0   769   501   210   574   179   449   180   235   505   746  1004   179   202   503  1100   390   392   170     0 
  315   431   549   229   125   706   396   509   505     0   134   392   191   465   198   437   656   427   262   544   725   441   326   506   238   202   463     0 
  123   381   719   537   216   709   691   658   573   431     0   309   143   469   382   323   667   624   284   858   673   457   541   725   366   282   459     0 
  303   201   522   433   142   523   558   459   372   434   152     0   227   276   218   178   478   436   398   769   507   260   365   762   182   108   267     0 
  549   133   303   445   326   306   493   235   124   569   355   182     0    80   217   216   256   262   614   749   336    55   248   892   164   211    86     0 
  616   162   278   496   397   238   525   209    63   636   426   228   526     0   280   250   188   268   685   787   281    63   279   956   231   282    82     0 
  439   418   434   128   202   644   275   403   430   244   228   401   313   424     0   450   593   308   391   464   683   398   207   550   190   206   425     0 
  443    88   519   572   319   395   666   450   313   610   330    49   396   186   332     0   359   473   567   902   351   188   435   939   275   246   172     0 
  779   286   343   672   579    51   675   293   167   823   605   360   701   203   467   359     0   396   865   940   141   222   441  1143   419   465   211     0 
  691   394   127   325   430   441   282   117   240   547   465   432   572   328   250   473   396     0   687   547   526   309   101   823   258   342   339     0 
  185   599   807   460   288   913   633   763   733   239   260   537   172   663   447   567   865   687     0   714   905   643   587   458   470   403   657     0 
  842   854   637   335   656   986   265   660   777   475   674   853   728   828   571   902   940   547   714     0  1063   804   507   496   628   667   835     0 
  793   306   483   777   630   122   799   430   287   898   651   371   735   261   553   351   141   526   905  1063     0   286   557  1225   497   524   262     0 
  563   100   335   498   357   270   547   266   126   613   383   165   480    26   267   188   222   309   643   804   286     0   301   939   211   245    31     0 
  599   368   227   240   338   490   246   201   274   448   372   389   477   325   159   435   441   101   587   507   557   301     0   733   183   263   333     0 
  641   937   947   498   620  1193   607   934   980   330   613   896   586   964   676   939  1143   823   458   496  1225   939   733     0   729   708   964     0 
  439   231   357   302   187   469   393   302   268   405   220   226   328   236    60   275   419   258   470   628   497   211   183   729     0    84   237     0 
  357   229   441   333   115   515   451   384   330   378   145   198   251   268   110   246   465   342   403   667   524   245   263   708    84     0   264     0 
  569    86   359   528   374   257   579   290   142   637   398   157   491    14   294   172   211   339   657   835   262    31   333   964   237   264     0     0 
    0     0     0     0     0     0     0     0     0     0     0     0     0     0     0     0     0     0     0     0     0     0     0     0     0     0     0     0 
