DIMENSION: 27
N: 15
M: 5
K: 2

SERVICE: 
224 289 314 199 415 112 374 191 432 223 315 221 354 436 241 

DIST MATRIX: 
    0   742   447   468   373   571   391   650   387   211   553   427   461   412   202   509    53   775   691   591   863   579  1004   780   875   357   111     0 
  812     0   643   640   870   578   735   586   735   924   629   726   572   660   928   505  1007   350   602   463   153   531   176   840   435   781   924     0 
   93   658     0   333   248   435   254   624   249    99   416   289   398   279    92   428   178   708   553   525   768   447   921   648   826   219    27     0 
  370   278   197     0   426   178   288   477   287   475   225   284   269   210   480   199   595   386   290   277   340   127   512   532   542   333   488     0 
  467   452   243   224     0   121   312   690   315   529   152   284   478   279   536   412   719   572    94   489   459   121   630   346   728   358   583     0 
  289   375    94    97   324     0   186   532   186   382   145   182   293   112   388   242   531   475   250   341   442    83   614   468   628   232   409     0 
  482   898   442   429   267   453     0  1018   378   403   402   356   762   452   412   741   659   999   435   849   949   505  1123   295  1149   355   516     0 
  607   145   545   558   755   561   621     0   618   736   607   633   279   538   737   258   723    48   666   152   253   511   303   914   162   654   691     0 
  544   938   489   474   329   487   427  1071     0   468   436   406   815   503   476   790   724  1042   451   898   981   540  1155   275  1194   412   581     0 
  143   591   344   367   352   466   314   513   309     0   460   352   310   306   217   357   153   624   598   440   713   464   852   732   728   296   124     0 
  322   780   316   310   109   364   234   871   237   246     0   227   615   317   255   602   505   872   396   712   848   410  1020   359  1018   205   359     0 
  144   433   172   196   302   283   192   461   187   270   290     0   207   138   271   212   349   495   422   318   541   271   695   598   627   206   250     0 
  657    87   551   559   775   538   636   319   634   783   588   640     0   553   784   308   807    83   621   227   130   486   193   874   210   675   754     0 
  481   873   422   408   266   424   360  1004   365   412   373   339   748     0   421   723   671   976   398   831   919   476  1093   255  1128   347   525     0 
  338   843   382   379   154   444   293   908   295   234   395   294   655   376     0   651   479   928   483   761   918   487  1089   434  1069   255   345     0 
  353   234   302   319   500   352   369   290   365   481   387   385    78   288   482     0   506   284   481   110   358   310   496   709   418   399   446     0 
  255   739   477   498   421   600   428   625   423   260   587   464   452   440   251   506     0   763   725   581   864   604   999   825   855   396   153     0 
  636   123   558   570   775   564   638   237   636   765   611   647   314   555   765   284   763     0   661   184   212   513   255   911   156   674   724     0 
  470   542   256   232   375   141   300   766   304   510   139   266   541   293   518   481   725   661     0   567   552   172   723   253   817   339   580     0 
  456   174   409   425   609   446   478   201   475   585   486   493   130   397   585   110   581   184   567     0   311   400   420   804   309   508   540     0 
  682   136   536   539   766   495   627   441   626   800   547   624   422   547   804   358   864   212   552   311     0   444   174   803   330   671   790     0 
  356   401   135   122   344    52   219   597   221   432   103   201   369   168   439   310   604   513   172   400   444     0   618   405   668   267   474     0 
  839   263   707   711   937   670   797   484   796   961   721   796   547   716   964   496   999   255   723   420   174   618     0   971   285   840   940     0 
  589   794   430   406   409   359   420   999   425   572   323   384   758   460   581   709   825   911   253   804   803   405   971     0  1068   436   672     0 
  763   277   707   720   917   720   784   248   781   892   766   795   429   701   892   418   855   156   817   309   330   668   285  1068     0   816   839     0 
  153   590   139   146   101   239    48   666    47   172   208    75   410   124   180   399   396   674   339   508   671   267   840   436   816     0   246     0 
  120   677   341   360   269   463   281   632   277   113   443   316   412   306   105   446   153   724   580   540   790   474   940   672   839   246     0     0 
    0     0     0     0     0     0     0     0     0     0     0     0     0     0     0     0     0     0     0     0     0     0     0     0     0     0     0     0 
