DIMENSION: 27
N: 15
M: 5
K: 2

SERVICE: 
74 705 379 27 260 128 387 104 67 334 122 301 326 101 97 

DIST MATRIX: 
    0   422   412   659   512   429   703   426   426   435   665   505   483   360   381   257   710   339   328   292   236   209   410   580   494    71   608     0 
  397     0   688   979   647   652  1005   668   733   663   969   812   804   584   596   552  1035   459   529   537   247   497   314   750   564   256   934     0 
   87   392     0   656   451   380   685   382   410   387   648   489   511   309   329   306   729   402   272   352   282   177   455   524   556    96   617     0 
  606   361   388     0   692   516   176   471   285   501   163   221   324   535   545   550   233   833   589   650   879   517  1037   633   954   750   125     0 
  221   237   215   558     0   174   543   185   299   184   510   368   525   104   122   420   700   594    67   502   490   115   661   318   751   302   561     0 
  410   289   262   618    72     0   551   174   384   143   528   427   670   133   112   604   807   781   124   690   661   294   827   147   937   474   657     0 
  541   437   462   230   781   599     0   555   339   587   364   323   139   592   609   407   105   672   632   488   763   504   902   751   774   674   103     0 
  276    94    76   417   303   133   400     0   161   128   367   225   434   105   124   407   578   637   149   507   576   132   750   308   791   399   432     0 
  332   161   182   255   497   316   310   273     0   306   272   119   250   305   323   333   378   610   347   443   618   242   784   478   751   476   237     0 
  131   360   344   649   384   325   662   333   394     0   627   472   538   254   272   358   746   470   210   414   342   157   512   460   624   155   624     0 
  470   175   201   161   505   328   160   283   119   313     0    40   342   349   358   481   376   761   405   591   764   356   933   453   900   613   224     0 
  292   162   137   496   224    85   461    90   244    91   431     0   516    22    46   461   663   665    68   554   577   155   750   250   822   391   517     0 
  735   717   741   500  1055   876   659   833   619   865   641   610     0   859   879   536   253   722   891   566   876   742   976  1034   771   844   384     0 
  272   100    81   423   300   132   406   104   166   128   373   231   437     0   121   406   583   635   143   506   572   128   746   307   789   394   437     0 
  349   281   254   615   131   139   566   178   368   155   539   421   636   108     0   550   789   718    71   633   595   242   762   211   874   409   642     0 
  227   443   449   538   676   535   635   510   388   533   598   452   269   482   506     0   506   284   481   110   358   310   496   709   418   311   446     0 
  645   519   545   251   864   683   409   637   423   670   394   393   237   682   697   506     0   763   725   581   864   604   999   825   855   779   153     0 
  374   696   696   821   850   749   917   736   659   752   880   729   533   684   707   284   763     0   661   184   212   513   255   911   156   333   724     0 
  288   230   205   563   195   123   528   147   309   136   499   369   566    61    68   481   725   661     0   567   552   172   723   253   817   365   580     0 
  289   550   555   640   762   633   743   611   498   632   706   562   349   575   599   110   581   184   567     0   311   400   420   804   309   326   540     0 
  303   655   647   862   722   661   925   661   649   668   887   727   626   591   611   358   864   212   552   311     0   444   174   803   330   188   790     0 
  144   215   204   493   366   237   509   224   238   239   473   316   416   176   200   310   604   513   172   400   444     0   618   405   668   269   474     0 
  477   829   821  1021   886   834  1093   835   819   842  1055   896   763   764   783   496   999   255   723   420   174   618     0   971   285   359   940     0 
  537   318   296   606   115   175   505   209   416   180   491   433   727   230   206   709   825   911   253   804   803   405   971     0  1068   615   672     0 
  531   847   848   945  1005   905  1053   891   804   908  1016   870   640   840   863   418   855   156   817   309   330   668   285  1068     0   482   839     0 
  144   484   472   730   537   475   770   477   494   483   733   573   550   404   424   311   779   333   365   326   188   269   359   615   482     0   679     0 
  538   368   394   128   713   531   284   486   274   518   261   239   202   534   549   446   153   724   580   540   790   474   940   672   839   679     0     0 
    0     0     0     0     0     0     0     0     0     0     0     0     0     0     0     0     0     0     0     0     0     0     0     0     0     0     0     0 
