DIMENSION: 47
N: 15
M: 15
K: 2

SERVICE: 
217 133 211 203 342 286 141 301 284 345 378 170 144 302 159 

DIST MATRIX: 
    0   226   554   218   499    97   371   807   376   136   107   348   159   408   221   343   444   545   227   307   195   313   161   394   344   297   865   180   493   351   356   226   600   444   358   127   147   213   280   491   193   799   266   497   234   493   353     0 
  328     0   271   379   551   261    75   480   578   320   305   144   201   538   142   598   279   191   318    62   183    56   267    48   124    91   569   228   565   179   655   319   250   256   191   286   275   397   157   268   230   548   602   681   204   667   561     0 
  622   540     0   671   674   651   453   460   822   660   663   403   588   736   527   879   377   243   607   478   596   442   609   369   404   505   600   576   702   559   962   608   179   357   568   640   622   694   566   304   568   675   949   884   525   864   814     0 
  238   487   552     0   144   414   613  1021    86   295   332   429   420    24   443   174   384   672   242   546   510   497   322   556   445   560  1121   352   119   662   272   243   694   408   674   330   324   199   590   457   341  1096   347   132   353   115    96     0 
   60   189   384   108     0   142   322   751   310    73    90   190   125   288   146   327   253   429    56   253   217   215    38   288   195   264   837    54   345   365   391    56   471   257   376    70    50   126   293   308    44   802   360   420    71   408   291     0 
  388   156   332   436   625     0     6   434   638   367   345   221   235   605   185   650   356   208   380    77   185   124   318   110   201    81   510   280   638   114   700   380   273   333   125   330   323   452   123   341   285   478   635   746   266   732   619     0 
  413   245   210   465   594   371     0   402   656   419   408   190   310   602   249   686   286    78   401   171   294   157   365    75   175   196   510   326   613   251   751   401   139   258   261   388   375   485   255   246   324   517   707   751   290   735   641     0 
  858   609   730   901  1104   713   483     0  1104   820   791   695   684  1082   651  1102   816   536   852   548   601   603   779   567   675   534   205   745  1117   438  1133   851   574   790   428   782   780   914   513   780   754    61  1042  1217   742  1205  1084     0 
   92   222   471    97   376   118   369   807     0    15    36   272   143   295   191   278   339   503   103   299   226   277    67   356   275   301   884   105   372   387   325   102   549   344   397    45    57    99   313   396   109   837   278   404   150   396   262     0 
  351   556   755   299   409   436   705  1143   179     0   366   583   477   287   527    94   593   827   365   634   550   610   398   686   591   635  1218   437   382   713    18   364   866   610   721   381   390   277   638   664   436  1164   145   239   470   251   173     0 
  341   567   730   289   351   455   712  1145   127   352     0   571   488   233   533    68   564   818   353   641   567   610   401   682   581   646  1228   439   322   731    86   353   852   584   740   390   395   269   656   637   436  1181   207   168   465   181   128     0 
  386   329    43   436   481   425   291   525   597   425   429     0   364   520   306   648   160   168   371   286   390   232   374   183   174   317   650   342   505   403   728   372   162   134   415   406   387   459   384    94   333   677   713   671   291   652   587     0 
   39   214   411    79   331   148   351   781   282    52    81   219     0   268   173   297   274   460    43   281   235   245    47   319   226   290   866    78   332   388   360    42   501   280   399    66    52    96   315   333    72   829   331   395   102   384   263     0 
  344   539   752   293   425   416   689  1128   196   331   350   575   460     0   512   107   593   818   358   618   530   597   385   675   583   618  1200   424   400   692    14   358   858   609   700   366   376   270   618   663   424  1143   113   266   459   277   186     0 
  260   142   505   282   553    73   272   700   466   189   152   304   110   480     0   445   427   463   264   215    93   240   178   316   294   198   754   172   552   240   467   263   522   419   246   157   170   285   171   459   188   686   378   587   217   580   444     0 
  274   499   667   221   318   390   644  1077    89   285   312   504   421   195   465     0   504   751   286   574   502   542   333   615   514   578  1160   371   293   665    99   286   786   522   674   323   328   201   590   575   368  1114   186   180   397   186    79     0 
  265   318   168   308   321   367   354   675   445   325   341   142   316   362   277   504     0   313   250   316   377   249   285   252   161   345   792   266   345   452   591   251   321    28   465   319   298   331   407    73   251   802   594   512   213   493   438     0 
  477   323   194   530   632   448   212   362   715   490   482   247   387   653   325   751   313     0   465   249   373   233   436   151   236   273   483   398   653   316   820   465    65   285   325   461   447   551   329   258   395   511   780   803   358   786   701     0 
   15   245   397    66   289   191   374   796   259    91   123   219   181   232   201   286   250   465     0   305   273   262    87   330   228   318   887   110   290   420   359     1   501   260   432   109    94    88   349   313    99   856   346   366   115   354   242     0 
  313    82   329   360   561   213    71   509   562   290   269   174   159   534   109   574   316   249   305     0   123    67   241   110   155    31   587   203   572   137   624   305   311   296   150   253   246   376    98   316   209   550   561   672   194   659   544     0 
  274    62   431   310   557   113   179   612   508   222   190   242    91   503   100   502   377   373   273   123     0   158   189   228   228   105   673   164   561   163   537   272   433   365   173   184   187   319    89   397   177   614   459   626   189   616   487     0 
  272    98   274   322   501   216   120   536   522   265   252   107   154   483    92   542   249   233   262    67   158     0   212    82    87    97   625   173   514   204   600   262   287   229   217   233   221   341   161   251   174   601   551   626   147   612   504     0 
   86   170   407   123   376   105   312   746   325    54    57   206    98   315   132   333   285   436    87   241   189   212     0   290   208   248   828    39   377   343   388    86   482   286   354    35    14   136   270   336    42   787   345   440    84   429   305     0 
  342   174   225   394   542   297   110   467   588   344   333   131   236   540   174   615   252   151   330   110   228    82   290     0   113   139   566   251   559   221   678   331   207   227   232   313   300   413   204   231   250   557   632   686   218   671   572     0 
  241   166   212   294   430   251   198   577   481   261   260    20   190   428   135   514   161   236   228   155   228    87   208   113     0   184   679   173   446   291   584   229   276   143   304   238   220   315   247   170   166   668   553   576   125   560   467     0 
  324    79   360   369   582   206    75   513   572   294   269   203   159   549   118   578   345   273   318    31   105    97   248   139   184     0   583   212   592   111   624   318   335   326   124   256   251   384    67   347   220   539   556   684   210   672   553     0 
  896   662   671   945  1104   785   516   141  1146   876   852   696   742  1105   695  1160   792   483   887   587   673   625   828   566   679   583     0   790  1123   515  1207   887   499   765   509   839   833   962   586   741   795   144  1131  1250   772  1236  1129     0 
  114   136   377   157   394   104   274   707   360    93    88   173    73   342    95   371   266   398   110   203   164   173    39   251   173   212   790     0   398   311   428   110   444   264   322    65    49   173   239   311    16   751   383   473    54   461   341     0 
  292   527   507   275    31   479   634  1013   204   366   402   428   471   101   479   293   345   653   290   572   561   514   377   559   446   592  1123   398     0   700   390   291   665   372   712   395   384   280   633   413   384  1113   465   196   383   175   216     0 
  425   175   445   466   691   277   112   468   667   382   353   311   247   653   221   665   452   316   420   137   163   204   343   221   291   111   515   311   700     0   699   420   381   432    13   344   344   478    75   446   322   451   617   783   317   772   647     0 
  345   545   751   293   416   423   694  1132   187   335   355   577   465   294   517    99   591   820   359   624   537   600   388   678   584   624  1207   428   390   699     0   358   859   607   708   370   380   271   625   661   427  1150   126   253   462   264   178     0 
   14   245   398    65   290   190   374   797   259    90   121   219   180   233   200   286   251   465     1   305   272   262    86   331   229   318   887   110   291   420   358     0   502   261   432   108    93    87   349   314    98   856   344   366   115   354   242     0 
  515   381   174   567   642   503   277   368   744   535   531   283   441   674   379   786   321    65   501   311   433   287   482   207   276   335   499   444   665   381   859   502     0   293   389   509   493   589   393   256   440   543   827   825   401   808   732     0 
  275   305   146   321   349   363   331   647   466   330   344   125   309   386   266   522    28   285   260   296   365   229   286   227   143   326   765   264   372   432   607   261   293     0   444   321   300   344   390    54   251   775   605   537   210   518   458     0 
  436   187   457   477   703   286   124   465   678   393   363   324   257   664   233   674   465   325   432   150   173   217   354   232   304   124   509   322   712    13   708   432   389   444     0   354   354   488    85   459   333   442   624   794   330   783   658     0 
  104   177   440   128   396    84   324   762   324    38    23   237    98   325   146   323   319   461   109   253   184   233    35   313   238   256   839    65   395   344   370   108   509   321   354     0    21   136   269   370    73   792   319   442   116   433   303     0 
   91   173   420   123   383    96   317   753   324    45    43   219    97   318   138   328   298   447    94   246   187   221    14   300   220   251   833    49   384   344   380    93   493   300   354    21     0   134   270   350    54   789   334   440    97   430   303     0 
   74   306   484    23   288   216   446   876   190    98   134   306   231   197   267   201   331   551    88   376   319   341   136   413   315   384   962   173   280   478   271    87   589   344   488   136   134     0   404   398   167   923   264   307   195   298   169     0 
  353   106   427   392   625   202   118   530   593   308   278   265   173   581   154   590   407   329   349    98    89   161   270   204   247    67   586   239   633    75   625   349   393   390    85   269   270   404     0   412   251   526   545   709   251   699   573     0 
  329   336    95   375   388   407   340   618   518   381   393   156   350   435   302   575    73   258   313   316   397   251   336   231   170   347   741   311   413   446   661   314   256    54   459   370   350   398   412     0   299   761   659   584   257   565   510     0 
  104   146   367   151   379   120   279   710   353    96    96   164    88   331   102   368   251   395    99   209   177   174    42   250   166   220   795    16   384   322   427    98   440   251   333    73    54   167   251   299     0   759   387   464    43   452   334     0 
  863   617   705   908  1098   728   483   246  1111   830   803   687   694  1083   657  1114   802   511   856   550   614   601   787   557   668   539   144   751  1113   451  1150   856   543   775   442   792   789   923   526   761   759     0  1064  1222   744  1209  1092     0 
  330   480   741   286   486   350   629  1068   270   292   298   549   402   364   461   186   594   780   346   561   459   551   345   632   553   556  1131   383   465   617   126   344   827   605   624   319   334   264   545   659   387  1064     0   364   427   371   253     0 
  360   609   680   317   227   522   740  1153   122   405   439   561   537   151   566   180   512   803   366   672   626   626   440   686   576   684  1250   473   196   783   253   366   825   537   794   442   440   307   709   584   464  1222   364     0   480    21   145     0 
  125   145   324   176   375   154   261   682   374   136   139   122   109   340    97   397   213   358   115   194   189   147    84   218   125   210   772    54   383   317   462   115   401   210   330   116    97   195   251   257    43   744   427   480     0   466   357     0 
  348   597   661   307   206   514   727  1137   118   396   431   544   527   133   554   186   493   786   354   659   616   612   429   671   560   672  1236   461   175   772   264   354   808   518   783   433   430   298   699   565   452  1209   371    21   466     0   142     0 
  233   475   604   184   240   380   614  1039    23   265   298   454   400   116   436    79   438   701   242   544   487   504   305   572   467   553  1129   341   216   647   178   242   732   458   658   303   303   169   573   510   334  1092   253   145   357   142     0     0 
    0     0     0     0     0     0     0     0     0     0     0     0     0     0     0     0     0     0     0     0     0     0     0     0     0     0     0     0     0     0     0     0     0     0     0     0     0     0     0     0     0     0     0     0     0     0     0     0 
