DIMENSION: 47
N: 15
M: 15
K: 2

SERVICE: 
278 62 567 203 365 122 430 140 299 30 314 161 210 118 343 

DIST MATRIX: 
    0   395   533   387   566   478   529   702   530   729    93   655   423   562   529   399   322   444   210   410   448   331   228   445   678   481   329   256   122   212   413   551   377    86   143   384   657   178   599   766   643   430   139   150   388   355   744     0 
  101     0   436    69   718   543   209   700   703   705   380   654   480   429   405   551   320    82   452    92   146   346   303   236   921   173   190   343   304   434   310   429    99   426   247    23   627   225   300   972   290   199   495   279   739   716   782     0 
  365   261     0   260   935   742   223   840   931   830   657   800   686   535   527   784   543   196   719   262   263   567   558   333  1165   250   385   590   569   698   484   544   304   699   515   256   760   488   221  1199   122   307   773   552  1016   992   936     0 
  273   318   705     0   978   812   412   972   959   975   577   926   749   692   671   807   588   253   676   344   388   613   553    77  1161   401   191   597   411   663   582   694   367   548   376   261   898   342   104  1225   396    92   658   504   905   835  1054     0 
  476   397    59   510     0   168   376   260   378   267   422   214   143   111    91   272   175   472   366   375   345   164   268   674   627   350   598   241   553   344   130    94   346   579   512   452   189   523   724   628   509   637   535   351   682   762   345     0 
  533   462   110   572   310     0   443   199   328   213   444   152   123   160   149   243   216   537   371   440   412   199   302   734   576   417   655   268   593   351   194   144   410   605   556   515   136   570   790   569   575   698   548   387   671   764   280     0 
  424   396   204   487   300   127     0   334   293   359   287   287    63   251   222   153   101   476   218   383   374    75   158   636   533   391   542   117   448   197   166   235   345   449   418   438   287   437   721   562   572   603   392   241   534   614   389     0 
  771   670   287   790   437   340   601     0   478    94   706   163   374   295   316   466   475   736   627   643   601   460   564   958   690   594   893   531   853   609   422   293   623   868   814   729   136   824   982   632   704   920   806   649   900  1011   218     0 
  418   464   405   513   334   273   552   501     0   535   139   458   234   449   418   172   224   536    22   464   478   214   169   623   471   505   512   148   344    28   331   434   422   290   340   483   472   370   749   545   689   598   200   187   339   411   527     0 
  746   666   282   781   316   248   624    21   359     0   634    65   297   310   321   365   428   739   542   643   608   408   508   945   567   607   868   469   799   527   402   302   616   797   766   722    86   781   990   512   743   909   721   592   793   914   107     0 
  118    86   369   151   632   460   219   625   618   633     0   578   396   369   342   466   236   154   374    97   140   262   220   308   837   172   237   259   283   355   237   367    67   387   225   105   555   214   386   887   332   272   436   206   674   667   703     0 
  772   725   375   828   173   222   715   153   222   197   592     0   286   418   416   289   445   802   483   706   681   420   502   982   403   688   891   458   782   474   459   405   672   750   759   774   214   781  1054   346   846   948   653   580   677   816    87     0 
  546   451    64   568   394   213   403   215   416   209   507   177     0    91   100   334   259   521   448   426   388   249   352   736   662   386   668   326   635   426   197    81   402   664   593   509   136   602   771   647   525   698   619   435   757   843   313     0 
  403   322    89   434   415   217   311   335   420   341   382   289   171     0    85   294   126   397   346   300   273   125   219   599   667   281   525   203   492   322    55   105   270   531   448   376   263   456   650   680   448   562   503   298   673   737   420     0 
  789   696   309   814   399   324   636   104   442    62   702   139   366   325     0   445   482   765   616   670   630   465   567   981   645   626   911   532   859   599   440   320   648   865   822   754   130   835  1013   583   745   944   795   653   875   994   167     0 
  535   535   331   614   174   129   582   345   152   383   306   307   129   383   359     0   242   614   194   526   522   218   254   748   382   541   644   210   504   187   318   366   486   462   490   571   332   516   851   421   723   718   365   316   435   549   358     0 
  327   296   211   387   399   225   345   412   390   429   256   364   161   244   211   242     0   376   231   285   281    26    94   537   623   302   447    81   378   206   107   231   245   406   340   337   353   354   620   659   486   504   379   176   562   615   479     0 
  176    79   458    88   775   592   168   729   765   729   461   685   531   441   422   614   376     0   529    97   136   401   373   241   989   149   233   410   382   509   344   444   131   507   326    60   653   301   252  1034   216   203   577   358   820   798   817     0 
  405   458   418   502   355   293   551   522   320   555   118   478   252   461   429   194   231   529     0   459   475   222   167   608   487   503   496   152   324    25   338   446   418   268   322   475   491   353   737   563   686   584   179   175   332   396   549     0 
  184    30   362   151   683   497   126   633   675   633   408   588   437   349   328   526   285    97   459     0    55   310   296   319   905    83   281   328   374   438   247   351    42   484   316    90   557   300   349   944   235   281   532   299   768   764   720     0 
  237    85   325   203   672   480    81   599   667   596   437   556   423   306   288   522   281   136   475    55     0   304   309   370   903    33   336   336   422   453   223   310    72   525   364   143   522   350   383   935   211   331   564   325   793   800   690     0 
  352   322   206   412   374   200   366   392   365   411   260   344   136   242   210   218    26   401   222   310   304     0   104   562   599   324   471    79   394   198   118   229   271   415   358   363   335   373   646   634   508   529   379   189   553   612   456     0 
  282   298   305   362   426   282   384   491   406   512   164   443   219   337   303   254    94   373   167   296   309   104     0   494   618   336   393    45   292   144   192   325   254   312   260   324   437   279   600   672   520   464   291    85   493   530   547     0 
  213   291   672   169   921   762   408   933   899   939   505   886   698   665   642   748   537   241   608   319   370   562   494     0  1094   388   116   539   334   596   544   665   335   471   301   230   862   267   175  1162   419    38   582   439   828   757  1011     0 
  888   912   683   979   269   458   963   551   249   596   597   543   496   734   718   382   623   989   487   905   903   599   618  1094     0   923   982   579   799   498   698   718   864   703   806   942   592   838  1217   130  1105  1069   572   657   442   612   485     0 
  267   112   325   224   687   493    49   600   684   595   468   558   438   301   287   541   302   149   503    83    33   324   336   388   923     0   362   360   454   480   234   307   105   558   396   167   521   382   388   951   185   350   596   356   823   832   693     0 
  122   251   605   145   818   669   394   854   794   865   390   806   605   606   579   644   447   233   496   281   336   471   393   116   982   362     0   438   220   485   471   604   283   358   186   195   787   152   278  1054   443   104   467   330   714   649   926     0 
  326   333   285   404   382   239   407   452   363   475   181   404   177   321   289   210    81   410   152   328   336    79    45   539   579   360   438     0   331   127   188   308   287   338   302   363   402   322   642   630   545   509   300   124   483   534   505     0 
  206   352   581   309   675   567   499   782   642   804   206   734   507   600   568   504   378   382   324   374   422   394   292   334   799   454   220   331     0   321   449   592   350   138    58   324   729    81   497   885   594   324   251   207   495   431   834     0 
  391   437   395   485   354   279   528   507   321   539   119   463   234   437   406   187   206   509    25   438   453   198   144   596   498   480   485   127   321     0   313   422   396   276   315   456   474   345   722   571   664   571   197   159   356   418   538     0 
  349   268   136   379   453   258   269   390   454   396   357   344   205   151   119   318   107   344   338   247   223   118   192   544   698   234   471   188   449   313     0   143   216   499   402   321   318   408   596   719   409   507   483   263   669   720   474     0 
  484   377    35   497   453   260   322   296   469   288   487   258   237    17    25   366   231   444   446   351   310   229   325   665   718   307   604   308   592   422   143     0   330   636   545   436   216   551   693   713   444   627   608   402   769   840   394     0 
  173    52   338   167   644   461   153   605   635   608   370   560   400   330   307   486   245   131   418    42    72   271   254   335   864   105   283   287   350   396   216   330     0   453   292   107   531   280   382   905   273   297   496   259   729   729   690     0 
  334   466   618   441   620   551   606   778   581   806   163   732   500   647   614   462   406   507   268   484   525   415   312   471   703   558   358   338   138   276   499   636   453     0   185   448   736   216   636   801   713   462   132   235   361   295   814     0 
  150   294   536   256   664   541   441   749   634   769   209   702   479   553   521   490   340   326   322   316   364   358   260   301   806   396   186   302    58   315   402   545   292   185     0   267   692    34   457   885   537   286   282   179   530   480   807     0 
  119    61   445    61   736   559   199   711   723   715   403   666   497   435   413   571   337    60   475    90   143   363   324   230   942   167   195   363   324   456   321   436   107   448   267     0   638   244   282   992   271   192   517   302   761   738   795     0 
  665   581   196   696   327   204   538    80   362    78   574    52   239   225   235   332   353   653   491   557   522   335   437   862   592   521   787   402   729   474   318   216   531   736   692   638     0   706   905   554   659   825   670   523   767   876   181     0 
  125   276   544   228   690   561   426   765   662   783   242   717   498   557   526   516   354   301   353   300   350   373   279   267   838   382   152   322    81   345   408   551   280   216    34   244   706     0   423   915   515   252   316   202   564   511   826     0 
  333   329   708   238  1018   841   386   981  1003   980   647   937   779   688   672   851   620   252   737   349   383   646   600   175  1217   388   278   642   497   722   596   693   382   636   457   282   905   423     0  1272   336   174   738   563   987   927  1069     0 
  951   955   679  1034   265   464   988   499   270   542   679   502   514   728   717   421   659  1034   563   944   935   634   672  1162   130   951  1054   630   885   571   719   713   905   801   885   992   554   915  1272     0  1127  1134   674   724   567   736   416     0 
  390   248   471   301   862   665   141   739   863   725   643   702   614   434   430   723   486   216   686   235   211   508   520   419  1105   185   443   545   594   664   409   444   273   713   537   271   659   515   336  1127     0   387   768   533  1002   998   838     0 
  183   252   635   131   890   728   370   897   870   903   485   850   664   627   604   718   504   203   584   281   331   529   464    38  1069   350   104   509   324   571   507   627   297   462   286   192   825   252   174  1134   387     0   568   412   816   752   976     0 
  416   521   583   524   509   473   645   701   467   734   130   658   431   621   588   365   379   577   179   532   564   379   291   582   572   596   467   300   251   197   483   608   496   132   282   517   670   316   738   674   768   568     0   241   249   240   724     0 
  231   292   386   327   490   362   406   575   464   597   112   527   301   413   379   316   176   358   175   299   325   189    85   439   657   356   330   124   207   159   263   402   259   235   179   302   523   202   563   724   533   412   241     0   469   480   629     0 
  664   760   738   772   506   564   872   772   457   814   360   738   548   785   755   435   562   820   332   768   793   553   493   828   442   823   714   483   495   356   669   769   729   361   530   761   767   564   987   567  1002   816   249   469     0   170   761     0 
  627   750   813   735   651   672   881   893   602   932   370   855   643   854   822   549   615   798   396   764   800   612   530   757   612   832   649   534   431   418   720   840   729   295   480   738   876   511   927   736   998   752   240   480   170     0   896     0 
  805   741   369   851   260   267   714   103   308   135   653   136   328   404   409   358   479   817   549   720   690   456   547  1011   485   693   926   505   834   538   474   394   690   814   807   795   181   826  1069   416   838   976   724   629   761   896     0     0 
    0     0     0     0     0     0     0     0     0     0     0     0     0     0     0     0     0     0     0     0     0     0     0     0     0     0     0     0     0     0     0     0     0     0     0     0     0     0     0     0     0     0     0     0     0     0     0     0 
