
NameOfInst: Instances_M/sf_data/sfsarp-10-10-1.txt
RunningScen: 1A
Instance Name: sfsarp-10-10-1
Instance type: sf_data
K: 2
Service: 0.0833333

Time windows: 
0: 14 - 14
1: 13.1 - 13.1
2: 15.3667 - 15.3667
3: 11.0167 - 11.0167
4: 12.4333 - 12.4333
5: 12.2333 - 12.2333
6: 10.4167 - 10.4167
7: 16.55 - 16.55
8: 11.3 - 11.3
9: 14.5833 - 14.5833
10: 0 - 24
11: 0 - 24
12: 0 - 24
13: 0 - 24
14: 0 - 24
15: 0 - 24
16: 0 - 24
17: 0 - 24
18: 0 - 24
19: 0 - 24
20: 0 - 24
21: 0 - 24
22: 0 - 24
23: 0 - 24
24: 0 - 24
25: 0 - 24
26: 0 - 24
27: 0 - 24
28: 0 - 24
29: 0 - 24
30: 0 - 24
31: 0 - 24
32: 0 - 24
33: 0 - 24
Profits: 
0: 3.34061
1: 3.50457
2: 4.63455
3: 3.25187
4: 3.85558
5: 4.41581
6: 5.94827
7: 3.62002
8: 3.32248
9: 5.27912
10: 5.97139
11: 3.86127
12: 3.86127
13: 3.06839
14: 2.89771
15: 4.7179
16: 4.40349
17: 2.76867
18: 4.97353
19: 3.15477
20: 0
21: 0
22: 0
23: 0
24: 0
25: 0
26: 0
27: 0
28: 0
29: 0
30: 0
31: 0
32: 0
33: 0
Dist Matrix: 
         0    3.02089    1.23975    2.26111    3.80533   0.344042    1.38416    2.09843    1.90926    4.25252    7.03711    1.90179    1.90179    3.54762    2.04087     1.9706    3.40115    3.68737    3.80716     2.4434    3.17528    2.90619    2.90619    3.44265    2.04104   0.613864    1.62751    3.66986    2.86512    1.98009    5.02399    5.02399          0          0 
   3.29318          0    2.84154    1.97867    1.64389    3.13555    3.69702    3.49896    5.06149    2.10468    5.97745    2.67037    2.67037    3.30891    3.92918     3.3904    3.47736    1.54353    1.80273    1.46363    2.91066    1.64135    1.64135    2.92223    3.76004    3.11487    2.38195    1.50945     3.7805    1.63752    3.06388    3.06388          0          0 
   3.26971    1.10126          0    1.30257   0.434171    3.09927    4.15351    4.20997    5.29429    3.40652    7.27043     1.9964     1.9964    2.08597    3.20747     2.6508    2.30069   0.303498   0.544377   0.998242    3.98311   0.647594   0.647594    1.69052    3.01988    3.34414    1.93556    0.27255    2.77658    1.48136     4.3671     4.3671          0          0 
   2.10531     1.5304    1.17432          0    1.57363    1.93964     3.2488    3.52906    4.18535    3.79149     7.4467   0.734531   0.734531    1.70895    1.99275    1.43901    1.74778    1.47065    1.54716   0.514266    3.75551   0.660637   0.660637    1.42688    1.81356     2.3338   0.675485    1.46072    1.83748   0.688639    4.75516    4.75516          0          0 
   3.27685    2.15159     2.2415    1.26245          0    3.11957    4.48971    4.75679    5.36007    4.53089     8.3502    1.59964    1.59964   0.903651     2.5099     2.0093    1.15307    1.08524   0.926183    1.44041    4.84415    0.91552    0.91552   0.510769    2.32351    3.56606    1.83034    1.10701    1.79621    1.86418    5.50159    5.50159          0          0 
    2.2333    1.02111    1.48094   0.513068    1.42145          0    3.17023    3.32819    4.26009    3.29304    6.99278     1.2011     1.2011    2.11545    2.46447    1.92018    2.19892     1.2971    1.45317  0.0416427    3.38027   0.607001   0.607001    1.78476    2.29174    2.32237   0.976427    1.27638    2.34861   0.458075    4.26062    4.26062          0          0 
   3.33922    3.14834    2.28137    1.82783    2.23326    3.21491          0    5.19571    5.31832    5.51934    9.24987    1.66081    1.66081   0.272471    1.91511    1.60808  0.0970176    2.23849    2.07516    2.23911    5.56505    1.87615    1.87615   0.644122    1.76672    3.79604    2.09091    2.25924   0.923271    2.50049    6.49222    6.49222          0          0 
   2.81651    3.77983    3.66363    4.14028    5.19169    2.85532    1.41381          0    2.52111    3.19675    4.55961    4.20319    4.20319    5.81258    4.74834    4.55781    5.76419     5.0607    5.28184    3.96327    1.39979    4.52963    4.52963    5.57715    4.71681    2.19705    3.76003    5.03007    5.43197    3.51005    3.47558    3.47558          0          0 
   1.94723    4.56299    2.99738    4.02429    5.53545    2.10818    1.37279    2.10792          0    5.13566    6.99372    3.65931    3.65931    5.27355    3.49503    3.60338    5.09812    5.41292    5.55052     4.1573    3.56356    4.65299    4.65299     5.1975     3.5621    1.82821     3.3983    5.39277    4.46195    3.66923    5.68088    5.68088          0          0 
   3.46257    1.31297    2.60593    1.45159   0.204213    3.29239    4.37582    4.43964    5.49986          0    7.45094    2.11845    2.11845    2.02323    3.29704    2.74453    2.26065  0.0754966   0.332406    1.19904    4.20422   0.774877   0.774877    1.62912    3.10785    3.55682    2.09876  0.0425663    2.79794    1.69075    4.53089    4.53089          0          0 
   7.04851    6.20529    7.54823    7.43728       7.62    7.01951    5.90322    5.05297    7.05468    3.88306          0    7.85483    7.85483     9.1034    8.80106    8.43966    9.18829    7.52095    7.78018    7.01297    3.89325    7.44765    7.44765     8.7522    8.70969    6.42496    7.39473    7.48682    9.17925     6.7836    2.97881    2.97881          0          0 
    1.7325    2.21265   0.662792   0.723838     2.2319    1.59075    3.09545    3.54355    3.79225     4.3468    7.85483          0          0    1.66757    1.26455   0.720069    1.57025    2.14423    2.17284    1.21503    4.04321    1.35093    1.35093    1.54093    1.09065    2.14027    0.46756    2.13976    1.32535    1.14076    5.28976    5.28976          0          0 
    1.7325    2.21265   0.662792   0.723838     2.2319    1.59075    3.09545    3.54355    3.79225     4.3468    7.85483          0          0    1.66757    1.26455   0.720069    1.57025    2.14423    2.17284    1.21503    4.04321    1.35093    1.35093    1.54093    1.09065    2.14027    0.46756    2.13976    1.32535    1.14076    5.28976    5.28976          0          0 
   3.38412    2.96104    2.31441    1.72314    1.97693     3.2507    4.76048    5.16434    5.40036    5.34128     9.1034    1.66757    1.66757          0    2.09171    1.72914   0.315003    1.98842     1.8157    2.09289    5.46352    1.68474    1.68474   0.395652    1.93113    3.80615    2.06627    2.01057    1.14428    2.39754    6.31472    6.31472          0          0 
   1.93944    3.46847    1.26878    1.98384    3.37734    1.89351    3.42423    4.08744    3.60069    5.49424    8.80106    1.26455    1.26455    2.09171          0   0.558006    1.82438    3.30977    3.28515    2.47931    4.91499     2.5623     2.5623    2.20781   0.190011     2.5515    1.58266    3.31156    1.03104    2.34426     6.4065     6.4065          0          0 
   1.83273    2.93262   0.913025     1.4309    2.83063    1.74114    3.31298    3.89114    3.72276     5.0264    8.43966   0.720069   0.720069    1.72914   0.558006          0    1.51145    2.75935    2.74463    1.93289    4.57869    2.00496    2.00496    1.76804   0.374741    2.38302    1.09324    2.76013   0.895785    1.83771    5.95613    5.95613          0          0 
    3.2437    3.10456    2.18717      1.759    2.23288    3.12007    4.65859    5.10812    5.22132    5.47002    9.18829    1.57025    1.57025   0.315003    1.82438    1.51145          0     2.2324    2.07833    2.18152    5.49143    1.83694    1.83694   0.648854    1.67394     3.7034     2.0042    2.25195    0.84295    2.42955    6.44235    6.44235          0          0 
   3.51382    1.38816    2.64446    1.48877   0.131513    3.34382    4.44118      4.511    5.55632    3.64591    7.52095    2.14423    2.14423    1.98842    3.30977    2.75935     2.2324          0   0.259795    1.25606    4.27972   0.810031   0.810031    1.59589    3.12022    3.61706    2.13943  0.0345365    2.78841    1.75043    4.59775    4.59775          0          0 
   3.63193    1.64234    2.71627     1.5667   0.175129    3.46314    4.61962    4.72121    5.69305    3.90412    7.78018    2.17284    2.17284     1.8157    3.28515    2.74463    2.07833   0.259795          0    1.41153     4.5274   0.901068   0.901068    1.43163    3.09515    3.77301    2.22263   0.294215      2.691     1.9112    4.85423    4.85423          0          0 
   2.27219     1.0162     1.5105   0.516302    1.38021    2.10173    3.21177    3.36762    4.30084    3.30388    7.01297    1.21503    1.21503    2.09289    2.47931    1.93289    2.18152    1.25606    1.41153          0    3.41036   0.567556   0.567556    1.75847     2.3053    2.36385    1.00394     1.2355    2.34595   0.499718    4.27255    4.27255          0          0 
   3.17096    2.89963     3.6746    3.74205    4.40387    3.13201    2.24378    1.45857    3.66841    1.80126    3.89325    4.04321    4.04321    5.46352    4.91499    4.57869    5.49143    4.27972     4.5274    3.41036          0    3.93519    3.93519    5.15788    4.83102    2.56184    3.57593    4.24608    5.36352    3.06715    2.13249    2.13249          0          0 
   2.73089    1.27631    1.83471   0.678849   0.914344    2.56219     3.7621    3.93514    4.79512    3.65764    7.44765    1.35093    1.35093    1.68474     2.5623    2.00496    1.83694   0.810031   0.901068   0.567556    3.93519          0          0    1.31208    2.37541    2.88987    1.33156   0.800547    2.19225    1.05213    4.63098    4.63098          0          0 
   2.73089    1.27631    1.83471   0.678849   0.914344    2.56219     3.7621    3.93514    4.79512    3.65764    7.44765    1.35093    1.35093    1.68474     2.5623    2.00496    1.83694   0.810031   0.901068   0.567556    3.93519          0          0    1.31208    2.37541    2.88987    1.33156   0.800547    2.19225    1.05213    4.63098    4.63098          0          0 
   3.27276     2.5855    2.20357    1.44354    1.58914    3.12795    4.58932    4.93941    5.32908     4.9687     8.7522    1.54093    1.54093   0.395652    2.20781    1.76804   0.648854    1.59589    1.43163    1.75847    5.15788    1.31208    1.31208          0    2.03131    3.64247    1.88161    1.61735    1.37031    2.10695    5.94183    5.94183          0          0 
   1.92627    3.30084    1.16234    1.80529    3.18745    1.86432    3.41744    4.05277    3.67251    5.35891    8.70969    1.09065    1.09065    1.93113   0.190011   0.374741    1.67394    3.12022    3.09515     2.3053    4.83102    2.37541    2.37541    2.03131          0    2.52156    1.43304    3.12216   0.914065     2.1898    6.27886    6.27886          0          0 
  0.635466    2.74176    1.52532    2.31315    3.74295   0.658282   0.955436    1.53637    1.97288    3.70296    6.42496    2.14027    2.14027    3.80615     2.5515    2.38302     3.7034    3.61706    3.77301    2.36385    2.56184    2.88987    2.88987    3.64247    2.52156          0    1.76142    3.59483    3.27187    1.86668    4.44125    4.44125          0          0 
   1.45134    1.91781   0.512188   0.655953    2.24591    1.29093    2.70802    3.10515    3.53664    3.93319    7.39473    0.46756    0.46756    2.06627    1.58266    1.09324     2.0042    2.13943    2.22263    1.00394    3.57593    1.33156    1.33156    1.88161    1.43304    1.76142          0    2.12762    1.78985   0.763582    4.86432    4.86432          0          0 
   3.49659    1.35397    2.63378    1.47861   0.161678    3.32648    4.41591    4.48173    5.53627    3.61208    7.48682    2.13976    2.13976    2.01057    3.31156    2.76013    2.25195  0.0345365   0.294215     1.2355    4.24608   0.800547   0.800547    1.61735    3.12216    3.59483    2.12762          0    2.80013    1.72844    4.56431    4.56431          0          0 
    2.7285    3.35387    1.76853    1.83951    2.82115    2.63529    4.20713     4.7656    4.57576    5.61831    9.17925    1.32535    1.32535    1.14428    1.03104   0.895785    0.84295    2.78841      2.691    2.34595    5.36352    2.19225    2.19225    1.37031   0.914065    3.27187    1.78985    2.80013          0    2.42529    6.57491    6.57491          0          0 
   1.81351    1.17547    1.20401   0.674917    1.87633    1.64384    2.71351    2.89854    3.81321    3.20722     6.7836    1.14076    1.14076    2.39754    2.34426    1.83771    2.42955    1.75043     1.9112   0.499718    3.06715    1.05213    1.05213    2.10695     2.1898    1.86668   0.763582    1.72844    2.42529          0    4.15482    4.15482          0          0 
   4.97142    3.35649    5.14407    4.74994    4.68835    4.88513    4.33208    3.58654    5.79065   0.973434    2.97881    5.28976    5.28976    6.31472     6.4065    5.95613    6.44235    4.59775    4.85423    4.27255    2.13249    4.63098    4.63098    5.94183    6.27886    4.44125    4.86432    4.56431    6.57491    4.15482          0          0          0          0 
   4.97142    3.35649    5.14407    4.74994    4.68835    4.88513    4.33208    3.58654    5.79065   0.973434    2.97881    5.28976    5.28976    6.31472     6.4065    5.95613    6.44235    4.59775    4.85423    4.27255    2.13249    4.63098    4.63098    5.94183    6.27886    4.44125    4.86432    4.56431    6.57491    4.15482          0          0          0          0 
         0          0          0          0          0          0          0          0          0          0          0          0          0          0          0          0          0          0          0          0          0          0          0          0          0          0          0          0          0          0          0          0          0          0 
         0          0          0          0          0          0          0          0          0          0          0          0          0          0          0          0          0          0          0          0          0          0          0          0          0          0          0          0          0          0          0          0          0          0 
Version identifier: 12.10.0.0 | 2019-11-26 | 843d4de
CPXPARAM_Threads                                 1
CPXPARAM_TimeLimit                               7200
Tried aggregator 1 time.
MIP Presolve eliminated 0 rows and 4 columns.
MIP Presolve modified 396 coefficients.
Reduced MIP has 256 rows, 9816 columns, and 47888 nonzeros.
Reduced MIP has 9816 binaries, 0 generals, 0 SOSs, and 0 indicators.
Presolve time = 0.06 sec. (40.89 ticks)
Found incumbent of value 31.907936 after 0.18 sec. (99.03 ticks)
Tried aggregator 1 time.
Detecting symmetries...
Reduced MIP has 256 rows, 9816 columns, and 47888 nonzeros.
Reduced MIP has 9816 binaries, 0 generals, 0 SOSs, and 0 indicators.
Presolve time = 0.05 sec. (31.72 ticks)
Probing time = 0.03 sec. (14.47 ticks)
Clique table members: 19512.
MIP emphasis: balance optimality and feasibility.
MIP search method: dynamic search.
Parallel mode: none, using 1 thread.
Root relaxation solution time = 0.04 sec. (41.65 ticks)

        Nodes                                         Cuts/
   Node  Left     Objective  IInf  Best Integer    Best Bound    ItCnt     Gap

*     0+    0                           31.9079    40746.5191              --- 
      0     0       53.4428    24       31.9079       53.4428      420   67.49%
*     0+    0                           52.1146       53.4428             2.55%
*     0+    0                           53.4428       53.4428             0.00%
      0     0        cutoff             53.4428       53.4428      420    0.00%
Elapsed time = 0.49 sec. (337.13 ticks, tree = 0.01 MB, solutions = 3)

Root node processing (before b&c):
  Real time             =    0.49 sec. (337.75 ticks)
Sequential b&c:
  Real time             =    0.00 sec. (0.00 ticks)
                          ------------
Total (root+branch&cut) =    0.49 sec. (337.75 ticks)

Sol status: Optimal
 Tree_Size: 1
 Total Time: 0.46
 LB: 53.4428
 UB: 53.4428

Obj Val: 53.4428389016844

Solve Time: 0.46

x(21, 107, 0)
x(25, 112, 0)
x(40, 57, 0)
x(57, 21, 0)
x(66, 40, 0)
x(107, 25, 0)
x(110, 66, 0)
x(6, 77, 1)
x(53, 6, 1)
x(77, 113, 1)
x(89, 53, 1)
x(111, 89, 1)


Customer profit: 41.1728795238203
Parcel profit: 33.7122865803168
Costs: 21.4423272024527

Number of Vehicles: 2

Solution by nodes: 
Vehicle 0: 30 - 6 - 16 - 3 - 26 - 11 - 5 - 21 - 19 - 1 - 29 - 17 - 9 - 27 - 12 - 2 - 22 - 32 - Total time: 5.38112824186348
Vehicle 1: 31 - 10 - 8 - 20 - 18 - 4 - 28 - 15 - 0 - 25 - 7 - 33 - Total time: 5.76098025693587


Solution structure: 
Vehicle 0: S - d - P - d - D - P - d - D - P - d - D - P - d - D - P - d - D - f
Vehicle 1: S - P - d - D - P - d - D - P - d - D - d - f

Used vehicles: 2
Vehicle numbers: 0 1 

size of n: 10

size of m: 10

*************


Served parcels: 8

Unserved parcels: 2

*************

Total time: 4.51231149991213

Total passenger time: 0.465480991029257

Total parcel time: 1.99969894814303

Total combined transportation time: 1.57657632706318

Total idle time: 0.47055523367666

*************

Total distance: 62.0047714963973

Total passenger distance: 5.41805396553287

Total parcel distance: 27.3209902071975

Total combined transportation distance: 9.97296274292383

Total idle distance: 19.2927645807431

*************

Waiting time passenger: 4.86212211136786

Waiting time goods: 6.62556638872

Total waiting time: 11.4876885000879

NameOfInst: Instances_M/sf_data/sfsarp-10-10-2.txt
RunningScen: 1A
Instance Name: sfsarp-10-10-2
Instance type: sf_data
K: 2
Service: 0.0833333

Time windows: 
0: 13.4333 - 13.4333
1: 12.25 - 12.25
2: 14.6167 - 14.6167
3: 16.7667 - 16.7667
4: 15.5667 - 15.5667
5: 12.0667 - 12.0667
6: 9.65 - 9.65
7: 10.3333 - 10.3333
8: 11.5333 - 11.5333
9: 16.55 - 16.55
10: 0 - 24
11: 0 - 24
12: 0 - 24
13: 0 - 24
14: 0 - 24
15: 0 - 24
16: 0 - 24
17: 0 - 24
18: 0 - 24
19: 0 - 24
20: 0 - 24
21: 0 - 24
22: 0 - 24
23: 0 - 24
24: 0 - 24
25: 0 - 24
26: 0 - 24
27: 0 - 24
28: 0 - 24
29: 0 - 24
30: 0 - 24
31: 0 - 24
32: 0 - 24
33: 0 - 24
Profits: 
0: 4.80047
1: 4.37353
2: 4.42452
3: 3.38183
4: 3.25969
5: 5.01934
6: 3.57132
7: 4.38807
8: 3.55272
9: 3.62002
10: 4.50492
11: 5.34282
12: 2.96796
13: 2.77533
14: 4.82067
15: 3.22097
16: 16.611
17: 4.44035
18: 18.7672
19: 2.81066
20: 0
21: 0
22: 0
23: 0
24: 0
25: 0
26: 0
27: 0
28: 0
29: 0
30: 0
31: 0
32: 0
33: 0
Dist Matrix: 
         0    1.76311    6.98786    1.91994    3.23658     3.8535    1.77813     3.5447     3.4682     2.5925    3.47442    2.61575    19.5175    3.82029    2.24898   0.967131    19.4164     2.5347    21.7577    3.17758    3.75649     3.5481    19.4794    3.78875    3.11495    1.42636    4.60323    3.08436      3.253    3.12341    5.66655    5.66655          0          0 
   6.36968          0    7.35585    1.90252    3.06006    7.49016    3.00808   0.188243   0.721472    3.89957    1.59562     3.0595    19.2186   0.475121    3.05443    3.08421     19.047    2.42532    18.5428   0.466068   0.536955   0.216705    19.1305   0.436004   0.573946     3.3201    2.35862   0.554364   0.853132   0.533539    4.18314    4.18314          0          0 
   6.16159    4.39836          0    4.28096    2.35291    7.01457    6.31703    5.45187    5.88307    2.44398    3.76326    2.68327    14.5172    5.81761    2.96522    4.18385    14.4039    6.54821    18.8063    5.10546    5.86186    5.48318    14.4702    5.77686    4.93828    3.62951    3.60432    5.15165    5.84127    5.02589     2.5381     2.5381          0          0 
   4.62328   0.407339    6.11704          0    1.73735    5.74833    2.44813    1.95327    2.16035    2.06516      1.439    1.38377    18.4498    2.32042    1.22196    1.22382    18.3139    2.51778     19.721    1.52467    2.30574    1.97193    18.3871    2.27937    1.39116    1.35892    2.58817    1.49105    2.03044    1.44418    3.88171    3.88171          0          0 
   5.25528    2.10982    4.44923    1.96717          0    6.31507    4.12917    3.11495     3.5179    1.34689    1.53062   0.651614    16.7312    3.49105    1.01486    2.27218    16.5958    4.23171    18.9093    2.74568    3.52436    3.14483    16.6688    3.44918    2.57812    1.88465    1.97837    2.78336    3.46577    2.66391    2.45107    2.45107          0          0 
   2.01951    2.51402    7.26554    2.66779    3.82449          0    2.20309     4.2833    4.17955    2.98329    4.20346     3.1858    19.7859    4.54729    2.81704    1.62442    19.6987    3.06126    22.4833    3.92381    4.47907    4.28542    19.7575    4.51712    3.86496    1.94978    5.31438    3.82804    3.95932    3.87142    6.27913    6.27913          0          0 
   4.55816    1.75165    8.20469    1.89377    3.87736     5.6069          0     2.2756    1.93392    3.90623    3.20802    3.45216    20.5896    2.38213    3.18825    2.21605    20.4554   0.514239    20.9839    2.10566    2.28357    2.26076    20.5282    2.36747    2.15652    2.77026    4.34856    1.98147    1.70792    2.10552    5.91779    5.91779          0          0 
   4.55835     1.3838     7.8503    1.52018    3.50565    5.63495   0.856666          0    1.73997    3.58535    2.83726    3.09512    20.2184      2.169    2.84341    1.95035    20.0828   0.788023    20.7033    1.79738    2.07873    2.00332     20.156    2.14898      1.831    2.48231    3.98513    1.67454    1.51018    1.78783    5.53953    5.53953          0          0 
   6.65122    2.36097    7.84944    2.29952    3.56014    7.76292    3.05847    0.44219          0    4.37387    2.08855    3.54562     19.656   0.097407    3.52408    3.44937    19.4797    2.35622    18.5521   0.869717   0.197198   0.421086    19.5645   0.125157    1.01763    3.73317    2.76958   0.906293   0.770134    0.95262    4.61217    4.61217          0          0 
   4.34949    2.95588    3.78897    2.89349    1.58242    5.28406     4.6497    4.49913    4.80968          0    3.09776    1.39024    16.3192    4.88216    1.47012    2.43801    16.2202    5.03888    20.1114    4.08801     4.8934    4.52496    16.2824     4.8396    3.92744    1.85919    3.55861    4.09205    4.70439    4.00288    3.47558    3.47558          0          0 
   5.98978    1.77335    5.76102    1.59596    1.56501    7.10685    3.65206    1.72315    2.20989    2.66842          0    1.77805    17.7077    2.07073    1.93174    2.60931    17.5465    3.42671    18.2834    1.44745    2.12642    1.75596    17.6269    2.03148    1.29435    2.55297    1.17542     1.5301    2.22759    1.38269    2.75707    2.75707          0          0 
   4.61537    1.72016    4.75536    1.61513   0.642533    5.68494    3.65423     3.1098    3.43456   0.890582    1.77805          0    17.1654    3.49289   0.369472    1.66068    17.0408    3.86919    19.5398    2.70135      3.506    3.13593    17.1106    3.45032    2.53951    1.23712    2.49962    2.71007    3.34167    2.61628    3.10017    3.10017          0          0 
    19.938     18.838    12.5315    18.6984    16.7128     20.388    20.8193    19.3788    19.8985    16.9343    17.7077    17.1654          0      19.67    17.4721    18.6989   0.400285     20.957    18.9568    19.1535    19.7506    19.4122   0.274651    19.6375     19.002    18.1374    16.8908    19.2377     19.934    19.0903    15.0442    15.0442          0          0 
   6.55736    2.27864    7.83088    2.22128    3.52311    7.66842    2.96264   0.383098   0.456609     4.3143    2.07073    3.49289      19.67          0    3.46305    3.36462    19.4955    2.26657    18.6421   0.803108    0.11109   0.357495    19.5798  0.0425662   0.956923    3.65606       2.79   0.830349   0.675153   0.887316    4.62799    4.62799          0          0 
   4.28275     1.5004    5.02222    1.42608    1.00827    5.36394    3.35205    3.08265    3.35695   0.853867    1.93174   0.369472    17.4721    3.46305          0     1.2993     17.352    3.62701    19.8681    2.66092    3.46445    3.10614    17.4205    3.42075    2.50683   0.869853    2.77197    2.65267    3.24207    2.57621    3.46584    3.46584          0          0 
    3.4007    1.09565     6.1937     1.1959    2.27271    4.52512    2.21893    3.03275    3.09752    1.78431    2.60931    1.66068    18.6989    3.36462     1.2993          0    18.5876    2.71583    20.8705    2.62071    3.32447    3.04431    18.6536     3.3272    2.51837   0.579486    3.69577    2.55403    2.91355    2.55069     4.6996     4.6996          0          0 
   19.8909    18.7045    12.4366    18.5626     16.578    20.3613    20.6949     19.209    19.7312    16.8292    17.5465    17.0408   0.400285    19.4955     17.352    18.5876          0    20.8162    18.5587    18.9906    19.5775    19.2423   0.131682    19.4635    18.8406    18.0293     16.712    19.0765    19.7708    18.9285    14.8677    14.8677          0          0 
   5.00788    2.15001    8.62365    2.27162    4.25197    6.03439   0.910877    2.24389     1.8105    4.37332    3.42671    3.86919     20.957    2.26657    3.62701    2.71583    20.8162          0    20.9083    2.17001    2.15919    2.22266    20.8909    2.26086    2.25655    3.26073    4.52335    2.04861    1.60542    2.18996    6.17415    6.17415          0          0 
   24.1508    20.0272    18.6976    19.8574    18.9275    25.2238    21.5502    18.7086    19.0986    20.1827    18.2834    19.5398    18.9568    18.6421    19.8681    20.8705    18.5587    20.9083          0    18.9098    18.7491    18.7242    18.6891    18.6492    18.8959    20.6896    17.1759    19.0313    19.3099    18.9273    16.6364    16.6364          0          0 
   5.90621    1.52511     7.1468     1.4456    2.77638    7.02757    2.65159   0.428741   0.779219      3.513    1.44745    2.70135    19.1535   0.803108    2.66092    2.62071    18.9906    2.17001    18.9098          0   0.805605   0.448656    19.0716   0.761083    0.16758    2.87252    2.40386   0.124249   0.780507  0.0851347    4.16472    4.16472          0          0 
   6.49206    2.24481    7.88252    2.19569    3.55603     7.6007    2.86455    0.41029   0.351837    4.31728    2.12642      3.506    19.7506    0.11109    3.46445    3.32447    19.5775    2.15919    18.7491   0.805605          0   0.379699    19.6614   0.123203   0.966568    3.63101    2.87726   0.816105   0.575708   0.890728    4.71103    4.71103          0          0 
    6.2848     1.9517    7.50687    1.88368    3.17654    7.40147    2.83262  0.0333972   0.507035    3.95707    1.75596    3.13593    19.4122   0.357495    3.10614    3.04431    19.2423    2.22266    18.7242   0.448656   0.379699          0    19.3253    0.31501    0.59956    3.31542    2.56539   0.491388   0.638493   0.531857    4.38258    4.38258          0          0 
   19.9374    18.7771    12.4972    18.6358    16.6508    20.4015    20.7648     19.292    19.8135    16.8932    17.6269    17.1106   0.274651    19.5798    17.4205    18.6536   0.131682    20.8909    18.6891    19.0716    19.6614    19.3253          0    19.5477    18.9211    18.0943    16.7974     19.157    19.8519    19.0092    14.9524    14.9524          0          0 
    6.5261    2.24023    7.79119    2.18158    3.48122    7.63792    2.94747   0.340532   0.450636    4.27193    2.03148    3.45032    19.6375  0.0425662    3.42075     3.3272    19.4635    2.26086    18.6492   0.761083   0.123203    0.31501    19.5477          0   0.914497    3.61612    2.75998   0.789837   0.663195   0.845191    4.59629    4.59629          0          0 
    5.8339    1.42461    6.98072    1.33094    2.60884    6.95746    2.68767   0.575837   0.945507    3.35752    1.29435    2.53951     19.002   0.956923    2.50683    2.51837    18.8406    2.25655    18.8959    0.16758   0.966568    0.59956    18.9211   0.914497          0    2.74622    2.28567   0.236414   0.935286  0.0894926    4.02606    4.02606          0          0 
   3.47427    1.40192    5.62353    1.43538    1.87806    4.57705     2.7973    3.29895    3.44443    1.20952    2.55297    1.23712    18.1374    3.65606   0.869853   0.579486    18.0293    3.26073    20.6896    2.87252    3.63101    3.31542    18.0943    3.61612    2.74622          0     3.5373     2.8269    3.28205    2.79448    4.33569    4.33569          0          0 
   7.01145     2.9419    5.39463    2.76297    2.00803    8.11224    4.81379    2.53279    3.06948    3.31811    1.17542    2.49962    16.8908       2.79    2.77197    3.69577     16.712    4.52335    17.1759    2.40386    2.87726    2.56539    16.7974    2.75998    2.28567     3.5373          0    2.51325    3.15237    2.36307     1.8485     1.8485          0          0 
   5.81683    1.46057    7.19993    1.39345    2.81335    6.93667    2.52821   0.478742   0.735114    3.50629     1.5301    2.71007    19.2377   0.830349    2.65267    2.55403    19.0765    2.04861    19.0313   0.124249   0.816105   0.491388     19.157   0.789837   0.236414     2.8269    2.51325          0   0.703324   0.151259    4.26172    4.26172          0          0 
   5.97786    1.88041    7.89576    1.87143    3.49478    7.07835    2.28886   0.665019   0.229801    4.09233    2.22759    3.34167     19.934   0.675153    3.24207    2.91355    19.7708    1.60542    19.3099   0.780507   0.575708   0.638493    19.8519   0.663195   0.935286    3.28205    3.15237   0.703324          0   0.846107    4.93762    4.93762          0          0 
   5.84842    1.45516    7.06932    1.37072    2.69446    6.97077    2.64392   0.510819   0.857357    3.42815    1.38269    2.61628    19.0903   0.887316    2.57621    2.55069    18.9285    2.18996    18.9273  0.0851347   0.890728   0.531857    19.0092   0.845191  0.0894926    2.79448    2.36307   0.151259   0.846107          0    4.11083    4.11083          0          0 
   7.64255     4.2856    3.85805     4.1115    2.45793    8.66276    6.30626    4.34942    4.87873    3.58654    2.75707    3.10017    15.0442    4.62799    3.46584     4.6996    14.8677    6.17415    16.6364    4.16472    4.71103    4.38258    14.9524    4.59629    4.02606    4.33569     1.8485    4.26172    4.93762    4.11083          0          0          0          0 
   7.64255     4.2856    3.85805     4.1115    2.45793    8.66276    6.30626    4.34942    4.87873    3.58654    2.75707    3.10017    15.0442    4.62799    3.46584     4.6996    14.8677    6.17415    16.6364    4.16472    4.71103    4.38258    14.9524    4.59629    4.02606    4.33569     1.8485    4.26172    4.93762    4.11083          0          0          0          0 
         0          0          0          0          0          0          0          0          0          0          0          0          0          0          0          0          0          0          0          0          0          0          0          0          0          0          0          0          0          0          0          0          0          0 
         0          0          0          0          0          0          0          0          0          0          0          0          0          0          0          0          0          0          0          0          0          0          0          0          0          0          0          0          0          0          0          0          0          0 
Version identifier: 12.10.0.0 | 2019-11-26 | 843d4de
CPXPARAM_Threads                                 1
CPXPARAM_TimeLimit                               7200
Tried aggregator 1 time.
MIP Presolve eliminated 0 rows and 4 columns.
MIP Presolve modified 326 coefficients.
Reduced MIP has 256 rows, 9144 columns, and 44574 nonzeros.
Reduced MIP has 9144 binaries, 0 generals, 0 SOSs, and 0 indicators.
Presolve time = 0.05 sec. (37.86 ticks)
Found incumbent of value 8.037625 after 0.18 sec. (111.66 ticks)
Tried aggregator 1 time.
Detecting symmetries...
Reduced MIP has 256 rows, 9144 columns, and 44574 nonzeros.
Reduced MIP has 9144 binaries, 0 generals, 0 SOSs, and 0 indicators.
Presolve time = 0.04 sec. (28.92 ticks)
Probing time = 0.02 sec. (12.78 ticks)
Clique table members: 17057.
MIP emphasis: balance optimality and feasibility.
MIP search method: dynamic search.
Parallel mode: none, using 1 thread.
Root relaxation solution time = 0.06 sec. (81.61 ticks)

        Nodes                                         Cuts/
   Node  Left     Objective  IInf  Best Integer    Best Bound    ItCnt     Gap

*     0+    0                            8.0376    36031.3368              --- 
      0     0       50.9832    34        8.0376       50.9832      753  534.31%
*     0+    0                           44.2731       50.9832            15.16%
*     0     0      integral     0       50.9505       Cuts: 8      770    0.00%
      0     0        cutoff             50.9505       50.9505      770    0.00%
Elapsed time = 0.60 sec. (532.07 ticks, tree = 0.01 MB, solutions = 3)

Cover cuts applied:  1
Zero-half cuts applied:  1
Gomory fractional cuts applied:  2

Root node processing (before b&c):
  Real time             =    0.60 sec. (532.67 ticks)
Sequential b&c:
  Real time             =    0.00 sec. (0.00 ticks)
                          ------------
Total (root+branch&cut) =    0.60 sec. (532.67 ticks)

Sol status: Optimal
 Tree_Size: 1
 Total Time: 0.57
 LB: 50.9505
 UB: 50.9505

Obj Val: 50.9504706748213

Solve Time: 0.57

x(21, 29, 0)
x(29, 44, 0)
x(44, 101, 0)
x(67, 92, 0)
x(92, 21, 0)
x(101, 112, 0)
x(110, 67, 0)
x(6, 38, 1)
x(38, 113, 1)
x(63, 6, 1)
x(86, 63, 1)
x(111, 86, 1)


Customer profit: 40.3915053715356
Parcel profit: 63.2938829907684
Costs: 52.7349176874826

Number of Vehicles: 2

Solution by nodes: 
Vehicle 0: 30 - 10 - 6 - 20 - 13 - 8 - 23 - 19 - 1 - 29 - 16 - 2 - 26 - 4 - 11 - 9 - 21 - 32 - Total time: 7.51627939467143
Vehicle 1: 31 - 18 - 7 - 28 - 17 - 5 - 27 - 15 - 0 - 25 - 14 - 3 - 24 - 33 - Total time: 7.66873993395845


Solution structure: 
Vehicle 0: S - P - d - D - P - d - D - P - d - D - P - d - D - d - P - d - D - f
Vehicle 1: S - P - d - D - P - d - D - P - d - D - P - d - D - f

Used vehicles: 2
Vehicle numbers: 0 1 

size of n: 10

size of m: 10

*************


Served parcels: 9

Unserved parcels: 1

*************

Total time: 6.30474740495725

Total passenger time: 0.167509015007808

Total parcel time: 3.15263388713347

Total combined transportation time: 1.84111338000869

Total idle time: 1.14349112280728

*************

Total distance: 128.661310269914

Total passenger distance: 0.0345362819868025

Total parcel distance: 67.7579893724724

Total combined transportation distance: 13.9856485803563

Total idle distance: 46.8831360350986

*************

Waiting time passenger: 0.512428000050159

Waiting time goods: 9.18282459499259

Total waiting time: 9.69525259504274

NameOfInst: Instances_M/sf_data/sfsarp-10-10-3.txt
RunningScen: 1A
Instance Name: sfsarp-10-10-3
Instance type: sf_data
K: 2
Service: 0.0833333

Time windows: 
0: 14.5333 - 14.5333
1: 15.2333 - 15.2333
2: 9.33333 - 9.33333
3: 14.3167 - 14.3167
4: 13.2333 - 13.2333
5: 12.1667 - 12.1667
6: 13.1167 - 13.1167
7: 13.6167 - 13.6167
8: 13.8667 - 13.8667
9: 15.95 - 15.95
10: 0 - 24
11: 0 - 24
12: 0 - 24
13: 0 - 24
14: 0 - 24
15: 0 - 24
16: 0 - 24
17: 0 - 24
18: 0 - 24
19: 0 - 24
20: 0 - 24
21: 0 - 24
22: 0 - 24
23: 0 - 24
24: 0 - 24
25: 0 - 24
26: 0 - 24
27: 0 - 24
28: 0 - 24
29: 0 - 24
30: 0 - 24
31: 0 - 24
32: 0 - 24
33: 0 - 24
Profits: 
0: 10.157
1: 3.5384
2: 3.6423
3: 3.85006
4: 3.35049
5: 3.4509
6: 4.06378
7: 3.42039
8: 3.91577
9: 3.4782
10: 3.67426
11: 2.82053
12: 3.15477
13: 18.7672
14: 3.86127
15: 7.16869
16: 3.3966
17: 3.30259
18: 4.51131
19: 3.33336
20: 0
21: 0
22: 0
23: 0
24: 0
25: 0
26: 0
27: 0
28: 0
29: 0
30: 0
31: 0
32: 0
33: 0
Dist Matrix: 
         0   0.997283    1.05469    2.90391    4.83628    5.20235    1.71146    3.80128    3.26667    1.65409    2.70883      1.404    1.56009    17.6542    2.77482    6.17069    18.1629    3.13139     5.8648    2.00526    1.62085     1.3625    1.78486    1.97738    1.66549    1.78655    18.8137    3.53438    5.06635    1.51937    3.14033    3.14033          0          0 
   13.3861          0   0.492166    1.72659    3.55477    4.92573   0.869951    2.31501    2.03339    1.75512    1.42949   0.493484    0.41518    18.9736    1.40325     7.3833    19.4166    1.76263    7.29512    1.06871   0.391701   0.410156   0.914766   0.513845   0.211698    2.24504    20.0473    2.06532      6.289   0.372745    4.42423    4.42423          0          0 
   13.6055   0.728001          0    1.76452    3.52766    5.08055     1.0438    2.14016    2.04397    1.97285    1.20409   0.448788   0.592815    19.0461    1.37442    7.60355    19.6363    1.54353    7.49177    1.20622    0.23828   0.401012    1.07914   0.315945  0.0286435    2.46851    20.2682    1.87568    6.50821   0.560607    4.63757    4.63757          0          0 
    13.651    1.09073    1.02981          0     2.8653    4.51702    0.72446    1.88876    1.35258    1.79406    1.49359    1.13681   0.537403    19.6519   0.717024    7.65082    19.6726     1.6512    7.73522   0.709193   0.927987    1.07282   0.709241   0.622757   0.668682    2.34895    20.2875     1.7182    6.57455   0.570108    4.77905    4.77905          0          0 
   15.0395    3.72967    3.66126     1.7782          0    3.91569    2.97449    2.29732    1.40831    3.63632    3.41937    3.79114    3.14305     22.316    1.97277     9.2118     20.958     3.1502    9.79685    2.69083    3.54881    3.74083    2.90335    3.13483    3.32059    4.11819    21.5116    2.55529    8.24252    3.19099    6.74705    6.74705          0          0 
   12.1529    4.71949    4.65932    3.44108    3.51317          0    3.91037    5.34395    3.43612    3.49714    5.76202    5.25186    4.35765     21.945     4.0247    6.81192     17.887    5.76032    8.08527     3.7089    5.14488    5.15834    3.85887    4.94279     4.8863    3.50807    18.3872    5.43986    6.09923    4.40388    5.33666    5.33666          0          0 
   13.6535    2.28719    2.21598   0.360005    1.74031    3.36771          0    2.29195   0.382164    2.03376    2.69771     2.5399    1.72594    20.8036   0.925583    7.74269    19.6226    2.65173    8.21438    1.15013    2.34638    2.46579    1.37145    2.01926    2.08317    2.53155    20.2006     2.3427    6.73611    1.77841    5.16622    5.16622          0          0 
   15.4272    2.85084    2.80337    1.83579    2.16386    5.35533    2.51128          0    1.67901    3.54312    1.66243    2.55708    2.36612    21.0971    1.39333    9.44129    21.4363    1.27358    9.57403    2.36159    2.29685    2.55379     2.4714     1.8817    2.18113     4.1065     22.038   0.607291    8.37849    2.38974    6.61261    6.61261          0          0 
   12.8887    2.33248    2.26472    1.01547    2.30519    2.72993    1.46141    3.05853          0     1.5699     3.2468    2.77409    1.87971    20.5384    1.57148    7.01161     18.845    3.28767    7.60446    1.21566    2.64078    2.68493    1.39818    2.41618    2.37726     1.9636    19.4176    3.07143    6.03025     1.9297     4.5587     4.5587          0          0 
    12.082    1.63702    1.58766    1.65588    3.39334    3.22937    1.03343    3.49575    1.99275          0    3.17191    2.26419    1.45828    19.3942    1.96719    6.11994    18.0822    3.37523    6.52599    1.03635    2.23867    2.16718    1.02623    2.20916    2.02401   0.842976      18.68    3.39234    5.08589    1.48761    3.47739    3.47739          0          0 
   14.7833    1.90382    1.89498    2.34525    3.61308    5.97656    2.13848    1.45126    2.46575    3.15234          0    1.30714     1.7383    19.4847    1.77458    8.78667    20.8147   0.474352    8.57135    2.19667    1.12561    1.36085    2.14938   0.969141     1.2192    3.66521     21.452    1.10517    7.68752     1.7222    5.79574    5.79574          0          0 
    13.492     0.6877    0.71063    2.19978    3.97603    5.39784    1.34183    2.47042    2.48889    2.10988    1.30714          0    0.89686    18.6166    1.82321    7.50327     19.523    1.72888    7.26874    1.55868   0.262426  0.0970291    1.39334   0.694521   0.472722     2.5449    20.1652     2.1755    6.40127   0.848981    4.49752    4.49752          0          0 
