
NameOfInst: Instances_M2/csarp/sarp-15-30-A-2.txt
RunningScen: 1A
Instance Name: sarp-15-30-A-2
Instance type: csarp

n: 15
m: 30
K: 5

Time windows: 
0: 2.8 - 2.8
1: 4 - 4
2: 18.7833 - 18.7833
3: 17.6333 - 17.6333
4: 11.4833 - 11.4833
5: 13.3333 - 13.3333
6: 1.1 - 1.1
7: 21.9333 - 21.9333
8: 2.28333 - 2.28333
9: 6.66667 - 6.66667
10: 20.1167 - 20.1167
11: 8.41667 - 8.41667
12: 9.88333 - 9.88333
13: 21.7333 - 21.7333
14: 16.1167 - 16.1167
15: 0 - 24
16: 0 - 24
17: 0 - 24
18: 0 - 24
19: 0 - 24
20: 0 - 24
21: 0 - 24
22: 0 - 24
23: 0 - 24
24: 0 - 24
25: 0 - 24
26: 0 - 24
27: 0 - 24
28: 0 - 24
29: 0 - 24
30: 0 - 24
31: 0 - 24
32: 0 - 24
33: 0 - 24
34: 0 - 24
35: 0 - 24
36: 0 - 24
37: 0 - 24
38: 0 - 24
39: 0 - 24
40: 0 - 24
41: 0 - 24
42: 0 - 24
43: 0 - 24
44: 0 - 24
45: 0 - 24
46: 0 - 24
47: 0 - 24
48: 0 - 24
49: 0 - 24
50: 0 - 24
51: 0 - 24
52: 0 - 24
53: 0 - 24
54: 0 - 24
55: 0 - 24
56: 0 - 24
57: 0 - 24
58: 0 - 24
59: 0 - 24
60: 0 - 24
61: 0 - 24
62: 0 - 24
63: 0 - 24
64: 0 - 24
65: 0 - 24
66: 0 - 24
67: 0 - 24
68: 0 - 24
69: 0 - 24
70: 0 - 24
71: 0 - 24
72: 0 - 24
73: 0 - 24
74: 0 - 24
75: 0 - 24
76: 0 - 24
77: 0 - 24
78: 0 - 24
79: 0 - 24
80: 0 - 24
81: 0 - 24
82: 0 - 24
83: 0 - 24
84: 0 - 24
Profits: 
0: 4.17484
1: 4.3913
2: 3.80545
3: 3.7968
4: 3.76505
5: 3.5708
6: 3.88515
7: 5.01053
8: 4.36437
9: 4.57564
10: 3.96101
11: 5.02097
12: 4.06598
13: 4.60103
14: 3.59264
15: 3.05618
16: 3.70257
17: 4.09669
18: 4.53255
19: 3.4917
20: 4.99026
21: 3.2351
22: 4.12801
23: 4.23927
24: 4.93815
25: 5.8354
26: 6.88268
27: 5.37711
28: 7.46411
29: 3.43987
30: 4.35491
31: 3.74694
32: 4.32491
33: 8.0574
34: 3.91463
35: 4.09327
36: 4.00129
37: 6.13386
38: 5.5126
39: 3.91275
40: 4.29658
41: 4.14021
42: 4.61573
43: 5.22305
44: 7.20831
45: 0
46: 0
47: 0
48: 0
49: 0
50: 0
51: 0
52: 0
53: 0
54: 0
55: 0
56: 0
57: 0
58: 0
59: 0
60: 0
61: 0
62: 0
63: 0
64: 0
65: 0
66: 0
67: 0
68: 0
69: 0
70: 0
71: 0
72: 0
73: 0
74: 0
75: 0
76: 0
77: 0
78: 0
79: 0
80: 0
81: 0
82: 0
83: 0
84: 0
Dist Matrix: 
         0    6.71006    9.25516    12.4644    7.61067    3.66119    11.4007    7.73788    16.8523    13.3963    4.02449    15.9039    3.36948    4.18563    4.88816    9.51469    6.63587    6.33265    7.71167    3.24075    11.7751    14.8246    11.6508    18.4711    4.90322    8.43077    4.60235    8.19564    5.29922    21.2401    4.14999    9.05356    15.0153    13.5119    11.8551    13.5393    8.49781    8.26814    18.9248    11.8093    11.3637    16.9524    16.5191    13.3228    19.5288    9.17373    7.03999    7.20339    5.77072    4.09448    12.0551    15.0234    9.99198    16.9381    7.31409    9.22301    9.46915    6.78253    8.56669    20.4561    5.46515    7.90145    16.7044    8.26461    11.7628    13.2967    8.31075    8.02503    18.8164    12.7704    11.0461    15.7538    18.4416    13.2394    14.8223      4.719    9.72942    11.3024    9.34627   0.711579          0          0          0          0          0 
   7.04646          0   0.991279    6.16799    1.99085    12.1511    18.3748    7.09184    16.0884    21.8135    4.68094    22.1086    10.4078    6.24386    13.4296    16.4071    14.6962    5.64654    13.7275    5.50237    20.3157    18.1662    18.6667    18.4758    11.6647    14.4194    4.71866    15.2936    9.66715    27.1552     12.098    10.6895    11.9477     21.644     19.642     15.873    2.72013    15.5366    17.4154    14.8932    7.87162    18.4199    19.8316    18.0613    16.5221    16.0265    15.3555    4.22012    12.6739    4.59697     20.333    18.0777    17.1791    17.5648    14.2763    12.8232    2.33699    12.5864    6.47437     26.478    13.8103    9.70287    13.8501    16.8316    19.8485      16.52    1.21171    16.4301    18.8194    16.2651    6.25199    16.7962     21.086    16.5426    13.7649    10.1729    10.0776    7.87069    7.15344    9.24777          0          0          0          0          0 
   6.69262    2.03793          0    5.77017    1.29515    11.8833    18.3697    6.39024    16.6447    21.5862    4.28898    22.2049    10.2952    5.67602    13.1447    16.3974    14.2406    5.91557    13.7739    5.30628    19.9493    18.4798    18.6586    19.0057     11.133    14.4777    4.19471    14.7461    9.05601    27.2989    11.9237      11.02    12.5844    21.1726    19.5384    16.2377     3.2955    15.4781    18.0158    15.1932    8.48163    18.8633    20.1592    18.2653    17.1791    16.0179    14.9349    4.59845    12.6214    4.41246    19.8894    18.4115    17.1421    18.0537    13.7272    13.0531    1.89305    11.9902    5.77586     26.609     13.585    9.99216      14.49    16.4903    19.6956    16.8278       1.78    16.1984    19.3512    16.5502    6.90314    17.2542    21.4684    16.8447    14.3187    10.1868    10.4862    8.47724    7.65789    8.91889          0          0          0          0          0 
   9.88076    6.78515    4.41265          0    4.47123    15.1176      22.53    5.60578    21.3546    24.7744    7.69447    26.6382     14.247    7.62663    16.2384    20.5649    16.1842    10.7508    18.1404    9.28669    22.3479    23.3157    22.8059    23.7732    12.6198    18.8675    6.91251    15.8323    9.88626    31.8343     15.582    15.8777    16.9948    22.7443     23.325    21.1081    8.01983    19.4948     22.578    20.0208     13.055    23.7317    25.0057     22.954    21.4113    20.1936    17.1115    9.47632    16.7117    8.52874    21.7241    23.2638    21.2095    22.8849    14.8556    17.8034    2.99485    12.7008    4.34757    31.1153    16.9615    14.8224    18.8661    19.1435    23.2706    21.6603    6.53133    19.4693    24.1146    21.3602    11.3088    22.1139    26.3435    21.6718    19.0384    14.5288    15.3634    13.0635    12.4728    12.0163          0          0          0          0          0 
   5.23926    2.67365    2.91663    5.81447          0    10.5372    17.6982    4.40282    17.8456    20.2687    2.90708    21.8097    9.42807    3.65927    11.7352    15.7312    12.3956    6.41869    13.3103    4.44907    18.2872     18.803    17.9757     20.089    9.14171    14.0396    2.36528    12.7138    6.93836    27.0241    10.8404    11.5019    14.1501    19.2726    18.5722    16.7526    4.88946    14.6788    19.3893    15.5054     9.9823    19.6282    20.5163    18.2352    18.8189     15.359    13.1664    5.53373    11.8809    3.71072    18.0507    18.8025     16.388    18.9888    11.6947     13.171    2.62659    9.88698     4.0313    26.2979    12.3332    10.3678    16.0582    14.9058    18.5901     17.147    3.55223    14.9024    20.4402    16.7979    8.59837    18.0833    22.0029    17.1451    15.5276    9.70255    11.2359    9.96452    8.80291    7.46088          0          0          0          0          0 
   4.92476    9.73528     12.429    15.7419    10.8638          0     8.5228    10.7285     17.049    10.1525    7.27492    13.2095    2.49284    7.34374    1.86459    6.78271    5.30418    8.34373    5.76795    6.19308    9.03762    13.4631    8.74369    18.2644    5.65285    6.37608    7.88801    7.74925    7.40472     18.541    1.36813    9.26397    16.1932    11.4606     8.6414    12.7427    11.2037    5.40988    19.2755    10.8606    13.0555    16.2497    15.0581    11.4232    20.4014    6.49119    5.15685     9.5993    3.60849    7.09729    9.85487    13.7758    7.07261    16.5806    7.16487    8.42595    12.7295    7.66842    11.6742     17.731     2.1798    8.33628    17.6837    5.49041    8.48473    12.1188    11.2741    4.76613    18.5906    11.5169    13.1516    15.3135    17.1609    12.0297     15.293    4.32684     10.347    12.9838    10.9661     2.7972          0          0          0          0          0 
   11.8698    15.2597    18.1847    22.4385    17.1128    7.71798          0    18.1648    14.7734    7.81992    13.7899    5.53981    7.25722    14.5964      7.487   0.914128    11.3346    12.1148    3.63559    12.1827    10.5755    8.13686    1.43225    14.8871    13.1117    3.07232    14.6953     14.153    15.0746    10.8756    6.40636    9.17719    16.3425    14.5075    3.64799    8.97149    15.7221    2.26937    17.0645    7.31571     14.945    12.0037    9.24724    5.18964     19.292    1.27124    10.4847    13.7449    4.76243    12.9856    12.8839    8.66393   0.992619    13.0855    13.9262    6.52267    18.9276    15.0308    18.9746    10.0715    6.19515    9.18945    17.1489    8.60423    4.83544    7.56554      16.44    5.76841    15.1299    6.94972    15.9574    11.8344    11.5066    7.42093    13.9523    7.08644    10.6693    14.8647    13.1873    10.2014          0          0          0          0          0 
   6.82445    4.89527    3.90806    4.06556    2.53723    12.0066    19.6167          0    20.0674    21.6374    4.80365     23.859    11.3193    4.48162    13.1082    17.6664    13.0941    8.72027    15.3713    6.51812    19.2245    21.0821    19.8855    22.3447    9.57568    16.1067    3.88786    12.9143    6.94311    29.1155    12.5464    13.8033    16.2002    19.7508    20.2802    19.0526    6.87813    16.5399    21.5481    17.7871    12.0609    21.9282    22.7986    20.4369    20.8226    17.3014     13.997    7.77614    13.8102    5.88388    18.6749    21.0905    18.2639    21.2715    11.9168     15.425    2.67418    9.85131     2.1884    28.3747     13.861    12.6646    18.1091    16.0005     20.181    19.4275    5.40304    16.3469    22.6949    19.0678    10.5478     20.378     24.302    19.4229    17.7438    11.7924    13.5318    12.0503    11.0196    8.91011          0          0          0          0          0 
   18.8374    17.1478    18.8713    24.0219      19.51    19.2939    16.6234    23.8629          0    23.7752    18.6517    16.0818    16.3862    20.8776     20.138    15.9227     24.092    13.6819    14.0933    17.1978    25.9792    8.54881    16.8292     1.5408    23.5882    13.9627    19.7016    26.4547     23.697    18.2229    17.7093     9.7001    6.73891    29.4974    19.5402     6.9853    15.3061    16.6402    1.73011    8.72633    10.2322    4.63846    8.67758    11.4571     5.0019    15.7676    23.8095    14.2806    15.7541    17.1957    27.8088    7.95487    16.8177    3.00971    25.7398    10.5684    20.3476    25.5156     23.805    18.0555     19.217    10.8333    5.34454    23.0964    20.7908    8.47095    16.8246    20.5916    1.61253    9.04489    12.0476    4.14945    7.63661    8.62093    4.28646    14.5301    9.09703    10.2187    11.0129    19.1797          0          0          0          0          0 
   13.9741    18.4846    21.3099    24.7918    19.8614    8.73563    4.87486    19.5191    20.2781          0     16.288    8.09334    10.1209    16.3324    7.72028    5.70854    9.95058    16.1053    8.35667    15.0213    6.30119    13.4039    4.71513     20.348    12.9692    8.08612    16.9404    12.5108    15.5834    12.3857    8.40403    14.2491    21.6085     10.366    1.94774    14.4656    19.5165    5.60838    22.5704    12.8197     19.749    17.3888    14.2633     10.348    24.7588    5.96784    8.81846    17.6494    8.18533    15.9177    8.97902    13.9657    4.72883    18.5534    12.6912     11.798    21.7311     14.477    20.5673     11.555    6.87954     14.006    22.5364    6.22815   0.724138    13.0179    19.9059    4.48058    20.5797     12.418    20.4876    17.3167    16.4745    12.8705    19.3965    10.8756    15.7287    19.6689    17.8217    11.8295          0          0          0          0          0 
   1.94991    3.39885    6.02773    9.83458     4.5808    6.86118    13.6739    6.54994     15.702    16.5493          0    17.8269    5.41129    3.22303    8.13909    11.7075    9.74765    4.11045    9.33263    0.51688    15.0859    15.3336    13.9513    17.6652    7.25822     10.067    2.34955    10.8629    6.27744    23.0742    6.91634    8.44436    12.9803    16.6945    14.6043    13.5437     5.3154    10.6606    17.5577    12.0829    8.99061    16.6986    17.0606    14.4573    17.6516    11.3359    10.2712    4.37771    7.85655    0.82864    15.2888    15.4067    12.3662    16.3365    9.88896    9.60036    6.44343    8.72579    6.92662    22.3355    8.54794    7.23544    14.8015    11.5741    14.6944    13.6995    5.00393    11.1617    18.0188    13.2812    8.29107    15.2843    18.7299    13.6775    13.4847    5.75105    8.60906    8.94273    7.18687    4.00522          0          0          0          0          0 
   18.3087    20.4516    23.2739    28.0957    22.6636    14.9413    7.01348    24.7156    13.3903    13.1871    19.7944          0     13.735    21.0818    14.8538    8.16734    18.7343    16.6611    9.39475    18.0427    17.1816    5.52126    6.96341    12.1965    20.3884    8.67017    20.8312    21.5531    22.1207    5.15622      13.45    11.9938    17.0714    21.2536    9.27278    8.10591    20.1456    9.58977    15.2526    7.92915    17.4919     9.0285    4.98968     4.2347    18.2653    8.38881    17.8633    18.2123    11.3845    18.6823    19.7356    6.02867     8.2912    10.7381    21.3236    9.49447    24.3167    22.3503    25.3496    4.70249    13.5594    12.7264    17.0618    15.8322    10.6683    6.64107    21.2469    13.0375     12.282    6.55146    19.0501    9.93787    6.56701    6.53865    13.7897    12.8081    13.1633    17.4215    16.3933    17.0321          0          0          0          0          0 
   3.55304    6.94151    9.81607     13.855    8.56841    3.96409    9.65239    9.94982    14.3618    13.0302    5.20947    13.8653          0     6.3166    5.23698    7.68658    8.32098    4.97431     5.4184    3.61851    12.3993    12.1922    9.92992    15.8788    7.38675    6.15628    6.15399    10.3598    7.96125    19.1511    3.26689    6.50894    12.9775    14.8045    10.6888    10.8689    8.04321    6.65585    16.4952    9.14336    9.68939    14.2885     13.897    10.8461    17.3329    7.31574    8.39613    6.31104    3.83533     4.4642    13.2197    12.3745    8.35158    14.3136    9.57762    6.55626    10.4114    9.34798    10.5942    18.3964    5.16088    5.41367    14.5559    8.86387    10.9059    10.6455    8.34334    7.73158     16.221    10.1311    9.77012    13.1138    15.7887    10.5921    12.4208    2.08125    7.34634    9.61897    7.60201    2.99295          0          0          0          0          0 
  0.504755    5.44239     7.7166    10.6465    5.94927    5.42634    13.2028    6.00094    17.4055    15.1317    2.45814     17.652    5.02835          0    6.58814    11.2972    7.60531    6.14271    9.33921    2.47039    13.2115    16.1303    13.4575    19.2105    5.01307    10.0709     2.8219     8.6148    4.36142    22.9781    5.98435    9.81068    15.0373     14.566    13.6916    14.6297    7.53219    10.0785    19.3668     12.999    11.1379    17.9489    17.8458    14.8444    19.6671    10.9489    8.22012    6.60602    7.50108    3.06682    13.2121    16.2808    11.8051    17.7717    7.64053    10.4247    7.77834    6.55174    6.76348    22.2028    7.26615     8.6073     16.818     9.7767    13.5807     14.551    7.06752    9.78827    19.5613    14.0634    10.5237    16.6444    19.6768    14.5073    15.2627    6.06546    10.2401    11.0858    9.24972     2.3255          0          0          0          0          0 
   7.12427    12.1101     14.748    17.7876    13.1091    1.89457    7.79574    12.3844    18.6852    7.92754     9.5271    12.5707    4.62675    9.26484          0    6.44047    4.21802    10.7194    6.51055    8.56839    6.65533    14.1827    7.95161    19.6606    6.12874    6.92821    10.0285    7.00934    8.53042    17.7901     2.7833    11.0961    18.2726    9.36759    7.13576    13.8939    13.6196    5.03077    20.9619    11.9807    15.3243    17.3729    15.6519    11.7538    22.3221    6.25795    3.58539    12.0075    4.58634    9.46801    7.71018    14.5742     6.3788     17.915    6.72621    9.77442    14.9613    7.92649     13.442    16.9567    1.16286    10.2996    19.6725    3.13851    6.66545    13.0252    13.6659    2.65912    19.9708    12.3905      15.51    16.6229    17.8509    12.9159    17.0904    6.28289    12.3118    15.2506    13.2382    4.89289          0          0          0          0          0 
   10.9565    14.4021    17.3257    21.5415    16.2274    6.85111    1.97371    17.2514     14.648    7.95168    12.8877     6.4355    6.34859    13.6823    6.68664          0     10.617    11.3313    2.91033    11.2911     10.296    8.40019    2.26119     14.921    12.2679    2.45736    13.7871    13.4301    14.1865    11.7756    5.50476    8.65691    15.9366    14.1422    3.99333     8.9632    14.9248    1.42389    16.9556     7.2098    14.3462    12.1381    9.63315    5.58422     19.061   0.380937    9.81278    12.9559    3.85741    12.1013     12.493    8.89564   0.999461    13.1147    13.1647    6.10588    18.0482    14.2046    18.0606     10.975    5.39218    8.57177    16.8297    8.07348    5.00134    7.65696    15.6073    5.24758     15.179    7.02158     15.289    11.8415    11.8896    7.51837    13.6921    6.23984    10.1493    14.2658    12.5358    9.29167          0          0          0          0          0 
   7.80491    13.0472    15.1845      17.02    13.2814    4.79995    11.8133    10.9232     22.353      9.804    10.0313    16.5391    7.76114    8.78567    4.14904     10.617          0    12.9086    10.6336    9.79769    6.26492    18.3581     11.932    23.5389    3.64151    11.1029    10.0757     2.8188    6.51127    21.6276    6.42749    14.5526    21.2981    6.96075    10.5813    17.9124    15.0544    9.22456    24.5754    16.0075    17.8812    21.4144    19.8529    15.9714    25.6211    10.4554    1.15972     13.839    8.58058    10.5735    5.65609    18.7311    10.4535    21.8349    2.75625    13.6612    14.9745    4.62698    12.1551    20.7859     5.3576    13.5849    22.8649    3.77494    9.71249    17.1444    14.6726    5.93457    23.8612    16.5182     17.671    20.5571     22.039    17.0415    20.5758    9.61636    15.5803    17.8155    15.8185    5.93725          0          0          0          0          0 
   5.70174    3.97227    6.63755      11.67    6.38395    8.91442    13.2465    10.2016    11.7121    17.7832     4.9837    16.6344    6.22927    7.25977    10.2038    11.3313    12.9086          0    8.48617    3.72313    17.3723    12.5685    13.5463    13.8087    11.0403    9.11997    6.02004    14.4993    10.3756    21.5809    8.16328    5.13522    8.89884    19.6422    14.9397    10.3842    3.62351    10.7074    13.4892    9.27855    5.04591    13.2102     14.255    12.4295    13.5511    10.9542    13.1671    1.63457    7.93222    3.53845    18.0989    12.5134    12.2062    12.6171    13.5833    7.18082    7.80168    12.6893    10.2509    20.9245    10.0974    4.07707    10.7002    13.8322     15.409    10.9148    4.58632    12.6084    14.1623    10.6352    4.81829    11.6763    15.6333    10.9301    9.44992    5.24167    4.83206     4.9878    3.10704    7.00009          0          0          0          0          0 
   8.92819    11.7499    14.6715    19.1155    13.7221      6.075    4.76682    15.3345    12.6049    10.4526    10.5692    8.49952    4.34286    11.7033    6.48576    2.91033    10.6336    8.48617          0     8.8724    11.9139    7.74524    5.06765    13.2925    11.4037   0.738101     11.556    13.3197     12.827     13.747    4.41113    5.89571    13.2929    15.4179    6.81223     7.4218    12.1004    2.79794    14.9208    5.51363    11.4694    10.8758    9.30336    5.69705    16.7281    2.55192    10.0954    10.1186     2.1597    9.61266    13.7299    8.10044    3.86632    11.5142    12.8455    3.64321    15.4965    13.4285    16.0108    13.0034    5.34921    5.69446    14.3348    9.03524    7.63283    6.51815     12.864    6.50629    13.5879    5.88731    12.3799     10.216    11.4405    6.41174    11.3495      3.614    7.37217     11.389    9.63177    7.68261          0          0          0          0          0 
   2.08933    3.54308    6.28968    10.2634    4.95021    6.67554    13.2611    7.06545    15.2435    16.3112    1.77178    17.3708    5.03543    3.70543    7.97063    11.2911    9.79769    3.72313     8.8724          0    14.9915    14.8174    13.5411    17.1844    7.46906    9.60476    2.86464    11.0377    6.65468    22.6061    6.61742    7.93947    12.6178    16.7212    14.2612     13.029    5.26751    10.2732    17.1208     11.566     8.6756    16.1916    16.5443    13.9564    17.2741    10.9173    10.2672    4.15127    7.44973   0.905667    15.2859    14.8898    11.9699    15.8432    10.0788    9.08496    6.79808    9.01308    7.44081    21.8715    8.30808    6.72923    14.4232    11.4614    14.3905    13.1828    5.10586    10.9283    17.5378    12.7655    8.06709    14.7841    18.2134     13.161    13.0388    5.27748    8.13202    8.62477    6.82194    3.95003          0          0          0          0          0 
   13.2696    18.4846    20.9277    23.2097    19.1285    8.47707     10.428    17.1794    24.5187    4.82641    15.6605    14.3418    11.2512    14.8047     7.1732     10.296    6.26492    17.3723    11.9139    14.9915          0    18.6828    10.3829    25.0939    9.90539    12.0177    15.9236    7.85658    12.7759    18.6422    9.33985     17.351    24.7038    4.07999    7.91343     19.136    20.1725    9.36425    26.8342    17.2863    21.9423    22.4145     19.819    15.7647    28.5233     10.361    5.24714    18.6305    10.5846    15.8649    2.71116    19.1883    9.59051     23.293    8.45013    15.5344    20.9084    10.6727    18.4013    17.8194    7.41297     16.702    25.9852    3.55347     6.5419    17.9268    20.0847    5.41555    25.3701    17.2849    22.1652    22.0013    22.0767     17.792    23.1813    12.7856    18.6794    21.8674    19.8623     11.083          0          0          0          0          0 
   15.6486    16.5309    19.1542    24.2384    18.9043    13.8062    8.53741    21.8488     7.9815    15.7456    16.5783    7.56382    11.6151    18.2981    14.2103    8.40019    18.3581    12.5685    7.74524    14.8174    18.6828          0    8.68897    7.21648    19.0289    7.25717    17.6812    21.0635    20.1179     10.581    12.1291    7.47985    11.5783    22.5388    11.4566    2.67743    15.7517    9.51046    10.0012    3.29979    12.3831     4.0706    1.72709    3.06471    12.8648    8.37935    17.7569    13.9542    9.87577    15.2657    20.8828   0.596508     9.1059    5.53956     20.586    5.74194     20.369     21.062    22.2522     10.204    13.0225    8.49344    11.5439    16.3655    12.8086    1.65731    17.0293    13.5886    7.38811    2.06746    14.0756    4.54259     3.6986    1.66039    8.26929    10.1141    8.32862    12.3189    11.6017    14.9826          0          0          0          0          0 
   13.1367    16.6627    19.5866    23.7821     18.482    8.72199   0.301317    19.3683    15.7577    7.05667    15.1203    4.62236    8.56852    15.8338    8.31719    2.26119     11.932    13.5463    5.06765    13.5411    10.3829    8.68897          0    15.6812    14.0088    4.49179    16.0007    14.7411     16.118     9.8632    7.55193    10.5256    17.5925    14.4144     2.7676    9.86704    17.1521     3.3834    18.0213    8.34224    16.3267    12.6857     9.5846    5.63364    20.3746    2.64103     10.995     15.176    6.09478    14.3572    12.8483    9.25217    1.67231    13.8967    14.6041    7.82144    20.3062    15.8692    20.2159    9.03762    7.05504     10.587    18.3222    8.87476    4.13618    8.36367    17.8592    6.10546    15.9032    7.78511    17.3692    12.6822    11.8169    8.21448    15.0794    8.49656    12.0133    16.2466    14.5942    11.3759          0          0          0          0          0 
   18.7072    17.4495    19.3605    24.5587    19.8528    18.7429    15.4899    24.0081    2.59203    22.6846    18.7199    14.6889    15.9229    20.8874    19.5111     14.921    23.5389    13.8087    13.2925    17.1844    25.0939    7.21648    15.6812          0    23.2614    13.0934    19.7957     25.987    23.5556    16.6972    17.1188    9.42845    7.73047     28.706    18.4204    5.96524    15.7592    15.7303    3.26195    7.81262    10.8423    3.19853    7.20873    10.2002    6.52279    14.7931    23.1892    14.5686    15.0744    17.2633     27.019       6.62    15.7811    1.80634    25.3147    9.89579    20.8116    25.2252    24.0318    16.5417     18.527    10.6137    6.56639    22.3273    19.7055    7.33029    17.2661    19.7457   0.353938    7.93765    12.7017    3.09257    6.09678    7.47755    4.77868    14.0875    9.05755    10.8182    11.3548      18.87          0          0          0          0          0 
   5.38451     10.247    12.0241    13.4313    10.0553    5.44983    13.8289    7.28521    21.7249    13.1762    7.17394    18.5991    7.49095    5.48318    5.69917    12.2679    3.64151    11.0403    11.4037    7.46906    9.90539    19.0289    14.0088    23.2614          0    12.0265    6.94687    3.65061    2.87102    23.8712    7.02097     13.889    19.8611    10.1921    13.2277    18.0737    12.4805    10.8504    23.8188    16.2499    16.0797    21.5518    20.6565    17.0749    24.4129    12.0144    4.69926    11.6165    9.24639    8.06702    9.10538     19.307    12.3824    21.6756    2.64837     13.709     11.634    2.03312    8.52467     23.043    6.95458    12.7651    21.5802    7.13028    12.6064    17.6153    11.8395    8.58326    23.6023    17.0366    15.5341    20.4563    22.7164    17.5374    19.7199    9.23348    14.6258    16.0238    14.1251    4.40922          0          0          0          0          0 
   9.66251    12.4498    15.3685    19.8422    14.4433    6.64726    4.19075    16.0679    12.5479    10.2554    11.3053     7.7708    5.06485    12.4375    6.95764    2.45736    11.1029    9.11997   0.738101    9.60476    12.0177    7.25717    4.49179    13.0934    12.0265          0    12.2938    13.8252    13.5159    13.0103    5.00959    6.20301    13.5226    15.6274    6.44121    7.16216    12.7411    2.70205    14.8661    5.28117     11.899    10.5591    8.76415    5.04896    16.7989    2.13985     10.508    10.7544    2.79154    10.3389    13.9437    7.64683    3.45134    11.2998    13.3865     3.7294    16.2109    14.0445    16.7481    12.2685    5.76672    6.13015     14.481    9.28824    7.36689    6.13051    13.5387    6.65242    13.3781    5.48857    12.8855    10.0034    10.9366    6.01404    11.4157    4.33873    7.69441    11.8186    10.1176    8.38422          0          0          0          0          0 
   2.96921    3.50914    5.11535    7.87483     3.2154    8.24058    15.7333    4.25146     17.732    17.9536    1.11181    20.0193    7.43855    1.58907     9.4099    13.7871    10.0757    6.02004     11.556    2.86464    15.9236    17.6812    16.0007    19.7957    6.94687    12.2938          0    10.5757    5.09531    25.3004    8.67529    10.7108    14.6039    16.9885    16.4168    15.8599    5.91635    12.6522    19.4828    14.4252     10.475     18.965     19.408    16.7832    19.3089    13.4241    10.8182    5.74306    9.93373    2.54127    15.7312    17.7492    14.3766    18.5308    9.55897    11.9496    4.99118    7.93634     4.5774    24.5489    10.0658    9.51155    16.4786    12.5419    16.3629     16.045    4.99664    12.6058    20.1496      15.63    9.42722    17.5153    21.0616    16.0243    15.4661    8.02486    10.7519      10.44    8.90947    5.14431          0          0          0          0          0 
   8.94937    13.8976    15.6171    16.5703    13.6332    7.31867    14.6267    10.2806     24.659    12.0597    10.8241    19.3408    10.0729     9.0733    6.87805    13.4301     2.8188    14.4993    13.3197    11.0377    7.85658    21.0635    14.7411     25.987    3.65061    13.8252    10.5757          0    5.97163     24.394    8.99649    16.8038    23.1969    6.98638    13.2951    20.4861    16.1195    12.0323    26.8318     18.596    19.5435    23.9936    22.5886    18.7456     27.659    13.2622    3.78414    15.1876    11.2168    11.6809    6.25992    21.4169    13.2718    24.3199    1.01935    16.1748    15.1376    3.17724    11.5574    23.5514    8.12799    15.7583    24.8542    6.28681    12.3417    19.7995    15.4894    8.70362    26.3169    19.1824    19.0985    23.0578    24.7551    19.7024     22.774    11.9252    17.7062    19.4839    17.5401    7.57899          0          0          0          0          0 
   4.85964    8.60147    9.85181    10.6577    7.85564    7.39699     15.908    4.43502    21.7669    15.9478    5.71127    20.6139    8.55839    3.50663    8.00893    14.1865    6.51127    10.3756     12.827    6.65468    12.7759    20.1179     16.118    23.5556    2.87102    13.5159    5.09531    5.97163          0    25.9427    8.70239    14.1384    19.2577    12.8589    15.6571    18.8151     10.992    12.8122    23.7187    17.1046    15.2449    22.1971    21.8066    18.5081    23.9257    13.8897    7.56525     10.552     10.747    6.96247    11.8821     20.322    14.4534    22.0911     4.9787    14.5175    9.23125    2.96075     5.6917      25.13    9.15172    12.9433    21.0749    9.94047    15.1665    18.5958    10.0785    11.1246    23.9055    18.0669    14.3929    20.9419    23.7406    18.5378    19.6178    10.0182    14.6014    15.1999    13.4637    5.16537          0          0          0          0          0 
   22.6014    25.2614     28.133    32.8053    27.3812     18.561    10.0521    28.9699    18.2129     13.993    24.3153    5.34217    17.9551    25.3641    18.1759    11.7756    21.6276    21.5809     13.747    22.6061    18.6422     10.581     9.8632    16.6972    23.8712    13.0103    25.3004     24.394    25.9427          0    17.2802    17.0811    22.1592      22.65    11.1547    13.2194    25.1262    13.1312    19.8904    13.0769    22.6421     13.669    9.71718    9.27632    23.0273    12.0937    20.6104    23.1666    15.4788    23.3143    21.3436    11.0397    11.5061    15.4416    24.3518     14.489    29.0973    25.7164     29.716   0.843217    16.9181    17.7453    22.0428    18.2353    12.3065    11.7908    26.1594    15.6952    16.7199    11.7064     24.181    14.8063    10.6548    11.6912    18.8235    17.3291    18.2921    22.5712    21.4995    21.0558          0          0          0          0          0 
   5.72248    10.0987    12.9066     16.548    11.4805    1.68264    7.31498    11.8226    16.0151    9.77392     7.9333    11.9402    1.93869    8.32805    2.45918    5.50476    6.42749    8.16328    4.41113    6.61742    9.33985    12.1291    7.55193    17.1188    7.02097    5.00959    8.67529    8.99649    8.70239    17.2802          0    8.34044    15.4897    12.1455    7.74304    11.5005    11.3094    4.17672    18.2721    9.60358    12.6026    15.0068    13.7105    10.0557    19.5561    5.19507    6.10388    9.56412    2.25604    7.51497    10.4924    12.4546    5.88213    15.4083    8.46452    7.23402    13.3491    9.03545    12.7026    16.4778    1.94567     7.5188     16.894    5.89043    7.77818    10.8141    11.5602    4.46682    17.4389    10.2041    12.8893    14.1296    15.8277    10.7208    14.3547    3.49985    9.53258    12.5276    10.5243    3.82567          0          0          0          0          0 
   9.30604     9.1069    11.6763    16.7879     11.516    9.80238     10.234    14.9614    7.86057    16.3394    9.60248    12.5419    6.79158    11.6271    10.7982    8.65691    14.5526    5.13522    5.89571    7.93947     17.351    7.47985    10.5256    9.42845     13.889    6.20301    10.7108    16.8038    14.1384    17.0811    8.34044          0    7.43359     20.457    12.6442    5.25407    8.29103    8.68205    10.0346    4.23551    5.86416    8.25653    9.14296    7.80503    11.2293    8.34218    14.3953    6.47462    6.76707    8.18469    18.7882    7.39206    9.65355    7.96141    16.0611    2.78789    12.9124     15.826    15.1827    16.5017    10.0825    1.21317    8.63444    14.1033    13.5258    5.84117    9.54943    11.9907    9.77625    5.63668     7.1689    6.85584    10.5055    5.87215    6.02985    4.93801     1.4934    5.78557    4.42819    9.48159          0          0          0          0          0 
   14.5866    11.5112    12.6849    17.6661    13.6701    16.7651    17.3179    18.4671    5.14769    23.7449    13.6917    18.5945    13.7183     16.014    17.8983    15.9366    21.2981    8.89884    13.2929    12.6178    24.7038    11.5783    17.5925    7.73047    19.8611    13.5226    14.6039    23.1969    19.2577    22.1592    15.4897    7.43359          0    27.6179    19.9239    8.96902    9.32209      16.09    5.68276    9.62547    4.17239     9.2906    12.6194    13.5095    4.70552    15.6508     21.332    8.86357    14.1523    12.3229    25.9768    11.1303     16.935    7.70596    22.3293    9.83426    14.1886    21.5724    18.1748    21.7707    17.3409    8.00321    1.90953    21.3618    20.8885    10.5069    10.8104    19.3896    8.00761    10.7643    5.70775    7.71793     12.664    10.6298    3.45135    11.9898    6.03289    4.19554    5.79611    15.6179          0          0          0          0          0 
   14.7583    20.0078    22.1039    23.5114    20.1729    10.8817     14.443    17.2399    27.9358    8.69087    16.9884    18.4215    13.9067    15.6239    9.71967    14.1422    6.96075    19.6422    15.4179    16.7212    4.07999    22.5388    14.4144     28.706    10.1921    15.6274    16.9885    6.98638    12.8589      22.65    12.1455     20.457    27.6179          0    11.9908    22.7896    21.9877    13.0765    30.2342    20.9025    24.4934     26.154     23.748    19.6872    31.6859    14.1627    6.48663     20.691    13.8053    17.5175     1.6886    23.0223    13.5153    26.9201    7.91419    18.9445    21.8092     10.163    18.5141    21.8346    10.3837    19.6643    29.0392    6.40651    10.6219     21.677    21.6332    8.99352     28.997    21.0312    24.4516    25.6221    26.0079    21.5481    26.4284    15.6382     21.678    24.4233    22.4065     12.802          0          0          0          0          0 
    13.457    17.6225    20.5048    24.2906    19.1845    8.43778     2.9339    19.3401    18.4052    4.28919    15.6662    6.45791    9.24323    15.9824    7.64883    3.99333    10.5813    14.9397    6.81223    14.2612    7.91343    11.4566     2.7676    18.4204    13.2277    6.44121    16.4168    13.2951    15.6571    11.1547    7.74304    12.6442    19.9239    11.9908          0    12.5603    18.4497    4.23678    20.6881    10.9526    18.2807    15.4468    12.3248    8.40029    22.9399    4.30219    9.51667    16.5284    7.03896    15.1359    10.5066    12.0192    2.99397    16.6293    13.3337    10.0898    21.0474    14.9091    20.3126    10.3121    6.57566    12.5066    20.7793    7.08337    1.41522    11.0926    18.9652    4.68918    18.6485    10.4994    19.1368    15.4004    14.5428    10.9444    17.5972    9.70629    14.1351    18.2003    16.4173    11.4325          0          0          0          0          0 
   14.1312    14.3521    16.8515    22.0075    16.7676      13.17    9.65264    20.0931     5.9344    16.7899    14.7481    9.77948    10.5861    16.6466    13.8045     8.9632    17.9124    10.3842     7.4218     13.029     19.136    2.67743    9.86704    5.96524    18.0737    7.16216    15.8599    20.4861    18.8151    13.2194    11.5005    5.25407    8.96902    22.7896    12.5603          0    13.3633     9.7719    8.16274    1.91324    9.74146    3.50746    4.08701    4.76582    10.7113    8.82892    17.4646     11.655    9.34187     13.365    21.1057     2.3549    9.84068    4.16018    19.8984    4.36472    18.1305    20.0915    20.3819    12.8078     12.741    6.39395    9.09188    16.4388    13.8055    1.63045    14.7053    13.8089      6.235    2.10295     11.468    2.87866    5.25146    1.77439    5.76469    8.86905    5.85414    9.67934    9.08548    13.8104          0          0          0          0          0 
   7.26528    2.42605    3.61158    8.83441    4.34971    11.7362    16.8531    9.28122    13.3685    21.0682    5.34883    20.2371    9.44208    7.49349    13.0494    14.9248    15.0544    3.62351    12.1004    5.26751    20.1725    15.7517    17.1521    15.7592    12.4805    12.7411    5.91635    16.1195     10.992    25.1262    11.3094    8.29103    9.32209    21.9877    18.4497    13.3633          0    14.2366    14.7205    12.5264     5.1925    15.7767    17.3817    15.9121    13.9577     14.546    15.5335    1.99024    11.4119    4.48687    20.5514    15.6211    15.7798    14.8732    15.1278    10.6542    5.05294    13.7461    8.87951    24.4864    13.1763    7.42549    11.2311    16.6235    18.8355    14.1258    1.51962    15.7695    16.1021    13.9242    3.70931     14.137    18.5305    14.1609    11.0448    8.75246    7.51783    5.18587    4.46548    9.20917          0          0          0          0          0 
   9.76566    13.5189    16.4277    20.4693    15.2234    5.44861    3.13964    15.9857    15.2478    7.65799    11.8005    7.80302    5.25072    12.4522    5.26407    1.42389    9.22456    10.7074    2.79794    10.2732    9.36425    9.51046     3.3834    15.7303    10.8504    2.70205    12.6522    12.0323    12.8122    13.1312    4.17672    8.68205      16.09    13.0765    4.23678     9.7719    14.2366          0    17.5659    7.92729    14.1434    13.0835    10.8429    6.83803    19.4836    1.23107    8.45263     12.303    2.86301    11.1167    11.4052    9.97045    1.72758    13.9288      11.75    6.39343    17.0669    12.7821    16.8341    12.3213    3.96979    8.39813    17.1236    6.85685    4.88524    8.60168    14.8062    4.08899    16.0059    7.95623    14.9279    12.6378    13.0857    8.47198    14.1003    5.48446    10.1489    14.0633    12.2331    7.99629          0          0          0          0          0 
   18.8773    16.7159    18.2131    23.2827    19.0126     19.801       17.8    23.5619    2.31833    24.8751    18.4701    17.5639    16.8195    20.7456    20.7248    16.9556    24.5754    13.4892    14.9208    17.1208    26.8342    10.0012    18.0213    3.26195    23.8188    14.8661    19.4828    26.8318    23.7187    19.8904    18.2721    10.0346    5.68276    30.2342    20.6881    8.16274    14.7205    17.5659          0    9.75553    9.54546    6.24324    10.2773    12.8035    3.27347    16.7713    24.3701    13.8962    16.4325    17.0276    28.5483     9.4162    17.8838    4.51615    26.0716    11.3098    19.7084    25.6965    23.4129    19.7013    19.8802    11.0817    4.02391    23.8287    21.8941    9.73136     16.237    21.4225    3.34048    10.2623    11.2728    5.48005    9.34389    9.88154    4.10896    14.9607    9.19552    9.54487    10.6234    19.4179          0          0          0          0          0 
   12.5077    13.2357    15.8829    20.9464     15.605    11.2775    8.10271    18.6187    7.45844    15.1198    13.3182     9.0046    8.75978    15.1027    11.8942     7.2098    16.0075    9.27855    5.51363     11.566    17.2863    3.29979    8.34224    7.81262    16.2499    5.28117    14.4252     18.596    17.1046    13.0769    9.60358    4.23551    9.62547    20.9025    10.9526    1.91324    12.5264    7.92729    9.75553          0    9.56528    5.40691    5.01146    3.94802     12.035    7.04357    15.5522    10.6919    7.43241    11.9866    19.2169    3.32401    8.12895    6.01906     18.023    2.58723    17.0802    18.2748    18.9876    12.5616    10.8278    5.20149    10.0927    14.5398    12.1398    1.64253     13.769    11.9336    8.09718    1.41295     11.131     4.7223    6.68103    1.65159     6.7891    7.10076    5.25728    9.49432    8.52105    12.0402          0          0          0          0          0 
