
NameOfInst: Instances/csarp/sarp-10-5-A-1.txt
RunningScen: 1A
Instance Name: sarp-10-5-A-1
Instance type: csarp

n: 10
m: 5
K: 3
Dist Matrix: 
         0    18.1216    8.77054    26.2068    3.11997    15.4788    16.8143    4.92382    3.92905    13.2582     3.5361    21.2795    8.83135    24.6789    6.69364    18.6192    14.7695     8.5014    10.9551    13.2068    19.6051    21.6018     23.912    10.3832     23.041    19.7999    23.4158    23.2601     8.1304    16.7456    20.1921    18.3169    24.9751          0          0          0 
   18.1216          0    15.0868     10.204    18.0826    13.1735    9.17276    18.7657    18.0996    9.22522    14.7816    3.25208    13.7598    7.43195    14.0623    12.6141    12.7373    15.2711    13.6183    8.06829    17.4683    5.10188    10.6034    13.4946    6.81107    20.9853    5.29429    5.65207    11.0934    3.89486     16.552    11.8499    6.90167          0          0          0 
   8.77054    15.0868          0     20.235    11.3489    19.2321    9.70788    13.1395    5.58533    15.2862    6.40818    17.5781     1.3377    19.7004     11.895    21.4134    6.44581     14.411     2.5316    14.5134     10.837    19.8613    17.0465    15.0788    17.6389     11.316    19.8787    18.7787    10.7523    12.0854    11.4845    10.3422    21.6758          0          0          0 
   26.2068     10.204     20.235          0    26.9644    23.2881    10.6482    27.9881    24.9374    19.4266    22.6712    7.62536    19.1709    3.43476    23.5951     22.262    14.8156    25.1501    17.9003    18.2546    16.3638    12.1158    4.25783    23.5717    3.44787    20.4993    7.57727    5.16274    20.5737    9.59793    14.8808    11.3678    8.36633          0          0          0 
   3.11997    18.0826    11.3489    26.9644          0    13.2018    18.3289    1.84265    7.00962    11.7524    5.16428    21.3237    11.1511    25.0813    4.78081    16.5268    16.8878    5.90371    13.2762    11.9808    22.0657    20.9319    25.1008      8.104    23.6557    22.5881      23.32    23.5179    7.18195    17.3697     22.513    20.1571    24.7429          0          0          0 
   15.4788    13.1735    19.2321    23.2881    13.2018          0     19.792    12.4562    18.1991    4.57019    14.2007    15.7519    18.1689    20.2081    8.78999    3.49678    21.2902     7.3623    19.5546    5.78686    27.0676    12.4551    23.6163    5.11893    19.9608    29.4066    16.6997    18.3378    8.54499    15.4974    26.7286    22.5541    17.2945          0          0          0 
   16.8143    9.17276    9.70788    10.6482    18.3289     19.792          0    19.7417    14.8056    15.2258    13.3908    10.1489    8.77153    10.7341    16.2735    20.4475    4.34428    18.4704    7.28857    14.0071    8.29568    14.1716     7.3547    17.7765    8.50123    11.9236    12.2304    10.3359    13.5826    5.29116    7.43046    2.82171    14.0309          0          0          0 
   4.92382    18.7657    13.1395    27.9881    1.84265    12.4562    19.7417          0    8.83793    11.6547    6.85418    22.0178    12.8838    25.9365    4.83693    15.8858    18.5297    5.11079    14.9966    12.0711       23.8    21.2223    26.3366    7.51307     24.627    24.4049    23.9211    24.3081    7.68004    18.3991    24.2034    21.6863    25.2573          0          0          0 
   3.92905    18.0996    5.58533    24.9374    7.00962    18.1991    14.8056    8.83793          0    15.2153    4.09062    21.0389    6.11509    23.8939    9.59142    21.0486    11.9921    11.8018    8.05427     14.858     16.259    22.2424    22.1342     13.295    22.0236    16.0697    23.2922    22.6933    9.97686    15.9369    17.0149    15.8135    24.9859          0          0          0 
   13.2582    9.22522    15.2862    19.4266    11.7524    4.57019    15.2258    11.6547    15.2153          0    11.1259    12.1577    14.1241    16.5744    6.97555    6.12721    16.7964    6.97246     15.314    1.25341     22.548    9.95682    19.3462    4.70008    16.0142    25.0131    13.5268    14.7308    5.25668    11.0732    22.1757    17.9842    14.4917          0          0          0 
    3.5361    14.7816    6.40818    22.6712    5.16428    14.2007    13.3908    6.85418    4.09062    11.1259          0    17.8869    6.03655    21.1805    5.85684    16.9759    11.7248    8.27824    8.14296     10.796    16.9481    18.5561    20.4104    9.43477    19.5151    17.7239    20.0645     19.796    5.88699    13.2282    17.3574    15.0613    21.6725          0          0          0 
   21.2795    3.25208    17.5781    7.62536    21.3237    15.7519    10.1489    22.0178    21.0389    12.1577    17.8869          0    16.2851    4.45937    17.3073    14.6392    14.2387    18.4558    15.8266    11.0745    18.2175    4.89694    9.13916    16.5945    4.58524    22.0357    2.30083    2.59173    14.3445    5.55223    17.0858    12.4555    4.10786          0          0          0 
   8.83135    13.7598     1.3377    19.1709    11.1511    18.1689    8.77153    12.8838    6.11509    14.1241    6.03655    16.2851          0    18.5117    11.1725    20.2469      5.972    13.6952    2.13419    13.3091    10.9174    18.5238    16.1257    14.1862    16.4847    11.8674    18.5859    17.5412     9.7711    10.8169    11.3907    9.70956    20.3771          0          0          0 
   24.6789    7.43195    19.7004    3.43476    25.0813    20.2081    10.7341    25.9365    23.8939    16.5744    21.1805    4.45937    18.5117          0    21.3494    18.9822    15.0779    22.6814    17.5806    15.4597    17.7551     8.7029     6.4506    20.9251    2.26223    21.8311    4.14258    1.87041    18.3386     7.9834    16.3896    12.2374     5.0608          0          0          0 
   6.69364    14.0623     11.895    23.5951    4.78081    8.78999    16.2735    4.83693    9.59142    6.97555    5.85684    17.3073    11.1725    21.3494          0    11.9456    15.9796      2.523    13.0564    7.27213    21.6506    16.3868    22.3231    3.73176    20.1823    23.0343    19.1488    19.6656     3.0232    14.1013    21.7676     18.564    20.4476          0          0          0 
   18.6192    12.6141    21.4134     22.262    16.5268    3.49678    20.4475    15.8858    21.0486    6.12721    16.9759    14.6392    20.2469    18.9822    11.9456          0    22.5764    10.7758    21.3807    6.99758    28.2179    10.5774     23.214    8.42915    19.1211    30.9234    15.1332     17.138    11.1171    15.6317     27.697    23.2662     15.393          0          0          0 
   14.7695    12.7373    6.44581    14.8156    16.8878    21.2902    4.34428    18.5297    11.9921    16.7964    11.7248    14.2387      5.972    15.0779    15.9796    22.5764          0    18.4167    3.93794    15.6953    5.81259    17.8384    11.1362    18.2965    12.8412    8.45278     16.409    14.6425    13.8022    8.92074    5.78828    3.96424    18.2289          0          0          0 
    8.5014    15.2711     14.411    25.1501    5.90371     7.3623    18.4704    5.11079    11.8018    6.97246    8.27824    18.4558    13.6952    22.6814      2.523    10.7758    18.4167          0    15.5691    7.66896    24.1226    16.8809    24.1968    2.44692    21.7072    25.5557    20.1152    20.9231    4.89924    15.8445    24.1996    20.8587     21.255          0          0          0 
   10.9551    13.6183     2.5316    17.9003    13.2762    19.5546    7.28857    14.9966    8.05427     15.314    8.14296    15.8266    2.13419    17.5806    13.0564    21.3807    3.93794    15.5691          0     14.385    8.80654    18.5835    14.5864    15.8691    15.4542    10.0327    18.1121    16.7942    11.3755     10.275    9.25647    7.81115    19.9329          0          0          0 
   13.2068    8.06829    14.5134    18.2546    11.9808    5.78686    14.0071    12.0711     14.858    1.25341     10.796    11.0745    13.3091    15.4597    7.27213    6.99758    15.6953    7.66896     14.385          0     21.419    9.23116    18.1042    5.56986    14.8308    23.9724     12.548    13.6299    5.07938    9.82029    21.0117    16.7767    13.6071          0          0          0 
   19.6051    17.4683     10.837    16.3638    22.0657    27.0676    8.29568       23.8     16.259     22.548    16.9481    18.2175    10.9174    17.7551    21.6506    28.2179    5.81259    24.1226    8.80654     21.419          0    22.4495    12.1282    24.0925    15.5337     4.1356    20.1245    17.8921    19.5869    13.5823    1.55753    5.76216    21.8503          0          0          0 
   21.6018    5.10188    19.8613    12.1158    20.9319    12.4551    14.1716    21.2223    22.2424    9.95682    18.5561    4.89694    18.5238     8.7029    16.3868    10.5774    17.8384    16.8809    18.5835    9.23116    22.4495          0    14.0332    14.6569    9.40952    26.0504    4.63896    6.97818    13.7574    8.95759    21.4529    16.7505    4.85692          0          0          0 
    23.912    10.6034    17.0465    4.25783    25.1008    23.6163     7.3547    26.3366    22.1342    19.3462    20.4104    9.13916    16.1257     6.4506    22.3231     23.214    11.1362    24.1968    14.5864    18.1042    12.1282    14.0332          0    22.9679    4.74342    16.2627    10.0796    7.43394     19.376    8.41081    10.6328    7.40562    11.3891          0          0          0 
   10.3832    13.4946    15.0788    23.5717      8.104    5.11893    17.7765    7.51307     13.295    4.70008    9.43477    16.5945    14.1862    20.9251    3.73176    8.42915    18.2965    2.44692    15.8691    5.56986    24.0925    14.6569    22.9679          0    20.1252    25.8987    18.1174    19.1212    4.51949    14.5573    24.0116    20.3308    19.1572          0          0          0 
    23.041    6.81107    17.6389    3.44787    23.6557    19.9608    8.50123     24.627    22.0236    16.0142    19.5151    4.58524    16.4847    2.26223    20.1823    19.1211    12.8412    21.7072    15.4542    14.8308    15.5337    9.40952    4.74342    20.1252          0    19.5944    5.33814    2.70041    17.1592    6.30948    14.1916    9.98109    6.72475          0          0          0 
   19.7999    20.9853     11.316    20.4993    22.5881    29.4066    11.9236    24.4049    16.0697    25.0131    17.7239    22.0357    11.8674    21.8311    23.0343    30.9234    8.45278    25.5557    10.0327    23.9724     4.1356    26.0504    16.2627    25.8987    19.5944          0    24.0286    21.8838     21.396    17.0975    5.64511    9.67628    25.7864          0          0          0 
   23.4158    5.29429    19.8787    7.57727      23.32    16.6997    12.2304    23.9211    23.2922    13.5268    20.0645    2.30083    18.5859    4.14258    19.1488    15.1332     16.409    20.1152    18.1121     12.548    20.1245    4.63896    10.0796    18.1174    5.33814    24.0286          0    2.65034    16.2439    7.83816    18.9186    14.3775    1.82914          0          0          0 
   23.2601    5.65207    18.7787    5.16274    23.5179    18.3378    10.3359    24.3081    22.6933    14.7308     19.796    2.59173    17.5412    1.87041    19.6656     17.138    14.6425    20.9231    16.7942    13.6299    17.8921    6.97818    7.43394    19.1212    2.70041    21.8838    2.65034          0    16.6697    6.77783     16.616    12.2088    4.06306          0          0          0 
    8.1304    11.0934    10.7523    20.5737    7.18195    8.54499    13.5826    7.68004    9.97686    5.25668    5.88699    14.3445     9.7711    18.3386     3.0232    11.1171    13.8022    4.89924    11.3755    5.07938    19.5869    13.7574     19.376    4.51949    17.1592     21.396    16.2439    16.6697          0     11.101     19.543    16.0178    17.6069          0          0          0 
   16.7456    3.89486    12.0854    9.59793    17.3697    15.4974    5.29116    18.3991    15.9369    11.0732    13.2282    5.55223    10.8169     7.9834    14.1013    15.6317    8.92074    15.8445     10.275    9.82029    13.5823    8.95759    8.41081    14.5573    6.30948    17.0975    7.83816    6.77783     11.101          0    12.7023    8.01837     9.6579          0          0          0 
   20.1921     16.552    11.4845    14.8808     22.513    26.7286    7.43046    24.2034    17.0149    22.1757    17.3574    17.0858    11.3907    16.3896    21.7676     27.697    5.78828    24.1996    9.25647    21.0117    1.55753    21.4529    10.6328    24.0116    14.1916    5.64511    18.9186     16.616     19.543    12.7023          0    4.70667    20.6137          0          0          0 
   18.3169    11.8499    10.3422    11.3678    20.1571    22.5541    2.82171    21.6863    15.8135    17.9842    15.0613    12.4555    9.70956    12.2374     18.564    23.2662    3.96424    20.8587    7.81115    16.7767    5.76216    16.7505    7.40562    20.3308    9.98109    9.67628    14.3775    12.2088    16.0178    8.01837    4.70667          0    16.1199          0          0          0 
   24.9751    6.90167    21.6758    8.36633    24.7429    17.2945    14.0309    25.2573    24.9859    14.4917    21.6725    4.10786    20.3771     5.0608    20.4476     15.393    18.2289     21.255    19.9329    13.6071    21.8503    4.85692    11.3891    19.1572    6.72475    25.7864    1.82914    4.06306    17.6069     9.6579    20.6137    16.1199          0          0          0          0 
         0          0          0          0          0          0          0          0          0          0          0          0          0          0          0          0          0          0          0          0          0          0          0          0          0          0          0          0          0          0          0          0          0          0          0          0 
         0          0          0          0          0          0          0          0          0          0          0          0          0          0          0          0          0          0          0          0          0          0          0          0          0          0          0          0          0          0          0          0          0          0          0          0 
         0          0          0          0          0          0          0          0          0          0          0          0          0          0          0          0          0          0          0          0          0          0          0          0          0          0          0          0          0          0          0          0          0          0          0          0 
service: 0.0833333

Threads: 1
Version identifier: 12.10.0.0 | 2019-11-26 | 843d4de
CPXPARAM_Threads                                 1
CPXPARAM_TimeLimit                               7200
Tried aggregator 2 times.
MIP Presolve eliminated 2000 rows and 1506 columns.
MIP Presolve modified 27 coefficients.
Aggregator did 3 substitutions.
Reduced MIP has 173 rows, 420 columns, and 1293 nonzeros.
Reduced MIP has 354 binaries, 0 generals, 0 SOSs, and 0 indicators.
Presolve time = 0.01 sec. (4.67 ticks)
Found incumbent of value -8.026724 after 0.02 sec. (7.44 ticks)
Probing fixed 101 vars, tightened 0 bounds.
Probing time = 0.01 sec. (2.20 ticks)
Tried aggregator 2 times.
MIP Presolve eliminated 49 rows and 148 columns.
MIP Presolve modified 132 coefficients.
Aggregator did 12 substitutions.
Reduced MIP has 112 rows, 260 columns, and 809 nonzeros.
Reduced MIP has 244 binaries, 0 generals, 0 SOSs, and 0 indicators.
Presolve time = 0.00 sec. (1.36 ticks)
Probing time = 0.00 sec. (1.36 ticks)
Tried aggregator 2 times.
Detecting symmetries...
MIP Presolve eliminated 4 rows and 8 columns.
MIP Presolve modified 70 coefficients.
Aggregator did 1 substitutions.
Reduced MIP has 107 rows, 251 columns, and 792 nonzeros.
Reduced MIP has 243 binaries, 0 generals, 0 SOSs, and 0 indicators.
Presolve time = 0.00 sec. (0.75 ticks)
Probing time = 0.00 sec. (1.34 ticks)
Clique table members: 578.
MIP emphasis: balance optimality and feasibility.
MIP search method: dynamic search.
Parallel mode: none, using 1 thread.
Root relaxation solution time = 0.00 sec. (0.60 ticks)

        Nodes                                         Cuts/
   Node  Left     Objective  IInf  Best Integer    Best Bound    ItCnt     Gap

*     0+    0                           -8.0267       73.3834              --- 
      0     0       10.1148    22       -8.0267       10.1148       56  226.01%
*     0+    0                           -0.0386       10.1148              --- 
      0     0        7.2075    22       -0.0386      Cuts: 10       78     --- 
      0     0        4.9443    22       -0.0386      Cuts: 15      104     --- 
Detecting symmetries...

Repeating presolve.
Tried aggregator 2 times.
MIP Presolve eliminated 3 rows and 80 columns.
MIP Presolve modified 7 coefficients.
Aggregator did 4 substitutions.
Reduced MIP has 100 rows, 167 columns, and 544 nonzeros.
Reduced MIP has 162 binaries, 0 generals, 0 SOSs, and 0 indicators.
Presolve time = 0.00 sec. (0.50 ticks)
Probing time = 0.00 sec. (0.73 ticks)
Tried aggregator 1 time.
Detecting symmetries...
Reduced MIP has 100 rows, 167 columns, and 544 nonzeros.
Reduced MIP has 162 binaries, 0 generals, 0 SOSs, and 0 indicators.
Presolve time = 0.00 sec. (0.39 ticks)
Represolve time = 0.01 sec. (2.19 ticks)
Probing time = 0.00 sec. (0.73 ticks)
Clique table members: 357.
MIP emphasis: balance optimality and feasibility.
MIP search method: dynamic search.
Parallel mode: none, using 1 thread.
Root relaxation solution time = 0.00 sec. (1.25 ticks)

        Nodes                                         Cuts/
   Node  Left     Objective  IInf  Best Integer    Best Bound    ItCnt     Gap

*     0+    0                           -0.0386        4.9443              --- 
      0     0        4.9443    60       -0.0386        4.9443      232     --- 
      0     0        3.9945    60       -0.0386      Cuts: 34      247     --- 
      0     0        3.4366    60       -0.0386      Cuts: 20      276     --- 
      0     0        2.8392    60       -0.0386      Cuts: 11      290     --- 
      0     0        2.6464    60       -0.0386      Cuts: 29      314     --- 
      0     0        2.6053    60       -0.0386      Cuts: 11      326     --- 
*     0+    0                            0.7148        2.6053           264.47%
      0     0        2.4265    60        0.7148      Cuts: 11      348  239.46%
      0     0        2.3481    60        0.7148      Cuts: 13      366  228.49%
      0     0        2.2125    60        0.7148  ZeroHalf: 12      388  209.51%
      0     0        2.1651    60        0.7148      Cuts: 15      402  202.89%
      0     0        2.0257    60        0.7148       Cuts: 9      421  183.39%
      0     0        1.9927    60        0.7148      Cuts: 12      433  178.77%
      0     0        1.9805    60        0.7148       Cuts: 6      444  177.06%
      0     0        1.9764    60        0.7148      Cuts: 13      455  176.49%
      0     0        1.9588    60        0.7148       Cuts: 3      464  174.02%
      0     0        1.9413    60        0.7148       Cuts: 2      472  171.59%
      0     0        1.9383    60        0.7148      Cuts: 12      483  171.16%
      0     0        1.9339    60        0.7148       Cuts: 9      493  170.54%
      0     0        1.9178    60        0.7148       Cuts: 9      506  168.29%
      0     0        1.9082    60        0.7148      Cuts: 20      523  166.94%
      0     0        1.9011    60        0.7148       Cuts: 9      539  165.95%
      0     0        1.8963    60        0.7148      Cuts: 13      551  165.28%
      0     0        1.8923    60        0.7148       Cuts: 4      560  164.72%
      0     0        1.8298    60        0.7148   ZeroHalf: 2      588  155.98%
      0     0        1.7727    60        0.7148      Cuts: 14      616  148.00%
      0     0        1.7648    60        0.7148       Cuts: 7      625  146.89%
      0     0        1.7452    60        0.7148      Cuts: 17      649  144.15%
      0     0        1.7286    60        0.7148   ZeroHalf: 4      661  141.82%
      0     0        1.6968    60        0.7148      Cuts: 12      677  137.38%
      0     0        1.6829    60        0.7148       Cuts: 4      686  135.43%
      0     0        1.6615    60        0.7148      Cuts: 11      702  132.43%
      0     0        1.6556    60        0.7148       Cuts: 9      708  131.61%
      0     0        1.6486    60        0.7148       Cuts: 2      715  130.63%
      0     0        1.6416    60        0.7148       Cuts: 4      721  129.66%
      0     0        1.6270    60        0.7148       Cuts: 4      729  127.62%
      0     0        1.6092    60        0.7148      Cuts: 11      739  125.12%
      0     0        1.5943    60        0.7148      Cuts: 12      751  123.04%
      0     0        1.5613    60        0.7148       Cuts: 5      764  118.42%
      0     0        1.5090    60        0.7148      Cuts: 10      784  111.11%
      0     0        1.3882    60        0.7148      Cuts: 13      805   94.20%
      0     0        1.3609    60        0.7148      Cuts: 22      816   90.38%
      0     0        1.3212    60        0.7148       Cuts: 7      831   84.83%
      0     0        1.1452    60        0.7148      Cuts: 17      857   60.20%
      0     0        1.0771    60        0.7148       Cuts: 6      870   50.68%
      0     0        1.0438    60        0.7148      Cuts: 11      880   46.03%
      0     0        1.0361    60        0.7148   ZeroHalf: 3      887   44.94%
      0     0        0.9858    60        0.7148       Cuts: 4      899   37.90%
      0     0        0.9225    60        0.7148      Cuts: 14      915   29.05%
      0     0        0.8858    60        0.7148       Cuts: 6      930   23.92%
      0     0        0.8709    60        0.7148       Cuts: 6      934   21.83%
      0     0        0.8601    60        0.7148      Cuts: 12      942   20.33%
      0     0        0.8213    60        0.7148       Cuts: 5      953   14.89%
      0     0        0.7914    60        0.7148       Cuts: 3      968   10.72%
      0     0        0.7840    60        0.7148       Cuts: 4      977    9.68%
      0     0        0.7751    60        0.7148       Cuts: 7      987    8.43%
      0     0        0.7664    60        0.7148       Cuts: 4      993    7.21%
      0     0        0.7575    60        0.7148       Cuts: 5      999    5.98%
      0     0        0.7418    60        0.7148       Cuts: 5     1004    3.77%
      0     0        cutoff              0.7148                   1008     --- 
Elapsed time = 0.32 sec. (142.63 ticks, tree = 0.01 MB, solutions = 3)

Clique cuts applied:  3
Implied bound cuts applied:  9
Mixed integer rounding cuts applied:  2
Zero-half cuts applied:  14
Lift and project cuts applied:  2

Root node processing (before b&c):
  Real time             =    0.32 sec. (142.71 ticks)
Sequential b&c:
  Real time             =    0.00 sec. (0.00 ticks)
                          ------------
Total (root+branch&cut) =    0.32 sec. (142.71 ticks)

Sol status: Optimal
 Total Time: 0.32
 LB: 0.714819
 UB: 0.714819

Obj Val: 0.714818672754902

Solve Time: 0.32
x(0, 10, 0)
x(7, 17, 0)
x(10, 7, 0)
x(17, 33, 0)
x(30, 0, 0)
x(3, 13, 1)
x(4, 14, 1)
x(9, 19, 1)
x(13, 9, 1)
x(14, 34, 1)
x(19, 4, 1)
x(31, 3, 1)
x(1, 11, 2)
x(2, 12, 2)
x(5, 15, 2)
x(6, 16, 2)
x(8, 18, 2)
x(11, 6, 2)
x(12, 5, 2)
x(15, 35, 2)
x(16, 8, 2)
x(18, 2, 2)
x(32, 1, 2)
b(0): 2.36666666666667
b(1): 3.63333333333333
b(2): 8.93333333333333
b(3): 14.1166667075323
b(4): 16.8000000568805
b(5): 9.8166667082703
b(6): 4.3
b(7): 3.61666666666667
b(8): 4.93333333333333
b(9): 15.1166666815794
b(10): 2.53624631107993
b(11): 3.79598568120806
b(12): 9.04929347122928
b(13): 14.2837745903765
b(14): 16.9999384477661
b(15): 9.98528745427551
b(16): 4.4892914567328
b(17): 3.82465340717957
b(18): 5.21311217998412
b(19): 15.2305710662368
b(20): 1.79084196528449
b(21): 9.08327178109944
b(22): 2.06862078760885
b(23): 6.37344683135208e-322
b(24): 4.64643297564213e-310
b(25): 6.92209761758436e-310
b(26): 2.12199579047121e-314
b(27): 0
b(28): 0
b(29): 0
b(30): 0
b(31): 0
b(32): 1.34385855668819e-321
b(33): 2.42092166462211e-322
b(34): 0
b(35): 1.31513076221211e-231


Customer profit: 72.1590063622391
Parcel profit: 0
Costs: 71.4441876894842

Number of Vehicles: 3

Solution: 
Vehicle 0: 30 - 0 - 10 - 7 - 17 - 33 - Total time: 3.82465340717957
Vehicle 1: 31 - 3 - 13 - 9 - 19 - 4 - 14 - 34 - Total time: 16.9999384477661
Vehicle 2: 32 - 1 - 11 - 6 - 16 - 8 - 18 - 2 - 12 - 5 - 15 - 35 - Total time: 9.98528745427551


Solution structure: 
Vehicle 0: d - P - d - D - f
Vehicle 1: d - P - d - D - d - P - f
Vehicle 2: d - P - d - D - d - D - d - P - d - D - f


size of n: 10

size of m: 5

*************


Served parcels: 5

Unserved parcels: 0

*************

Total time: 5.45479963005395

Total passenger time: 0.5

Total parcel time: 2.63835522640428

Total combined transportation time: 0.333333333333333

Total idle time: 1.98311107031634

*************

Total distance: 121.146784832212

Total passenger distance: -20.5

Total parcel distance: 74.0058976159088

Total combined transportation distance: -13.6666666666667

Total idle distance: 81.30755388297

*************

Waiting time passenger: 25.6050796791672

Waiting time goods: 5.37347943918576e-14

Total waiting time: 25.6050796791672


______PART II_____


Threads: 1
Version identifier: 12.10.0.0 | 2019-11-26 | 843d4de
CPXPARAM_Threads                                 1
CPXPARAM_TimeLimit                               7200
Found incumbent of value -0.245590 after 0.00 sec. (0.15 ticks)
Tried aggregator 2 times.
MIP Presolve eliminated 346 rows and 2602 columns.
MIP Presolve modified 62 coefficients.
Aggregator did 4 substitutions.
Reduced MIP has 36 rows, 34 columns, and 110 nonzeros.
Reduced MIP has 20 binaries, 0 generals, 0 SOSs, and 0 indicators.
Presolve time = 0.00 sec. (1.58 ticks)
Probing fixed 5 vars, tightened 0 bounds.
Probing time = 0.00 sec. (0.03 ticks)
Tried aggregator 2 times.
MIP Presolve eliminated 20 rows and 21 columns.
MIP Presolve modified 10 coefficients.
Aggregator did 1 substitutions.
Reduced MIP has 15 rows, 12 columns, and 42 nonzeros.
Reduced MIP has 12 binaries, 0 generals, 0 SOSs, and 0 indicators.
Presolve time = 0.00 sec. (0.10 ticks)
Probing time = 0.00 sec. (0.02 ticks)
Tried aggregator 1 time.
Reduced MIP has 15 rows, 12 columns, and 42 nonzeros.
Reduced MIP has 12 binaries, 0 generals, 0 SOSs, and 0 indicators.
Presolve time = 0.00 sec. (0.03 ticks)
Probing time = 0.00 sec. (0.02 ticks)
Clique table members: 15.
MIP emphasis: balance optimality and feasibility.
MIP search method: dynamic search.
Parallel mode: none, using 1 thread.
Root relaxation solution time = 0.00 sec. (0.02 ticks)

        Nodes                                         Cuts/
   Node  Left     Objective  IInf  Best Integer    Best Bound    ItCnt     Gap

*     0+    0                            2.1987       17.3032           686.96%
*     0     0      integral     0        5.0774        5.0774        3    0.00%
Elapsed time = 0.01 sec. (2.45 ticks, tree = 0.00 MB, solutions = 2)

Root node processing (before b&c):
  Real time             =    0.01 sec. (2.56 ticks)
Sequential b&c:
  Real time             =    0.00 sec. (0.00 ticks)
                          ------------
Total (root+branch&cut) =    0.01 sec. (2.56 ticks)

Sol status: Optimal
 Total Time: 0
 LB: 5.07743269238317
 UB: 5.07743269238263
11 24 2: 1
12 29 2: 1
13 23 1: 1
19 28 1: 1

b(2, 11): 3.62931905323361
b(2, 12): 8.88262682047813
b(1, 13): 14.2837745903765
b(1, 19): 15.3972377179908
s(23): 24
s(24): 24
s(28): 24
s(29): 24
k, i: 0
k, i: 10
k, i: 7
k, i: 17
k, i: 3
k, i: 13
k, j: 13
k, i: 9
k, i: 19
k, j: 19
k, i: 4
k, i: 14
k, i: 1
k, i: 11
k, j: 11
k, i: 6
k, i: 16
k, i: 8
k, i: 18
k, i: 2
k, i: 12
k, j: 12
k, i: 5
k, i: 15


Full solution: 
Vehicle: 30: 0 - 10 - 7 - 17
Vehicle: 31: 3 - 13 - 23 - 9 - 19 - 28 - 4 - 14
Vehicle: 32: 1 - 11 - 24 - 6 - 16 - 8 - 18 - 2 - 12 - 29 - 5 - 15


Full solution with times: 
Vehicle: 0(2.2) - 10(2.36957968648465) - 7(3.45) - 17(3.65798680131947)
 --> Total travel time: 1.45798680131947
Vehicle: 3(14.1166666666667) - 13(14.2837745903765) - 23(14.8774773046167) - 9(15.1166666666667) - 19(15.2305710662368) - 28(15.437791759537) - 4(16.8) - 14(16.9999384477661)
 --> Total travel time: 2.88327178109943
Vehicle: 1(3.46666666666667) - 11(3.62931905323361) - 24(3.82448746192751) - 6(4.13333333333333) - 16(4.32262484175305) - 8(4.76666666666667) - 18(5.06133508038354) - 2(8.76666666666667) - 12(8.88262682047813) - 29(9.22978715572057) - 5(9.81666666666667) - 15(9.98528745427551)
 --> Total travel time: 6.51862078760884


Full solution value: 5.79225136513755


Served parcels: 2


Profit of customers: 72.1590063622391


Profit of parcels: 14.4680375421959


Costs: 80.8347925392975

*************

Total time: 6.28604414312288

Total passenger time: 1.07588575253583

Total parcel time: 1.56393387619783

Total combined transportation time: 0.698934825936952

Total idle time: 2.94728968845226

*************

Total distance: 175.727809868038

Total passenger distance: 23.6113158539692

Total parcel distance: 43.6212889241112

Total combined transportation distance: 14.9896611967484

Total idle distance: 93.5055438932093


Passenger detour (%): 0: 0 1: 0 2: 0 3: 0 4: 0 5: 0 6: 0 7: 0 8: 0 9: 0 


NameOfInst: Instances/csarp/sarp-10-5-A-2.txt
RunningScen: 1A
Instance Name: sarp-10-5-A-2
Instance type: csarp

n: 10
m: 5
K: 3
Dist Matrix: 
         0     12.003    12.0287    15.1766    18.2704    18.1132    14.0461    27.0885    22.1285    11.5145    7.62454    12.4016    14.3659    14.2198    17.7935    15.4199    13.8879    25.1359    21.8111    14.3309    12.0143    24.7438    23.0957    27.2213    20.8225    12.8789    24.5569    27.8584    19.0146     19.229    17.7518    15.8321    16.4497          0          0          0 
    12.003          0    12.8635    3.82718     18.322    8.59323    9.25994    16.4985    18.2467    6.82242    5.18779    1.81708    14.5398    2.21713    16.7377    4.60242    11.4884    14.1557    19.0313    5.43175    2.26541    15.4903    11.1927    15.8552     17.124    1.09879    16.1989    16.5499     8.8097    18.6004    9.94118    4.14462    7.46844          0          0          0 
   12.0287    12.8635          0    16.5302    6.45469    21.4567     5.7734    20.1191    10.4342    6.32656    13.2495    11.5477    2.36229    14.1399    5.76517    17.4263    3.40288    19.1276    9.85402    9.92815    10.8966    16.4303    19.9202    21.6773    9.16856     12.787     15.371    22.0987    13.3924    7.27632    9.97482    16.5336    10.6033          0          0          0 
   15.1766    3.82718    16.5302          0     21.668    5.12551    12.3453    15.9762    20.7826    10.3058    7.68659    4.99712    18.0597     2.5564    19.9719    1.07512    14.8267    13.4112    21.8058    7.84294    5.63987    16.0164    9.17722    14.5619    19.7718    3.74616    17.1823    15.2943    9.44388    21.8271    11.8728   0.940797    9.26042          0          0          0 
   18.2704     18.322    6.45469     21.668          0    26.7672    9.39781    20.6839    6.67607    11.5027    19.5265     16.737    4.13927     19.135    1.97264    22.6636    6.84921    20.5044    5.10147    14.1143     16.136    16.3867    22.8741    23.0714    5.92711    17.9884    14.6465    23.3084    15.9921    1.24056    11.9827    21.4716    13.7872          0          0          0 
   18.1132    8.59323    21.4567    5.12551    26.7672          0    17.4679    19.1819    25.8257    15.3388    10.5842    10.0401    23.0928    7.68173     25.089    4.10433    19.9195    16.5577    26.9002    12.9511    10.6592    20.1052    11.3232    17.0212    24.8456    8.78425    21.5448    17.7466    13.9279    26.9461    16.8145    5.51469    14.2228          0          0          0 
   14.0461    9.25994     5.7734    12.3453    9.39781    17.4679          0    14.5981    9.27184     2.9767    11.8371    7.53968    6.28263    9.79371    7.63601    13.3689    2.76915    13.4211    9.82882    4.72557    6.99946    11.2876    14.2453    15.9477    8.05285    8.75731    10.6897    16.3944    7.62155     9.4854     4.3749    12.0969    4.87688          0          0          0 
   27.0885    16.4985    20.1191    15.9762    20.6839    19.1819    14.5981          0    15.2132    16.0269    21.6043    15.2634    19.7128    14.7536    18.7844    16.7918    16.7271    2.62578    17.1318    12.7579    15.4332    4.40832    8.10535    3.41903    15.2247    15.4005    6.50506    3.18265    8.08392    19.9352     10.225    15.0577    10.7083          0          0          0 
   22.1285    18.2467    10.4342    20.7826    6.67607    25.8257    9.27184    15.2132          0    12.2195    21.0914    16.4439     8.4461    18.2763    5.43731    21.8541    8.30777    15.6544    1.94918    12.9958    15.9994    10.8057    19.2654    18.0727    1.30796    17.5552    8.76672    18.1576    12.7817    5.54772     9.1087     20.311    11.6311          0          0          0 
   11.5145    6.82242    6.32656    10.3058    11.5027    15.3388     2.9767    16.0269    12.2195          0    8.87263    5.31125    7.75753    7.85209    9.96292    11.2534    4.69211    14.4357    12.6609    3.90381    4.68067    13.2824    14.0929    16.8135    10.9792    6.56754     13.046    17.3532    8.24722     11.821    6.24695    10.2438      5.386          0          0          0 
   7.62454    5.18779    13.2495    7.68659    19.5265    10.5842    11.8371    21.6043    21.0914    8.87263          0    6.37324    15.4147    7.26986    18.3216    7.82691    13.2054    19.3132    21.4585    9.59093    6.32791    20.2463    16.2692     21.043     19.845     6.2608    20.6793    21.7374    13.7223    20.1092    13.9859    8.43364    11.8537          0          0          0 
   12.4016    1.81708    11.5477    4.99712     16.737    10.0401    7.53968    15.2634    16.4439    5.31125    6.37324          0    13.0682    2.62357    15.0959    5.94542    9.88779    13.0428    17.2603    3.62787   0.657134    13.9356    10.7356     14.936    15.3319    1.25717    14.5286     15.603     7.3513     16.958    8.15231    5.00231    5.73013          0          0          0 
   14.3659    14.5398    2.36229    18.0597    4.13927    23.0928    6.28263    19.7128     8.4461    7.75753    15.4147    13.0682          0    15.5814    3.44457    19.0108     3.5142     19.021     7.6501    10.9022    12.4377    15.7452    20.4677     21.605    7.24473    14.3249     14.423    21.9588    13.6988    4.91499    9.92382    17.9629    11.1064          0          0          0 
   14.2198    2.21713    14.1399     2.5564     19.135    7.68173    9.79371    14.7536    18.2763    7.85209    7.26986    2.62357    15.5814          0    17.4246    3.60419    12.3029     12.313    19.2662    5.30232    3.28028    14.2024    9.01408    13.8543    17.2461    1.50494    15.1614    14.5632    7.49346    19.2779    9.46709      2.394    6.86041          0          0          0 
   17.7935    16.7377    5.76517    19.9719    1.97264     25.089    7.63601    18.7844    5.43731    9.96292    18.3216    15.0959    3.44457    17.4246          0    20.9859    5.27199     18.551     4.3015    12.3139    14.5153    14.5229    20.9123    21.1223    4.44096    16.3367    12.8519    21.3698    14.0316    1.86296    10.0181    19.7326     11.875          0          0          0 
   15.4199    4.60242    17.4263    1.07512    22.6636    4.10433    13.3689    16.7918    21.8541    11.2534    7.82691    5.94542    19.0108    3.60419    20.9859          0    15.8167     14.203    22.8676    8.90315    6.57321    16.9887    9.71428    15.2243     20.839    4.68829    18.1984    15.9599    10.4632    22.8436    12.9473    1.79703    10.3351          0          0          0 
   13.8879    11.4884    3.40288    14.8267    6.84921    19.9195    2.76915    16.7271    8.30777    4.69211    13.2054    9.88779     3.5142    12.3029    5.27199    15.8167          0    15.8045    8.32921    7.43417    9.28888    13.0351    16.9756    18.3703    7.00157    11.1393     12.039    18.7689    10.2576    7.12898    6.64042    14.6565    7.60573          0          0          0 
   25.1359    14.1557    19.1276    13.4112    20.5044    16.5577    13.4211    2.62578    15.6544    14.4357    19.3132    13.0428     19.021     12.313     18.551     14.203    15.8045          0    17.4943    10.8888    13.2764      5.282     5.5729    2.58815     15.445    13.0644    7.45163    2.97348    6.21639    19.8899    9.16444    12.4855    9.04996          0          0          0 
   21.8111    19.0313    9.85402    21.8058    5.10147    26.9002    9.82882    17.1318    1.94918    12.6609    21.4585    17.2603     7.6501    19.2662     4.3015    22.8676    8.32921    17.4943          0    13.9645    16.7666    12.7236    20.9018    19.9424    2.17424    18.4252    10.7057    20.0471    14.2717     3.8906    10.4325    21.3989    12.8392          0          0          0 
   14.3309    5.43175    9.92815    7.84294    14.1143    12.9511    4.72557    12.7579    12.9958    3.90381    9.59093    3.62787    10.9022    5.30232    12.3139    8.90315    7.43417    10.8888    13.9645          0    3.37647    10.7435    10.1904     13.142    11.9475    4.60448    11.0887    13.7252    4.69716    14.1434    4.53175    7.48174    2.27482          0          0          0 
   12.0143    2.26541    10.8966    5.63987     16.136    10.6592    6.99946    15.4332    15.9994    4.68067    6.32791   0.657134    12.4377    3.28028    14.5153    6.57321    9.28888    13.2764    16.7666    3.37647          0    13.9192    11.2039    15.2429     14.867    1.89376    14.4145    15.8976    7.43531    16.3782    7.90064    5.65909    5.57985          0          0          0 
   24.7438    15.4903    16.4303    16.0164    16.3867    20.1052    11.2876    4.40832    10.8057    13.2824    20.2463    13.9356    15.7452    14.2024    14.5229    16.9887    13.0351      5.282    12.7236    10.7435    13.9192          0    10.2696    7.41751    10.8314    14.4238    2.18983    7.40988    6.71948    15.5912    7.05837    15.1918    8.47616          0          0          0 
   23.0957    11.1927    19.9202    9.17722    22.8741    11.3232    14.2453    8.10535    19.2654    14.0929    16.2692    10.7356    20.4677    9.01408    20.9123    9.71428    16.9756     5.5729    20.9018    10.1904    11.2039    10.2696          0    5.70048     18.737     10.236    12.2358    6.42932    6.88224     22.525    10.8954    8.24895    9.37184          0          0          0 
   27.2213    15.8552    21.6773    14.5619    23.0714    17.0212    15.9477    3.41903    18.0727    16.8135     21.043     14.936     21.605    13.8543    21.1223    15.2243    18.3703    2.58815    19.9424     13.142    15.2429    7.41751    5.70048          0    17.9274     14.791    9.60289   0.736556    8.56737    22.4371    11.7307    13.6211     11.449          0          0          0 
   20.8225     17.124    9.16856    19.7718    5.92711    24.8456    8.05285    15.2247    1.30796    10.9792     19.845    15.3319    7.24473    17.2461    4.44096     20.839    7.00157     15.445    2.17424    11.9475     14.867    10.8314     18.737    17.9274          0    16.4674    8.91688    18.0649    12.0979    4.91945    8.27694    19.3352    10.7194          0          0          0 
   12.8789    1.09879     12.787    3.74616    17.9884    8.78425    8.75731    15.4005    17.5552    6.56754     6.2608    1.25717    14.3249    1.50494    16.3367    4.68829    11.1393    13.0644    18.4252    4.60448    1.89376    14.4238     10.236     14.791    16.4674          0    15.1777    15.4814    7.72956    18.1979    9.04738     3.8075    6.51932          0          0          0 
