DIMENSION: 37
N: 15
M: 10
K: 2

SERVICE: 
99 251 65 260 150 184 221 136 204 170 220 144 383 196 317 

DIST MATRIX: 
    0   591   820   359   624   537   600   388   678   584   624  1207   428   390   699   805   851   947   262   557   227   181   616   333   531   426  1031   984   158   514   227   669   511   289   330   178  1025     0 
  286     0   465     1   305   272   262    86   331   229   318   887   110   291   420   500   535   711   333   301   319   302   354    35   234   319   715   752   341   395   324   665   421   148    50   242   667     0 
  786   321     0   501   311   433   287   482   207   276   335   499   444   665   381   314   286   588   763   442   786   770   422   530   393   631   374   620   815   638   791   904   678   612   531   732   165     0 
  522    28   285     0   296   365   229   286   227   143   326   765   264   372   432   448   457   720   583   390   501   562   412   278   307   514   611   760   602   563   505   849   598   334   305   458   448     0 
  674   465   325   432     0   173   217   354   232   304   124   509   322   712    13   119   174   286   510   151   745   555    93   466   197   330   337   327   599   293   750   525   330   579   421   658   505     0 
  323   319   461   109   253     0   233    35   313   238   256   839    65   395   344   440   483   623   265   211   394   261   268   133   164   213   664   664   306   288   398   560   314   240    73   303   673     0 
  328   298   447    94   246   187     0    14   300   220   251   833    49   384   344   436   477   627   285   215   391   278   271   122   160   232   658   668   322   304   396   579   332   232    67   303   657     0 
  201   331   551    88   376   319   341     0   413   315   384   962   173   280   478   568   607   759   276   346   258   230   403    66   294   311   788   799   264   398   263   647   416   116    69   169   754     0 
  590   407   329   349    98    89   161   270     0   247    67   586   239   633    75   185   237   364   438    72   661   477    29   383   114   266   411   405   522   249   665   511   289   496   336   573   529     0 
  575    73   258   313   316   397   251   336   231     0   347   741   311   413   446   448   451   727   634   421   550   615   437   332   340   558   595   766   655   601   554   887   638   386   358   510   404     0 
  368   251   395    99   209   177   174    42   250   166     0   795    16   384   322   403   441   614   338   207   416   332   257   133   136   269   621   655   376   331   421   613   362   246   100   334   604     0 
 1114   802   511   856   550   614   601   787   557   668   539     0   751  1113   451   356   326   284   943   594  1175   995   535   891   629   756   169   276  1037   695  1180   821   722  1001   854  1092   519     0 
  186   594   780   346   561   459   551   345   632   553   556  1131     0   465   617   730   779   844   140   474   329    69   531   330   466   318   956   880    33   401   330   543   394   330   303   253   991     0 
  180   512   803   366   672   626   626   440   686   576   684  1250   473     0   783   866   901  1065   474   653    49   393   710   331   597   590  1080  1106   391   681    45   889   691   223   373   145   984     0 
  397   213   358   115   194   189   147    84   218   125   210   772    54   383     0   388   421   614   381   219   433   374   262   149   138   305   601   655   417   362   438   646   395   258   132   357   566     0 
  763   473   253   500   194   271   248   432   221   323   185   402   396   762   121     0    55   283   623   257   819   662   204   535   276   446   226   320   707   412   824   634   449   645   499   737   404     0 
  804   483   231   535   231   320   276   472   233   343   227   356   435   788   175    55     0   301   675   308   854   712   257   570   320   500   181   335   757   467   859   686   504   679   539   775   359     0 
  930   743   531   712   434   441   500   629   496   585   409   414   602   996   298   283   301     0   712   413  1017   776   357   745   478   526   308    41   815   449  1021   538   469   857   694   925   641     0 
  295   578   710   334   473   358   477   299   559   500   461  1019   329   534   505   623   675   712     0   367   432    83   420   332   378   187   847   747   108   264   435   415   254   377   283   342   923     0 
  525   404   380   302   132    30   176   217   240   251   107   657   193   591   143   257   308   413   367     0   604   406    59   334    85   198   483   453   450   197   609   474   237   446   282   513   586     0 
  143   477   762   319   625   577   580   391   642   532   636  1205   425   183   734   819   854  1017   432   604     0   352   661   285   549   542  1034  1057   354   634     5   846   644   178   324    97   947     0 
  213   553   721   304   496   391   490   290   571   498   490  1063   326   466   549   662   712   776    83   406   352     0   463   293   401   250   888   812    46   335   354   498   331   316   256   265   933     0 
  584   429   358   354   125    84   186   272   233   270    94   601   245   641    86   204   257   357   420    59   661   463     0   387   124   243   427   398   507   222   666   482   261   500   338   571   557     0 
  256   265   495    35   340   305   297   117   364   259   353   922   144   262   454   535   570   745   332   334   285   293   387     0   269   337   750   785   329   418   289   682   441   113    63   209   695     0 
  486   319   335   235    96    58   108   158   186   171    93   676   125   519   186   276   320   478   378    85   549   401   124   269     0   239   501   519   446   264   554   549   303   382   226   463   547     0 
  428   518   571   320   322   199   347   245   424   398   303   837   254   591   326   446   500   526   187   198   542   250   243   337   239     0   666   562   289    92   546   347   105   427   274   445   781     0 
  986   639   342   715   413   498   454   653   400   513   408   175   616   959   341   226   181   308   847   483  1034   888   427   750   501   666     0   323   933   621  1039   801   654   857   720   956   365     0 
  969   783   565   753   475   482   540   670   535   625   450   412   643  1037   340   320   335    41   747   453  1057   812   398   785   519   562   323     0   851   483  1061   555   501   898   735   965   666     0 
  211   592   766   342   542   436   535   334   617   542   535  1107   370   482   593   707   757   815   108   450   354    46   507   329   446   289   933   851     0   370   355   511   362   340   297   273   978     0 
  519   571   575   397   328   211   369   315   437   434   303   786   315   676   293   412   467   449   264   197   634   335   222   418   264    92   621   483   370     0   637   286    40   513   355   537   778     0 
  144   482   767   324   630   582   585   396   647   537   641  1210   430   186   739   824   859  1021   435   609     5   354   666   289   554   546  1039  1061   355   637     0   848   647   183   329   101   952     0 
  711   857   839   666   602   493   650   591   712   719   573   942   597   925   530   634   686   538   415   474   846   498   482   682   549   347   801   555   511   286   848     0   251   762   619   752  1029     0 
  524   606   615   422   368   250   408   343   477   471   343   818   346   696   331   449   504   469   254   237   644   331   261   441   303   105   654   501   362    40   647   251     0   532   378   547   818     0 
  195   313   585   147   451   417   403   229   464   354   465  1028   257   164   568   645   679   857   377   446   178   316   500   113   382   427   857   898   340   513   183   762   532     0   167   124   775     0 
  268   298   490    52   307   254   274    68   349   256   315   894   104   323   410   499   539   694   283   282   324   256   338    63   226   274   720   735   297   355   329   619   378   167     0   238   696     0 
   79   438   701   242   544   487   504   305   572   467   553  1129   341   216   647   737   775   925   342   513    97   265   571   209   463   445   956   965   273   537   101   752   547   124   238     0   895     0 
  951   474   213   666   459   582   446   646   364   441   479   433   608   817   500   404   359   641   923   586   947   933   557   695   547   781   365   666   978   778   952  1029   818   775   696   895     0     0 
    0     0     0     0     0     0     0     0     0     0     0     0     0     0     0     0     0     0     0     0     0     0     0     0     0     0     0     0     0     0     0     0     0     0     0     0     0     0 
