DIMENSION: 47
N: 15
M: 15
K: 2

SERVICE: 
371 389 429 179 213 749 115 62 245 409 304 235 329 86 426 

DIST MATRIX: 
    0   423   438   306    43   187    75   148   395   462   225   468   381   475   125   282   276   251   607   200   167   575   194   351   181   545   413   594   108   113   312   489   252   633    72   133   667   191   384   186   450   114   920   185    69   113   341     0 
  443     0   537   855   798   721   744   796   570   545   659   522   547   574   821   606   637   658   484   962   787   640   747   541   778   615   550   227   762   783   651   948   692   475   741   895   253   659   476   731   552   740   143   662   858   754   708     0 
  432   399     0   763   769   663   719   813   645   640   600   406   616   674   771   647   566   591   326   910   728   486   683   467   716   468   448   224   720   737   707  1027   733   311   727   849   129   615   415   757   437   700   173   619   825   760   774     0 
  552   611   361     0   441   331   451   625   774   832   352   375   745   858   359   668   329   328   451   388   318   305   307   389   307   309   351   685   387   373   731   970   688   473   490   392   655   392   454   639   345   396   941   395   438   573   784     0 
  357   420   263    96     0    91   214   390   541   601   127   291   514   626   144   431   130   114   421   245    91   343    68   225    76   321   240   540   152   144   492   735   448   448   252   208   558   158   290   400   263   157   842   161   229   336   544     0 
  460   397   646   912   782     0   727   722   442   394   693   642   434   412   829   521   690   703   653   964   810   793   779   611   806   760   650   333   765   789   539   785   595   653   712   892   440   677   544   652   666   743   380   678   842   696   578     0 
  188   246   275   309   168   130     0   246   324   384   101   303   296   409   198   217   141   129   437   336   182   440   160   178   180   405   252   409   135   158   283   566   251   462   126   266   478    60   198   222   292   112   734    57   227   184   343     0 
  377   421   489   392   127   259   129     0   337   403   283   518   329   412   211   233   334   312   655   274   250   640   271   395   262   607   465   599   185   195   246   403   182   680    97   214   687   242   415   114   504   183   924   236   149    55   263     0 
  491   453   734   874   653   695   610   513     0   183   663   746   270   160   728   360   687   686   822   832   736   915   724   654   739   877   724   540   670   692   321   434   383   835   578   764   679   626   607   451   757   651   738   623   701   521   312     0 
  730   696   972  1078   834   903   800   667   459     0   879   986   491   378   916   563   910   905  1067  1000   934  1155   930   887   940  1117   961   784   864   885   504   448   557  1080   764   938   923   839   845   620   996   849   957   835   873   693   465     0 
  415   461   514   388   129   271   148    89   377   443     0   543   370   450   207   275   355   331   681   247   252   658   280   422   266   627   490   638   193   198   284   411   220   707   124   194   723   265   447   152   527   197   964   259   133    97   295     0 
  347   408   209   126   272   134   264   442   562   619   140     0   532   646   210   458   117   115   359   311   155   276   121   194   140   254   189   508   208   204   523   785   486   386   301   275   512   183   262   444   206   208   799   187   294   384   581     0 
  298   351   378   304    66   150    21   158   348   414   171   408     0   431   138   233   222   199   546   252   158   527   167   287   166   495   354   522    87   106   277   501   223   572    17   180   595   130   315   168   392    77   848   124   125   101   318     0 
  279   249   522   668   469   490   420   369    79    51   452   536    78     0   536   176   474   475   622   654   536   704   519   439   537   666   511   373   474   498   177   449   236   637   394   583   509   418   395   299   545   454   639   416   524   355   217     0 
  258   291    52   383   452   317   415   563   545   580   264    24   509   614     0   478   216   243   120   554   375   173   329   140   361   136    77   299   390   401   552   867   543   146   438   503   262   297   147   532    54   376   550   303   497   502   622     0 
  237   250   448   517   296   340   251   201   115   182   318   470    98   199   369     0   352   345   585   480   377   629   368   352   381   591   431   424   310   333    74   397    87   606   221   410   541   276   332   131   470   292   735   272   349   180   144     0 
  231   293   165   223   238   101   207   374   451   506    51   195   420   534   211   352     0    27   334   345   163   306   118    99   151   273   140   410   175   185   422   705   392   361   237   289   437    94   161   360   175   162   717   100   281   312   484     0 
  243   306   192   209   212    74   184   354   448   504    30   222   417   531   185   345    27     0   361   319   137   328    92   124   125   296   167   431   148   158   412   688   379   388   215   262   462    76   182   344   201   137   741    81   254   292   472     0 
  354   373   170   478   571   434   535   683   641   669   383   139   606   704   542   585   334   361     0   665   489   160   444   260   474   143   194   321   509   519   659   979   656    27   558   618   230   417   255   649   161   496   500   423   615   621   730     0 
  522   582   502   223   186   247   238   334   594   661   310   531   578   675   142   480   345   319   665     0   182   584   227   443   195   564   478   736   202   180   512   647   451   692   260    72   781   303   497   384   505   224  1055   300   131   312   537     0 
  355   417   323   146   124    66   136   307   491   555   130   353   467   576    55   377   163   137   489   182     0   428    46   261    16   402   299   560    71    56   429   652   380   516   174   128   599   133   316   325   328    85   876   132   139   256   475     0 
  425   463   183   373   534   389   512   680   707   747   357   169   672   780   483   629   306   328   160   584   428     0   388   277   412    38   198   460   468   471   703  1005   685   176   543   551   387   400   310   662   160   461   659   406   566   618   770     0 
  320   383   277   150   151    30   147   324   480   541    89   307   453   565    98   368   118    92   444   227    46   388     0   216    33   361   253   520    87    84   426   668   382   471   185   174   555   104   273   333   283    90   833   104   178   268   477     0 
  168   223    99   314   318   196   277   423   433   478   135   126   399   510   306   352    99   124   260   443   261   277   216     0   249   240    80   315   261   275   426   733   410   285   299   384   339   161    67   394   119   244   619   166   368   362   494     0 
  349   411   308   139   137    58   145   318   494   557   120   338   469   579    71   381   151   125   474   195    16   412    33   249     0   387   284   551    80    68   435   663   387   501   184   143   587   128   306   334   313    91   865   128   155   266   483     0 
  387   426   145   359   505   360   480   646   669   709   324   131   634   742   457   591   273   296   143   564   402    38   361   240   387     0   160   428   439   443   665   969   648   163   510   528   364   367   272   627   122   431   641   373   539   584   733     0 
  234   281    25   315   377   240   342   498   510   552   189    55   475   585   350   431   140   167   194   478   299   198   253    80   284   160     0   333   315   325   505   812   489   221   368   427   323   225   119   472    40   301   610   231   421   435   573     0 
  224   180   324   630   577   494   523   597   423   424   431   316   393   458   595   424   410   431   321   736   560   460   520   315   551   428   333     0   537   558   483   804   511   324   525   670   139   434   250   538   342   516   326   437   636   548   550     0 
  320   380   339   217    66    80    65   239   425   490   127   370   403   509    64   310   175   148   509   202    71   468    87   261    80   439   315   537     0    24   360   584   309   535   104   133   592   105   305   254   349    22   859   101   108   186   404     0 
  343   403   349   200    69    85    85   251   448   513   140   380   426   532    40   333   185   158   519   180    56   471    84   275    68   443   325   558    24     0   381   596   329   545   122   112   609   124   323   272   358    46   879   121    97   202   424     0 
  309   315   522   574   335   401   297   198    99   161   384   544   106   166   414    74   422   412   659   512   429   703   426   426   435   665   505   483   360   381     0   326    64   679   262   445   605   341   406   132   544   345   784   336   381   200    71     0 
  634   641   832   794   530   651   522   345   383   404   659   857   411   378   613   397   705   688   979   647   652  1005   668   733   663   969   812   804   584   596   326     0   324  1001   484   603   930   613   724   345   852   578  1087   607   543   401   256     0 
  316   335   509   526   278   358   244   134   160   225   350   533   161   230   359    87   392   379   656   451   380   685   382   410   387   648   489   511   309   329    64   324     0   677   208   385   625   305   400    68   529   296   821   300   321   139    96     0 
  373   388   196   504   598   461   561   707   659   685   409   166   624   720   569   606   361   388    27   692   516   176   471   285   501   163   221   324   535   545   679  1001   677     0   584   645   223   443   277   672   188   522   484   449   642   646   750     0 
  301   352   391   321    75   167    39   141   336   403   186   421   319   419   152   221   237   215   558   260   174   543   185   299   184   510   368   525   104   122   262   484   208   584     0   189   602   144   324   151   406    95   851   138   131    83   302     0 
  453   512   451   216   114   188   166   275   524   591   249   481   508   606    78   410   289   262   618    72   128   551   174   384   143   528   427   670   133   112   445   603   385   645   189     0   720   237   434   319   457   155   991   233    65   246   474     0 
  314   291   305   638   642   534   593   695   555   560   472   284   523   595   642   541   437   462   230   781   599   387   555   339   587   364   323   139   592   609   605   930   625   223   602   720     0   487   287   642   315   573   288   491   697   640   674     0 
  222   284   249   250   158    73   118   280   383   443    46   279   355   468   161   276    94    76   417   303   133   400   104   161   128   367   225   434   105   124   341   613   305   443   144   237   487     0   200   268   263    86   754     6   211   218   399     0 
  116   163   127   381   356   250   309   435   399   437   187   143   364   470   357   332   161   182   255   497   316   310   273    67   306   272   119   250   305   323   406   724   400   277   324   434   287   200     0   396   151   286   559   205   411   375   476     0 
  328   358   493   471   216   312   189    70   225   291   314   520   221   298   299   131   360   344   649   384   325   662   333   394   334   627   472   538   254   272   132   345    68   672   151   319   642   268   396     0   512   244   856   263   254    73   155     0 
  266   309    24   330   413   273   380   537   546   587   225    31   512   620   381   470   175   201   161   505   328   160   283   119   313   122    40   342   349   358   544   852   529   188   406   457   315   263   151   512     0   337   603   269   455   475   613     0 
  299   358   326   230    76    75    57   234   407   471   113   356   384   491    86   292   162   137   496   224    85   461    90   244    91   431   301   516    22    46   345   578   296   522    95   155   573    86   286   244   337     0   838    81   125   178   391     0 
  550   503   593   924   902   809   849   919   707   686   746   572   683   715   915   735   717   741   500  1055   876   659   833   619   865   641   610   326   859   879   784  1087   821   484   851   991   288   754   559   856   603   838     0   758   960   872   844     0 
  224   286   255   252   153    74   112   274   380   441    51   285   353   465   158   272   100    81   423   300   132   406   104   166   128   373   231   437   101   121   336   607   300   449   138   233   491     6   205   263   269    81   758     0   206   212   394     0 
  415   471   446   260    61   182   116   211   463   530   235   477   447   543    85   349   281   254   615   131   139   566   178   368   155   539   421   636   108    97   381   543   321   642   131    65   697   211   411   254   455   125   960   206     0   182   409     0 
  328   369   458   402   142   250   122    62   287   354   263   487   277   365   227   180   312   292   621   312   256   618   268   362   266   584   435   548   186   202   200   401   139   646    83   246   640   218   375    73   475   178   872   212   182     0   228     0 
  380   385   591   621   370   453   339   206   140   186   443   614   161   176   453   144   484   472   730   537   475   770   477   494   483   733   573   550   404   424    71   256    96   750   302   474   674   399   476   155   613   391   844   394   409   228     0     0 
    0     0     0     0     0     0     0     0     0     0     0     0     0     0     0     0     0     0     0     0     0     0     0     0     0     0     0     0     0     0     0     0     0     0     0     0     0     0     0     0     0     0     0     0     0     0     0     0 
