DIMENSION: 27
N: 15
M: 5
K: 2

SERVICE: 
224 289 314 199 415 112 374 191 432 223 315 221 354 436 241 

DIST MATRIX: 
    0   742   447   468   373   571   391   650   387   211   553   427   461   412   202   532   885   909   597   424   777   983   856   393   750   357   890     0 
  812     0   643   640   870   578   735   586   735   924   629   726   572   660   928   528   136   696   934   709   492   105   740  1047   563   781   677     0 
   93   658     0   333   248   435   254   624   249    99   416   289   398   279    92   406   791   771   478   286   736   871   719   313   613   219   753     0 
  370   278   197     0   426   178   288   477   287   475   225   284   269   210   480    86   362   507   538   265   501   409   501   603   306   333   483     0 
  467   452   243   224     0   121   312   690   315   529   152   284   478   279   536   186   476   293   425   278   702   432   291   580    91   358   269     0 
  289   375    94    97   324     0   186   532   186   382   145   182   293   112   388    24   464   483   444   163   577   502   462   501   287   232   460     0 
  482   898   442   429   267   453     0  1018   378   403   402   356   762   452   412   535   968   510    91   378  1089   948   432   233   492   355   506     0 
  607   145   545   558   755   561   621     0   618   736   607   633   279   538   737   460   264   859   910   611   126   449   869   920   667   654   835     0 
  544   938   489   474   329   487   427  1071     0   468   436   406   815   503   476   576  1000   494   122   428  1137   968   416   295   502   412   493     0 
  143   591   344   367   352   466   314   513   309     0   460   352   310   306   217   409   735   828   583   341   633   839   785   438   652   296   808     0 
  322   780   316   310   109   364   234   871   237   246     0   227   615   317   255   423   869   542   145   247   950   876   471   135   461   205   531     0 
  144   433   172   196   302   283   192   461   187   270   290     0   207   138   271   212   563   657   502   202   549   648   624   454   469   206   635     0 
  657    87   551   559   775   538   636   319   634   783   588   640     0   553   784   449   137   791   902   620   233   325   811   947   610   675   768     0 
  481   873   422   408   266   424   360  1004   365   412   373   339   748     0   421   511   939   469    57   360  1070   913   391   259   453   347   465     0 
  338   843   382   379   154   444   293   908   295   234   395   294   655   376     0   493   939   625   210   313   996   955   553    52   548   255   616     0 
  313   363   114   114   343   107   207   534   206   405   147   200   301   135   411     0   446   471   454   181   573   479   453   520   272   253   447     0 
  705   155   558   560   788   515   649   453   648   823   567   645   443   569   826   446     0   707   881   627   369   189   738   964   544   693   685     0 
  694   722   488   464   560   376   519   981   524   714   369   482   769   525   723   471   707     0   432   489   984   596    78   676   201   552    24     0 
  443   816   368   353   231   367   311   953   316   387   316   287   697   383   396   454   881   432     0   308  1016   857   356   262   401   302   426     0 
  205   533    69    69   162   159    34   644    37   251   131    22   389    75   258   181   627   489   308     0   711   654   444   339   328    80   470     0 
  679   270   648   663   846   677   717   141   714   808   720   733   344   637   806   573   369   984  1016   711     0   558   992  1003   790   746   960     0 
  779   320   592   586   814   512   683   635   684   883   561   669   578   614   888   479   189   596   857   654   558     0   643   989   473   731   577     0 
  647   738   453   428   498   351   472   978   476   656   334   434   754   489   665   453   738    78   356   444   992   643     0   605   203   500    80     0 
  332   862   406   407   177   479   315   908   316   216   432   322   659   397   221   520   964   676   262   339  1003   989   605     0   593   272   666     0 
  528   535   308   286   441   187   361   781   365   574   197   328   568   346   582   272   544   201   401   328   790   473   203   593     0   402   178     0 
  153   590   139   146   101   239    48   666    47   172   208    75   410   124   180   253   693   552   302    80   746   731   500   272   402     0   534     0 
  675   699   467   443   546   353   500   957   505   697   348   464   745   504   706   447   685    24   426   470   960   577    80   666   178   534     0     0 
    0     0     0     0     0     0     0     0     0     0     0     0     0     0     0     0     0     0     0     0     0     0     0     0     0     0     0     0 
