DIMENSION: 27
N: 15
M: 5
K: 2

SERVICE: 
224 289 314 199 415 112 374 191 432 223 315 221 354 436 241 

DIST MATRIX: 
    0   742   447   468   373   571   391   650   387   211   553   427   461   412   202   912  1065   577   815   375   495  1146    21   423   708   357  1002     0 
  812     0   643   640   870   578   735   586   735   924   629   726   572   660   928   587   631   429   635   714   637   600   988   909   326   781   400     0 
   93   658     0   333   248   435   254   624   249    99   416   289   398   279    92   775   927   485   678   239   359  1010   117   305   626   219   946     0 
  370   278   197     0   426   178   288   477   287   475   225   284   269   210   480   447   583   150   404   265   205   633   563   473   266   333   619     0 
  467   452   243   224     0   121   312   690   315   529   152   284   478   279   536   242   389   362   190   318   199   459   671   434   451   358   783     0 
  289   375    94    97   324     0   186   532   186   382   145   182   293   112   388   445   592   224   379   166   108   658   490   370   358   232   713     0 
  482   898   442   429   267   453     0  1018   378   403   402   356   762   452   412   585   707   744   475   415   416   815   590   202   882   355  1237     0 
  607   145   545   558   755   561   621     0   618   736   607   633   279   538   737   775   880   243   764   584   575   892   727   814   131   654   270     0 
  544   938   489   474   329   487   427  1071     0   468   436   406   815   503   476   579   690   789   473   469   458   800   654   264   924   412  1278     0 
  143   591   344   367   352   466   314   513   309     0   460   352   310   306   217   816   967   427   729   285   398  1040   141   415   556   296   853     0 
  322   780   316   310   109   364   234   871   237   246     0   227   615   317   255   590   731   617   478   272   306   833   436    43   760   205  1114     0 
  144   433   172   196   302   283   192   461   187   270   290     0   207   138   271   631   780   259   554   150   228   848   318   367   403   206   738     0 
  657    87   551   559   775   538   636   319   634   783   588   640     0   553   784   697   788   258   703   604   569   789   802   828   111   675   256     0 
  481   873   422   408   266   424   360  1004   365   412   373   339   748     0   421   544   665   723   434   402   392   774   602   203   858   347  1213     0 
  338   843   382   379   154   444   293   908   295   234   395   294   655   376     0   677   816   675   564   326   380   919   410   108   820   255  1171     0 
  691   634   472   449   589   350   521   910   525   730   359   487   716   510   739     0   153   586   113   538   419   244   892   583   644   561   936     0 
  843   736   624   601   737   501   674  1030   678   881   512   639   852   661   890   153     0   713   257   691   572   110  1044   727   751   713  1009     0 
  402   175   303   315   521   323   383   328   381   526   366   392   159   300   528   586   713     0   552   349   332   750   563   577   147   420   497     0 
  598   631   387   362   480   272   424   880   429   627   268   388   665   424   635   113   257   552     0   446   331   355   795   472   634   460   952     0 
  153   518    79    94   172   197    42   603    37   219   179    72   347    55   225   538   691   349   446     0   120   771   355   230   495    72   846     0 
  272   482    56    32   236    78   114   631   117   331    63    92   383    93   338   419   572   332   331   120     0   651   475   273   466   162   821     0 
  923   747   700   679   832   577   759  1054   762   971   594   725   897   737   979   244   110   750   355   771   651     0  1126   827   767   800   992     0 
  204   730   428   448   354   551   371   646   367   192   533   407   450   392   183   892  1044   563   795   355   475  1126     0   404   696   336   993     0 
  280   742   278   274    66   335   193   828   196   213   287   189   572   277   222   583   727   577   472   230   273   827   404     0   721   162  1074     0 
  547    37   445   454   666   443   528   291   526   672   491   534   255   444   674   644   751   147   634   495   466   767   696   721     0   566   355     0 
  153   590   139   146   101   239    48   666    47   172   208    75   410   124   180   561   713   420   460    72   162   800   336   162   566     0   917     0 
  877   340   799   809  1018   794   881   382   878  1006   843   888   548   797  1007   936  1009   497   952   846   821   992   993  1074   355   917     0     0 
    0     0     0     0     0     0     0     0     0     0     0     0     0     0     0     0     0     0     0     0     0     0     0     0     0     0     0     0 
