DIMENSION: 27
N: 15
M: 5
K: 2

SERVICE: 
196 443 380 481 396 120 81 250 209 183 268 188 471 321 490 

DIST MATRIX: 
    0   379   392   510   199   359   458   328   431   585   827   418   114   395   532   430   707   756   284   305   372   805   848    70   805   468   652     0 
  807     0   569   262   832   974   769   495   487    54   331   785   679   763   359   697   165   223   709   332   956   229   273   701   419   602   206     0 
  489   250     0   260   513   662   555   263   342   268   551   549   370   524   334   492   409   464   427    18   654   505   549   380   567   424   359     0 
  664   203   692     0   749   914   870   270   642   290   652   862   644   837   582   807   484   544   492   333   925   549   591   598   727   307   158     0 
  254   254   649   656     0   559   740   189   662   622   948   702   396   679   715   708   796   855    37   401   605   888   933   268   964   227   599     0 
  195   638   562   772    94     0   518   576   635   873  1088   458   263   448   771   532   983  1028   423   593   194  1082  1122   234  1046   674   938     0 
  596   808   277   596   448   418     0   776   368   807   846    67   368    92   529   152   814   833   761   597   334   898   926   506   751   935   961     0 
  432   253   359   295   454   604   521     0   336   327   598   510   313   485   356   463   461   515   387    49   598   559   602   321   603   418   412     0 
  765   794   199   402   656   688   240   788     0   642   571   299   510   297   304   199   583   584   859   535   615   649   668   644   458   957   829     0 
  577   227   480   282   620   774   664   268   428     0   520   662   484   638   377   599   360   420   474   135   769   449   494   479   564   402   242     0 
 1127   759   798   486  1139  1271   992   815   705   378     0  1022   978  1004   543   920   262   240  1032   647  1242   175   156  1017   405   905   449     0 
  477   569   100   373   381   450   194   546   178   562   663     0   224   164   334   140   597   627   580   344   399   689   723   357   598   712   709     0 
  680   522   253    68   641   748   451   537   163   305   356   477     0   458    59   379   286   313   681   266   707   376   409   553   321   698   493     0 
  217   566   416   631    69   176   392   512   487   749   945   336   122     0   626   396   846   888   415   472   185   944   984   165   899   639   835     0 
  646   821   251   565   504   485    60   794   335   786   798   101   407   120     0   124   778   792   798   596   402   858   883   548   697   957   950     0 
  587   708   128   446   465   489    72   686   217   663   696   110   334   101   377     0   662   681   712   474   417   746   774   475   606   852   825     0 
  892   584   539   225   889  1014   734   628   446   197   168   763   724   744   288   662     0    61   828   413   982    99   141   775   260   752   369     0 
  944   645   561   259   934  1054   752   689   467   258   108   785   767   767   304   681    61     0   886   467  1018    66    96   824   215   814   424     0 
  228   291   659   682   377   537   741   226   678   656   978   700   393   678   738   712   828   886     0   428   587   921   966   258   990   258   636     0 
  481   263   363   256   500   648   536   272   327   279   552   531   355   506   325   474   413   467   428     0   638   510   554   370   563   436   376     0 
  368   751   488   759   209    88   381   697   576   908  1061   319   285   318   732   417   982  1018   587   638     0  1078  1114   348   995   821  1009     0 
  990   668   625   319   987  1112   818   716   531   274   131   849   822   831   369   746    99    66   921   510  1078     0    45   873   260   831   415     0 
 1034   713   655   355  1028  1150   845   761   561   318   118   879   862   861   397   774   141    96   966   554  1114    45     0   916   255   875   454     0 
  128   410   450   579   152   320   494   352   495   648   896   448   142   428   601   475   775   824   258   370   348   873   916     0   874   474   704     0 
 1001   790   509   308   955  1047   671   821   420   439   137   717   785   704   275   606   260   215   990   563   995   260   255   874     0   966   625     0 
  481   177   767   674   615   782   898   169   753   558   918   869   581   845   757   852   752   814   258   436   821   831   875   474   966     0   465     0 
  786   345   701   432   850  1009   894   410   634   198   531   897   724   873   536   825   369   424   636   376  1009   415   454   704   625   465     0     0 
    0     0     0     0     0     0     0     0     0     0     0     0     0     0     0     0     0     0     0     0     0     0     0     0     0     0     0     0 
