DIMENSION: 37
N: 15
M: 10
K: 2

SERVICE: 
74 705 379 27 260 128 387 104 67 334 122 301 326 101 97 

DIST MATRIX: 
    0   422   412   659   512   429   703   426   426   435   665   505   483   360   381    76   407   208   665   416   353   386   335   666   484   328   292   520   666   550   604    77   267   595   346    71   589     0 
  397     0   688   979   647   652  1005   668   733   663   969   812   804   584   596   292   694   491   984   558   592   611   545   977   584   431   301   836   973   505   916   377   296   854   292   256   785     0 
   87   392     0   656   451   380   685   382   410   387   648   489   511   309   329   131   379   174   660   480   306   336   397   654   547   264   235   512   651   604   593    54   320   558   393    96   537     0 
  606   361   388     0   692   516   176   471   285   501   163   221   324   535   545   735   361   524    41   829   508   524   708   117   912   731   826   171   142  1103   125   624   884   387   972   750   571     0 
  221   237   215   558     0   174   543   185   299   184   510   368   525   104   122   336   231   106   556   661   108   131   560   528   736   155   245   413   519   811   475   189   527   370   600   302   329     0 
  410   289   262   618    72     0   551   174   384   143   528   427   670   133   112   516   295   287   609   850   162   130   749   560   924   174   310   488   543   988   522   376   703   319   770   474   187     0 
  541   437   462   230   781   599     0   555   339   587   364   323   139   592   609   642   428   513   252   649   562   590   537   322   728   758   821   257   344   938   290   572   755   540   840   674   701     0 
  276    94    76   417   303   133   400     0   161   128   367   225   434   105   124   415    87   133   414   686    75   108   571   384   768   288   389   274   375   880   332   264   604   255   686   399   287     0 
  332   161   182   255   497   316   310   273     0   306   272   119   250   305   323   466   148   250   260   631   275   304   508   264   717   478   558   114   268   876   201   347   630   314   718   476   437     0 
  131   360   344   649   384   325   662   333   394     0   627   472   538   254   272   198   350   150   651   548   255   282   462   637   616   197   187   503   632   668   578    88   383   514   453   155   478     0 
  470   175   201   161   505   328   160   283   119   313     0    40   342   349   358   609   177   362   154   779   323   336   655   125   864   549   651    63   122  1027    69   478   779   225   866   613   395     0 
  292   162   137   496   224    85   461    90   244    91   431     0   516    22    46   420   162   151   491   724    15    42   615   454   803   212   327   356   442   894   406   268   612   275   688   391   247     0 
  735   717   741   500  1055   876   659   833   619   865   641   610     0   859   879   797   706   751   521   662   829   861   587   596   720  1003  1043   545   620   954   574   774   852   828   925   844   987     0 
  272   100    81   423   300   132   406   104   166   128   373   231   437     0   121   411    93   129   420   684    71   105   570   390   766   283   383   280   381   876   338   260   600   259   682   394   287     0 
  349   281   254   615   131   139   566   178   368   155   539   421   636   108     0   452   283   234   609   788   137   119   690   566   862   121   256   478   552   922   523   314   637   348   704   409   243     0 
  142   494   486   716   582   505   769   502   492   511   731   571   513   435   456     0   480   283   724   361   428   461   297   730   422   389   331   580   730   475   667   153   191   670   271    61   664     0 
  338    17    35   334   353   171   314   127    90   159   280   140   397   176   188   480     0   205   330   718   147   167   598   297   802   372   476   195   288   932   246   334   664   202   748   470   292     0 
  146   218   206   500   359   233   514   222   244   236   478   322   425   170   194   283   205     0   502   573   155   192   466   487   652   252   310   353   482   750   428   131   473   388   553   267   396     0 
  592   329   355    22   654   481   139   436   259   466   123   190   340   503   512   724   330   502     0   836   476   490   714    77   920   701   800   148   101  1105    87   607   878   346   967   736   531     0 
  440   735   738   820   920   806   930   788   686   807   893   750   514   744   767   361   718   573   836     0   727   766   124   873    86   744   691   727   884   296   813   475   262   919   300   420   968     0 
  298   148   122   481   230    79   446    77   231    83   416   287   508    30    50   428   147   155   476   727     0    39   617   439   807   227   342   342   427   901   392   276   620   262   697   401   241     0 
  334   163   136   497   195    44   449    63   255    53   421   303   542    27    22   461   167   192   490   766    39     0   656   448   844   224   348   362   433   935   404   310   653   247   729   431   205     0 
  342   615   620   699   820   695   806   674   563   695   770   626   399   636   660   297   598   466   714   124   617   656     0   750   209   659   624   603   761   400   690   382   272   799   339   358   856     0 
  592   293   317    97   599   433    66   389   244   417    47   165   395   464   469   730   297   487    77   873   439   448   750     0   958   666   773   152    25  1133    63   602   894   278   982   736   466     0 
  515   819   822   904   993   885  1015   869   771   887   979   835   595   822   845   422   802   652   920    86   807   844   209   958     0   811   747   812   969   236   898   548   290  1003   304   479  1048     0 
  320   374   349   705   217   254   672   287   448   269   643   512   677   204   204   389   372   252   701   744   227   224   659   666   811     0   136   562   654   844   618   278   562   466   620   336   360     0 
  315   482   459   801   348   383   787   411   541   397   755   612   723   324   330   331   476   310   800   691   342   348   624   773   747   136     0   655   764   748   720   273   476   594   521   271   496     0 
  446   199   226   147   542   361   204   315   114   347   167    67   279   371   383   580   195   353   148   727   342   362   603   152   812   562   655     0   159   982    89   459   742   284   831   590   446     0 
  592   282   306   121   581   416    47   374   241   401    22   161   413   450   455   730   288   482   101   884   427   433   761    25   969   654   764   159     0  1140    71   600   898   255   986   734   444     0 
  605   948   945  1091  1050   979  1184   973   921   984  1147   993   800   909   931   475   932   750  1105   296   901   935   400  1133   236   844   748   982  1140     0  1071   625   285  1131   227   514  1139     0 
  530   244   270    98   568   394   117   349   184   379    83   108   346   418   426   667   246   428    87   813   392   404   690    63   898   618   720    89    71  1071     0   541   831   266   919   674   448     0 
   43   348   337   602   445   353   635   349   359   359   598   439   460   284   306   153   334   131   607   475   276   310   382   602   548   278   273   459   600   625   541     0   344   519   423   136   514     0 
  328   679   673   868   766   696   939   693   666   702   901   742   617   627   647   191   664   473   878   262   620   653   272   894   290   562   476   742   898   285   831   344     0   858    88   229   855     0 
  530   185   186   361   341   212   249   186   247   197   236   221   553   272   265   670   202   388   346   919   262   247   799   278  1003   466   594   284   255  1131   266   519   858     0   941   653   190     0 
  411   763   756   956   830   772  1027   772   753   779   989   830   702   702   722   271   748   553   967   300   697   729   339   982   304   620   521   831   986   227   919   423    88   941     0   298   929     0 
  144   484   472   730   537   475   770   477   494   483   733   573   550   404   424    61   470   267   736   420   401   431   358   736   479   336   271   590   734   514   674   136   229   653   298     0   631     0 
  539   277   259   545   175   163   438   183   372   161   425   379   687   230   208   664   292   396   531   968   241   205   856   466  1048   360   496   446   444  1139   448   514   855   190   929   631     0     0 
    0     0     0     0     0     0     0     0     0     0     0     0     0     0     0     0     0     0     0     0     0     0     0     0     0     0     0     0     0     0     0     0     0     0     0     0     0     0 
