DIMENSION: 27
N: 15
M: 5
K: 2

SERVICE: 
318 231 131 268 316 143 335 279 175 130 185 104 300 207 356 

DIST MATRIX: 
    0   107   344   338   247   223   118   192   544   698   234   471   188   449   313   344   470   244   326   352   257   512   677   526   308   474   635     0 
  366     0   444   446   351   310   229   325   665   718   307   604   308   592   422   214   328   386   230   441   326   369   787   569   431   394   727     0 
  486   245     0   418    42    72   271   254   335   864   105   283   287   350   396   544   648   153   540   464   412   664   714   679   103   690   422     0 
  462   406   507     0   484   525   415   312   471   703   558   358   338   138   276   802   947   302   733   335   415  1004   313   530   408   814   682     0 
  490   340   326   322     0   364   358   260   301   806   396   186   302    58   315   739   871   163   695   394   424   912   491   620   229   807   503     0 
  571   337    60   475    90     0   363   324   230   942   167   195   363   324   456   650   750   185   647   530   496   760   736   755    40   795   326     0 
  332   353   653   491   557   522     0   437   862   592   521   787   402   729   474    97   244   548    19   454   338   340   805   487   626   181   941     0 
  516   354   301   353   300   350   373     0   267   838   382   152   322    81   345   749   878   165   709   424   448   914   524   651   208   826   470     0 
  851   620   252   737   349   383   646   600     0  1217   388   278   642   497   722   903   982   452   915   800   777   969   947  1028   310  1069    47     0 
  421   659  1034   563   944   935   634   672  1162     0   951  1054   630   885   571   643   756   824   535   492   495   865   641   271   961   416  1316     0 
  723   486   216   686   235   211   508   520   419  1105     0   443   545   594   664   630   679   423   674   726   655   649   986   928   307   838   350     0 
  718   504   203   584   281   331   529   464    38  1069   350     0   509   324   571   841   942   313   833   650   645   949   774   881   199   976   220     0 
  365   379   577   179   532   564   379   291   582   572   596   467     0   251   197   746   897   344   665   232   334   966   219   403   477   724   785     0 
  316   176   358   175   299   325   189    85   439   657   356   330   124     0   159   578   718   117   523   238   247   771   456   468   264   629   609     0 
  435   562   820   332   768   793   553   493   828   442   823   714   483   495     0   857  1009   582   756   329   448  1096    76   340   721   761  1034     0 
  422   403   657   569   564   522   390   494   879   686   515   814   464   780   550     0   153   586   113   538   419   244   892   583   644   245   936     0 
  574   543   747   720   661   612   532   636   980   814   599   928   609   916   700   153     0   713   257   691   572   110  1044   727   751   340  1009     0 
  405   201   241   290   188   224   224   152   343   765   257   247   196   215   272   586   713     0   552   349   332   750   563   577   147   680   497     0 
  321   355   664   485   567   533   336   438   870   574   534   793   401   729   469   113   257   552     0   446   331   355   795   472   634   165   952     0 
  134   249   582    72   506   516   234   210   676   419   541   565   181   396    80   538   691   349   446     0   120   771   355   230   495   492   846     0 
   74   170   540   155   453   451   148   180   675   452   472   572   136   442   140   419   572   332   331   120     0   651   475   273   466   399   821     0 
  662   598   749   794   670   618   592   692   987   921   600   947   670   960   773   244   110   750   355   771   651     0  1126   827   767   450   992     0 
  474   570   796   342   751   781   564   493   784   517   812   671   490   451   366   892  1044   563   795   355   475  1126     0   404   696   813   993     0 
  209   443   803   299   721   723   420   431   906   189   744   794   393   616   310   583   727   577   472   230   273   827   404     0   721   436  1074     0 
  541   312   100   437   103   157   338   291   236   909   186   180   332   287   419   644   751   147   634   495   466   767   696   721     0   778   355     0 
  358   479   817   549   720   690   456   547  1011   485   693   926   505   834   538   245   340   680   165   492   399   450   813   436   778     0  1108     0 
  896   663   292   784   388   419   689   646   217  1262   421   323   687   543   768   936  1009   497   952   846   821   992   993  1074   355  1108     0     0 
    0     0     0     0     0     0     0     0     0     0     0     0     0     0     0     0     0     0     0     0     0     0     0     0     0     0     0     0 
