DIMENSION: 37
N: 15
M: 10
K: 2

SERVICE: 
318 395 85 77 343 324 256 452 281 175 189 141 456 68 131 

DIST MATRIX: 
    0   749   926   534   432  1059   702   888   872   282   406   688   324   810   575   901   255   680   867   104   261    69  1009   697   105   925   853   829   597   300   512    87   405   623   298   545   668     0 
  449     0   407   142   203   615   273   375   402   272   232   382   323   397   106   382   420   260   349   508   538   530   511   257   419   406   490   370    92   379    39   533   122   250   400   191   496     0 
  732   415     0   364   473   427   305    94   240   590   507   458   614   341   293    65   725   304    57   832   842   853   243   274   745    84   467   252   256   676   337   856   445   361   696   382   623     0 
  467   495   479     0   256   716   248   457   500   198   276   476   344   500   208   442   332   362   405   441   450   492   600   360   366   478   446   471   192   286   132   500    78   347   306   280   577     0 
  564   137   296   456     0   290   500   228   109   585   371   191   472    71   232   337   739    93   337   794   856   757   266    80   689   298   706    62   247   706   312   754   440   155   726   228   359     0 
  508    46   469   578   358     0   654   400   253   643   375    85   451   125   335   513   797   189   513   816   906   743   401   207   706   471   867   217   370   774   407   735   517   191   793   268   210     0 
  913   864   592   379   705   958     0   625   758   561   728   872   793   825   594   520   586   721   489   751   660   872   768   704   729   589    79   755   549   532   550   885   525   740   540   698  1004     0 
  993   782   395   470   744   772   297     0   611   717   775   815   867   713   580   329   795   655   316   946   892  1029   563   629   894   392   224   625   531   738   577  1038   619   699   752   690   973     0 
  621   164   506   690   485   254   749   441     0   769   501   210   574   179   449   562   923   297   571   942  1033   864   395   307   832   509   955   262   479   899   525   856   640   313   919   392   286     0 
  315   431   549   229   125   706   396   509   505     0   134   392   191   465   198   529   330   325   497   381   443   382   634   336   282   548   598   465   219   306   135   385    80   284   325   202   458     0 
  123   381   719   537   216   709   691   658   573   431     0   309   143   469   382   728   552   385   708   502   632   382   730   413   398   719   904   526   430   555   383   371   394   317   569   282   240     0 
  303   201   522   433   142   523   558   459   372   434   152     0   227   276   218   537   584   183   521   591   688   520   529   212   481   523   778   325   268   567   255   514   330   116   585   108   203     0 
  549   133   303   445   326   306   493   235   124   569   355   182     0    80   217   341   724    77   339   777   840   741   281    65   672   305   701    77   234   691   298   738   425   139   711   211   350     0 
  616   162   278   496   397   238   525   209    63   636   426   228   526     0   280   328   790   148   334   847   907   812   220   132   743   280   723    25   290   755   361   809   489   209   775   282   391     0 
  439   418   434   128   202   644   275   403   430   244   228   401   313   424     0   406   391   285   372   481   509   507   540   284   393   433   488   399   121   350    54   511    94   271   371   206   508     0 
  796   473    72   403   536   449   316   123   283   639   571   519   677   394   356     0   768   367    39   882   884   911   248   338   799    69   451   302   317   718   396   914   498   425   737   447   686     0 
  477   761   810   367   442  1028   509   788   819   155   434   718   410   794   510   768     0   652   730   166   119   315   930   659   185   808   623   784   511    56   431   332   302   614    46   533   757     0 
  478   143   343   393   249   382   465   278   197   497   279   160   381   142   154   367   652     0   357   701   767   664   349    30   596   344   680   152   182   621   232   661   356    67   641   135   321     0 
  771   472   105   364   511   474   278   141   295   603   545   513   651   398   331    39   730   357     0   846   846   878   279   328   764   102   422   309   289   680   365   882   463   412   698   426   678     0 
  400   787   915   495   461  1083   653   883   886   243   441   732   379   838   579   882   166   701   846     0   157   173  1014   715   110   913   785   846   593   219   508   191   387   651   212   570   733     0 
  542   871   928   482   548  1145   615   907   937   271   536   825   497   908   628   884   119   767   846   157     0   329  1049   775   237   926   707   901   630   167   549   347   420   727   148   645   851     0 
  265   721   931   561   415  1038   732   888   860   316   386   657   292   789   572   911   315   664   878   173   329     0  1002   684   143   930   895   815   600   356   516    18   421   604   356   530   622     0 
  827   379   176   587   590   211   548   153   158   783   622   447   728   279   436   248   930   349   279  1014  1049  1002     0   324   916   179   700   205   422   887   506  1001   632   416   907   477   607     0 
  504   161   313   385   269   370   447   249   176   505   300   187   404   140   153   338   659    30   328   715   775   684   324     0   611   314   660   132   174   626   233   682   360    95   646   154   349     0 
  305   677   826   429   353   977   597   790   783   178   332   622   270   730   480   799   185   596   764   110   237   143   916   611     0   825   753   742   499   218   413   156   301   543   221   463   625     0 
  797   435     3   447   540   381   378    71   228   673   574   487   682   348   362    69   808   344   102   913   926   930   179   314   825     0   520   255   330   760   414   932   526   407   779   441   655     0 
  913   821   523   370   690   894   220   561   700   579   716   836   790   776   563   451   623   680   422   785   707   895   700   660   753   520     0   701   516   568   528   906   522   705   578   671   975     0 
  626   185   253   482   400   245   504   184    47   630   430   247   533    93   273   302   784   152   309   846   901   815   205   132   742   255   701     0   279   747   353   813   482   216   768   285   412     0 
  483   324   331   212   223   524   296   291   310   362   257   324   362   313    50   317   511   182   289   593   630   600   422   174   499   330   516   279     0   471    86   602   211   191   492   160   460     0 
  491   736   762   315   425   993   454   743   781   133   421   698   412   763   475   718    56   621   680   219   167   356   887   626   218   760   568   747   471     0   394   371   266   588    20   507   748     0 
  420   364   415   179   168   598   310   376   388   279   198   346   294   373    81   396   431   232   365   508   549   516   506   233   413   414   528   353    86   394     0   519   129   216   415   153   458     0 
  252   715   933   569   413  1033   741   889   857   327   383   650   287   784   573   914   332   661   882   191   347    18  1001   682   156   932   906   813   602   371   519     0   427   601   372   527   611     0 
  391   477   528   154   198   727   326   497   517   151   212   447   269   497   209   498   302   356   463   387   420   421   632   360   301   526   522   482   211   266   129   427     0   327   286   250   529     0 
  411   150   406   390   192   435   486   343   262   459   218   133   317   187   149   425   614    67   412   651   727   604   416    95   543   407   705   216   191   588   216   601   327     0   607    82   275     0 
  502   755   781   334   443  1013   470   762   801   151   438   717   426   783   495   737    46   641   698   212   148   356   907   646   221   779   578   768   492    20   415   372   286   607     0   527   765     0 
  357   229   441   333   115   515   451   384   330   378   145   198   251   268   110   447   533   135   426   570   645   530   477   154   463   441   671   285   160   507   153   527   250    82   527     0   306     0 
  362   229   653   636   333   527   755   585   454   616   329   168   355   328   412   686   757   321   678   733   851   622   607   349   625   655   975   412   460   748   458   611   529   275   765   306     0     0 
    0     0     0     0     0     0     0     0     0     0     0     0     0     0     0     0     0     0     0     0     0     0     0     0     0     0     0     0     0     0     0     0     0     0     0     0     0     0 
