DIMENSION: 37
N: 15
M: 10
K: 2

SERVICE: 
318 395 85 77 343 324 256 452 281 175 189 141 456 68 131 

DIST MATRIX: 
    0   749   926   534   432  1059   702   888   872   282   406   688   324   810   575   735   318   457   784   988   820  1061   390   653   705   416   294   466   587   907   671   979   638   501   786   545   700     0 
  449     0   407   142   203   615   273   375   402   272   232   382   323   397   106   422   433    64   442   508   521   647   234   134   356   288   488   674   200   498   403   552   251   201   508   191   287     0 
  732   415     0   364   473   427   305    94   240   590   507   458   614   341   293   468   716   390   450   282   535   493   517   197   420   546   784   942   358   397   500   404   357   433   563   382   327     0 
  467   495   479     0   256   716   248   457   500   198   276   476   344   500   208   518   451    75   542   603   618   749   272   199   300   335   395   574   144   601   493   653   201   107   439   280   254     0 
  564   137   296   456     0   290   500   228   109   585   371   191   472    71   232   191   550   384   170   222   256   313   387   296   615   382   813  1006   491   165   236   219   521   526   772   228   522     0 
  508    46   469   578   358     0   654   400   253   643   375    85   451   125   335    41   497   472    13   335    85   300   391   444   764   357   874  1079   625   163   113   239   663   640   921   268   674     0 
  913   864   592   379   705   958     0   625   758   561   728   872   793   825   594   904   898   523   909   813   995  1020   724   466   155   787   593   633   313   906   901   928   260   360    59   698   236     0 
  993   782   395   470   744   772   297     0   611   717   775   815   867   713   580   832   977   588   819   626   906   846   778   434   318   828   824   908   412   768   854   766   361   498   359   690   299     0 
  621   164   506   690   485   254   749   441     0   769   501   210   574   179   449   162   612   592   119   320    91   204   518   542   863   481  1000  1204   732   131   228   182   766   756  1020   392   770     0 
  315   431   549   229   125   706   396   509   505     0   134   392   191   465   198   439   299    95   475   618   538   723   126   283   452   192   407   611   296   568   396   632   354   248   587   202   404     0 
  123   381   719   537   216   709   691   658   573   431     0   309   143   469   382   348   117   393   402   683   414   689   191   525   762   131   626   835   603   547   276   624   660   562   901   282   703     0 
  303   201   522   433   142   523   558   459   372   434   152     0   227   276   218   189   290   300   236   484   281   516   168   364   650   133   661   870   494   365   134   440   544   481   802   108   574     0 
  549   133   303   445   326   306   493   235   124   569   355   182     0    80   217   186   535   369   169   238   257   328   370   287   608   366   797   991   481   178   227   234   512   514   765   211   515     0 
  616   162   278   496   397   238   525   209    63   636   426   228   526     0   280   217   603   433   183   170   263   268   441   327   642   435   862  1054   526   131   272   172   552   567   797   282   547     0 
  439   418   434   128   202   644   275   403   430   244   228   401   313   424     0   442   423    39   465   537   541   675   228   157   350   286   459   646   191   525   419   579   245   181   498   206   287     0 
  467    55   488   562   325   365   648   419   280   613   340    48   412   153   319     0   457   449    54   369   100   341   356   438   755   319   843  1050   612   203    72   280   653   622   912   242   668     0 
   16   484   781   528   244   811   695   725   659   370   210   414   110   566   424   457     0   392   510   772   528   796   203   555   749   173   538   743   595   650   386   727   653   538   876   342   703     0 
  408   429   471   144   183   670   303   439   459   210   205   406   282   444   153   449   392     0   476   568   549   697   203   196   369   264   430   622   210   546   420   603   267   182   512   208   313     0 
  520    47   460   580   367   311   653   391   243   650   384    97   462   116   337    54   510   476     0   323    88   287   401   443   763   368   881  1086   626   150   126   226   663   643   921   274   673     0 
  786   318   231   599   560   147   581   188   116   777   591   389   694   219   421   369   772   568   323     0   383   221   606   419   699   604   996  1176   614   191   432   152   625   673   845   446   604     0 
  536   131   541   660   422   339   739   473   319   712   434   146   497   196   417   100   528   549    88   383     0   294   450   529   849   407   941  1148   708   194   150   260   748   721  1006   342   759     0 
  807   315   451   763   633    83   778   401   265   895   656   382   743   257   545   341   796   697   287   221   294     0   672   591   896   649  1125  1319   791   156   413    97   812   835  1047   524   800     0 
  219   362   585   346    46   669   503   533   490   274    17   308    97   420   224   356   203   203   401   606   450   672     0   353   571    66   496   706   412   518   301   589   469   373   711   160   514     0 
  572   398   281   181   314   545   210   259   328   394   347   409   448   366   147   438   555   196   443   419   529   591   353     0   321   397   592   761   200   457   441   495   225   254   479   257   231     0 
  765   718   493   225   551   839   119   513   631   429   574   722   643   686   441   755   749   369   763   699   849   896   571   321     0   633   507   597   159   773   749   801   106   215   157   544    96     0 
  189   334   608   408    85   654   560   552   489   336    59   272    94   405   257   319   173   264   368   604   407   649    66   397   633     0   552   762   474   497   257   571   530   438   774   169   572     0 
  546   837   869   421   519  1100   549   851   889   231   511   796   486   868   582   843   538   430   881   996   941  1125   496   592   507   552     0   211   445   971   795  1032   478   357   543   609   538     0 
  749  1041  1027   581   728  1289   671  1018  1074   436   721  1002   696  1065   774  1050   743   622  1086  1176  1148  1319   706   761   597   762   211     0   585  1168  1003  1225   602   509   575   812   655     0 
  611   579   442    67   392   744   115   441   528   305   415   575   487   561   293   612   595   210   626   614   708   791   412   200   159   474   445   585     0   655   600   694    58    91   308   390   115     0 
  662   166   380   621   478   162   655   317   158   741   501   238   591   103   394   203   650   546   150   191   194   156   518   457   773   497   971  1168   655     0   275    77   682   691   928   369   678     0 
  396   115   530   544   276   436   648   462   336   568   285    45   348   213   308    72   386   420   126   432   150   413   301   441   749   257   795  1003   600   275     0   351   645   599   905   213   667     0 
  738   243   371   667   548    85   683   315   170   803   573   315   665   169   450   280   727   603   226   152   260    97   589   495   801   571  1032  1225   694    77   351     0   716   738   954   437   706     0 
  668   617   437   125   447   760    71   445   547   357   471   619   545   591   337   653   653   267   663   625   748   812   469   225   106   530   478   602    58   682   645   716     0   137   260   439    63     0 
  553   596   519    73   361   795   204   509   578   220   379   581   435   593   306   622   538   182   643   673   721   835   373   254   215   438   357   509    91   691   599   738   137     0   340   386   200     0 
  891   875   629   370   695   988   272   657   783   529   715   879   774   843   597   912   876   512   921   845  1006  1047   711   479   157   774   543   575   308   928   905   954   260   340     0   698   250     0 
  357   229   441   333   115   515   451   384   330   378   145   198   251   268   110   242   342   208   274   446   342   524   160   257   544   169   609   812   390   369   213   437   439   386   698     0   467     0 
  719   628   403   178   488   744    23   419   535   418   515   637   594   593   360   668   703   313   673   604   759   800   514   231    96   572   538   655   115   678   667   706    63   200   250   467     0     0 
    0     0     0     0     0     0     0     0     0     0     0     0     0     0     0     0     0     0     0     0     0     0     0     0     0     0     0     0     0     0     0     0     0     0     0     0     0     0 
