DIMENSION: 27
N: 15
M: 5
K: 2

SERVICE: 
196 443 380 481 396 120 81 250 209 183 268 188 471 321 490 

DIST MATRIX: 
    0   379   392   510   199   359   458   328   431   585   827   418   114   395   532   555   856   436   223   250   538   950   115   389   494   468   476     0 
  807     0   569   262   832   974   769   495   487    54   331   785   679   763   359   482   368   542   544   881   632   320   750   788   841   602   394     0 
  489   250     0   260   513   662   555   263   342   268   551   549   370   524   334   422   585   385   273   560   504   637   430   540   619   424   310     0 
  664   203   692     0   749   914   870   270   642   290   652   862   644   837   582   695   689   691   584   752   805   592   668   851   933   307   584     0 
  254   254   649   656     0   559   740   189   662   622   948   702   396   679   715   775   982   683   478   343   796   991   341   673   778   227   675     0 
  195   638   562   772    94     0   518   576   635   873  1088   458   263   448   771   759  1114   618   437   115   684  1234   175   419   513   674   709     0 
  596   808   277   596   448   418     0   776   368   807   846    67   368    92   529   443   858   317   345   572   292  1080   450    91    22   935   471     0 
  432   253   359   295   454   604   521     0   336   327   598   510   313   485   356   430   631   373   232   502   492   695   371   498   582   418   322     0 
  765   794   199   402   656   688   240   788     0   642   571   299   510   297   304   184   576   170   371   774    52   833   620   332   294   957   273     0 
  577   227   480   282   620   774   664   268   428     0   520   662   484   638   377   484   556   477   389   655   591   555   537   655   730   402   372     0 
 1127   759   798   486  1139  1271   992   815   705   378     0  1022   978  1004   543   644   283   755   824  1198   810    19  1060  1035  1064   905   602     0 
  477   569   100   373   381   450   194   546   178   562   663     0   224   164   334   298   683   155   102   493   238   864   335   186   256   712   269     0 
  680   522   253    68   641   748   451   537   163   305   356   477     0   458    59   166   381   217   298   728   304   553   572   488   524   698    65     0 
  217   566   416   631    69   176   392   512   487   749   945   336   122     0   626   612   970   471   292   193   542  1102    89   298   401   639   562     0 
  646   821   251   565   504   485    60   794   335   786   798   101   407   120     0   394   808   281   353   628   235  1041   498   138    49   957   435     0 
  748   672   202   225   674   747   362   679   126   465   404   406   508   393   123     0   415   146   336   779   166   654   618   429   431   845   113     0 
 1049   783   602   346  1022  1127   777   823   509   402    37   819   851   804   350   415     0   550   679  1104   575   299   950   839   846   954   415     0 
  622   626    56   285   535   602   236   618    55   512   535   270   373   254   212   146   550     0   214   645   120   763   485   288   309   787   155     0 
  412   468   172   344   346   452   293   444   210   499   654   278   176   253   335   336   679   214     0   444   320   827   284   267   351   610   272     0 
   91   553   593   758   124   235   585   488   652   827  1076   528   272   514   773   779  1104   645   444     0   727  1197   160   491   592   570   713     0 
  715   745   148   371   610   649   215   737   163   608   566   269   461   263   278   166   575   120   320   727     0   820   572   300   277   906   239     0 
 1125   751   806   492  1140  1273  1000   808   712   374   284  1030   980  1011   552   654   299   763   827  1197   820     0  1060  1042  1072   895   610     0 
  149   484   434   605    83   247   448   427   492   697   923   397   112   379   614   618   950   485   284   160   572  1060     0   362   468   550   554     0 
  509   722   239   551   366   360   100   688   333   748   823    38   277    36   497   429   839   288   267   491   300  1042   362     0   106   846   434     0 
  614   816   272   590   468   440    73   786   361   805   835    77   383   101   521   431   846   309   351   592   277  1072   468   106     0   946   463     0 
  481   177   767   674   615   782   898   169   753   558   918   869   581   845   757   845   954   787   610   570   906   895   550   846   946     0   734     0 
  672   561   196   133   618   714   391   569   103   370   395   420   448   402    65   113   415   155   272   713   239   610   554   434   463   734     0     0 
    0     0     0     0     0     0     0     0     0     0     0     0     0     0     0     0     0     0     0     0     0     0     0     0     0     0     0     0 
