DIMENSION: 37
N: 15
M: 10
K: 2

SERVICE: 
371 389 429 179 213 749 115 62 245 409 304 235 329 86 426 

DIST MATRIX: 
    0   423   438   306    43   187    75   148   395   462   225   468   381   475   125   677   261   451   644   254   353   234   776   467   145   696   700   598   366   263   282   238   193   398   277   113   499     0 
  443     0   537   855   798   721   744   796   570   545   659   522   547   574   821   274   818   617   267   964   920  1036   499   590   905   334   282   575   509   762   563  1044   619   666   777   754   938     0 
  432   399     0   763   769   663   719   813   645   640   600   406   616   674   771   426   736   711   405   895   823   997   670   688   857   494   119   706   563   680   592  1008   607   746   691   760  1020     0 
  552   611   361     0   441   331   451   625   774   832   352   375   745   858   359   909   222   854   870   316   159   488  1101   858   387   959   651   975   697   236   624   506   499   823   217   573   979     0 
  357   420   263    96     0    91   214   390   541   601   127   291   514   626   144   720    52   619   681   212   165   348   886   624   210   761   574   746   470     8   393   364   264   584    23   336   743     0 
  460   397   646   912   782     0   727   722   442   394   693   642   434   412   829   106   867   459   139   985   982  1017   252   429   904   116   485   370   423   815   502  1020   602   520   834   696   771     0 
  188   246   275   309   168   130     0   246   324   384   101   303   296   409   198   528   257   403   492   354   376   405   674   407   277   561   512   528   254   219   175   413    48   374   240   184   570     0 
  377   421   489   392   127   259   129     0   337   403   283   518   329   412   211   645   346   383   615   335   439   283   720   401   225   656   725   533   328   342   251   281   203   325   358    55   412     0 
  491   453   734   874   653   695   610   513     0   183   663   746   270   160   728   323   821   183   333   881   939   847   191   166   777   270   733    39   318   786   391   844   520   244   806   521   417     0 
  730   696   972  1078   834   903   800   667   459     0   879   986   491   378   916   548  1026   376   566  1059  1139   993   334   375   950   485   976   282   547   997   608   986   732   412  1016   693   428     0 
  415   461   514   388   129   271   148    89   377   443     0   543   370   450   207   687   344   419   658   314   430   245   759   439   204   698   759   570   370   348   294   243   239   359   362    97   422     0 
  347   408   209   126   272   134   264   442   562   619   140     0   532   646   210   709   105   643   670   271   189   415   890   646   277   755   523   762   484    60   412   430   288   615    59   384   791     0 
  298   351   378   304    66   150    21   158   348   414   171   408     0   431   138   611   254   413   578   291   361   302   724   425   192   634   630   555   307   240   221   307   121   367   257   101   508     0 
  279   249   522   668   469   490   420   369    79    51   452   536    78     0   536   263   617   122   246   694   735   687   320    99   596   256   562   176   106   577   187   687   316   167   598   355   439     0 
  258   291    52   383   452   317   415   563   545   580   264    24   509   614     0   554   361   630   515   526   441   652   779   620   509   614   266   706   448   308   416   665   348   629   316   502   868     0 
  363   301   565   815   676   648   622   616   342   298   594   565   331   321   725     0   768   367    39   882   884   911   248   338   799    69   451   302   317   718   396   914   498   425   737   590   686     0 
  406   469   311    52   219   127   232   403   577   639   174   338   551   662   138   768     0   652   730   166   119   315   930   659   185   808   623   784   511    56   431   332   302   614    46   353   757     0 
  373   355   609   704   473   528   433   331    86    72   503   627   121    47   551   367   652     0   357   701   767   664   349    30   596   344   680   152   182   621   232   661   356    67   641   339   321     0 
  325   262   526   777   643   611   588   590   323   286   556   526   309   312   689    39   730   357     0   846   846   878   279   328   764   102   422   309   289   680   365   882   463   412   698   561   678     0 
  532   594   475   164   228   243   273   397   639   705   305   503   620   722   159   882   166   701   846     0   157   173  1014   715   110   913   785   846   593   219   508   191   387   651   212   367   733     0 
  522   584   394    69   315   246   340   500   694   757   292   417   669   779   229   884   119   767   846   157     0   329  1049   775   237   926   707   901   630   167   549   347   420   727   148   455   851     0 
  593   650   599   329   239   338   294   334   619   686   398   629   609   694   228   911   315   664   878   173   329     0  1002   684   143   930   895   815   600   356   516    18   421   604   356   332   622     0 
  551   497   781   980   789   803   741   674   383   316   760   786   396   312   856   248   930   349   279  1014  1049  1002     0   324   916   179   700   205   422   887   506  1001   632   416   907   670   607     0 
  363   340   602   711   487   534   444   352    83    48   506   619   115    17   562   338   659    30   328   715   775   684   324     0   611   314   660   132   174   626   233   682   360    95   646   356   349     0 
  464   523   457   212   127   196   178   286   537   604   257   487   520   618    86   799   185   596   764   110   237   143   916   611     0   825   753   742   499   218   413   156   301   543   221   258   625     0 
  408   348   622   856   700   685   647   622   335   282   634   624   331   297   755    69   808   344   102   913   926   930   179   314   825     0   520   255   330   760   414   932   526   407   779   603   655     0 
  357   339   314   648   672   557   625   736   606   613   496   289   574   648   667   451   623   680   422   785   707   895   700   660   753   520     0   701   516   568   528   906   522   705   578   680   975     0 
  453   416   695   836   618   657   574   482   208   145   624   708   232   124   692   302   784   152   309   846   901   815   205   132   742   255   701     0   279   747   353   813   482   216   768   487   412     0 
  191   179   428   563   373   384   322   301    97   138   346   445    62   169   435   317   511   182   289   593   630   600   422   174   499   330   516   279     0   471    86   602   211   191   492   274   460     0 
  355   418   256    97   219    95   219   396   543   603   127   284   515   628   151   718    56   621   680   219   167   356   887   626   218   760   568   747   471     0   394   371   266   588    20   341   748     0 
  175   193   387   483   287   304   236   233   150   209   273   409   121   234   350   396   431   232   365   508   549   516   506   233   413   414   528   353    86   394     0   519   129   216   415   197   458     0 
  601   657   613   346   246   350   301   331   618   685   410   643   609   692   240   914   332   661   882   191   347    18  1001   682   156   932   906   813   602   371   519     0   427   601   372   332   611     0 
  179   230   308   353   182   175   127   219   277   338   148   335   250   362   229   498   302   356   463   387   420   421   632   360   301   526   522   482   211   266   129   427     0   327   286   159   529     0 
  377   370   603   666   424   493   388   270   100   127   475   624   132   111   505   425   614    67   412   651   727   604   416    95   543   407   705   216   191   588   216   601   327     0   607   285   275     0 
  374   436   265    79   233   114   236   412   563   623   147   292   535   648   161   737    46   641   698   212   148   356   907   646   221   779   578   768   492    20   415   372   286   607     0   358   765     0 
  328   369   458   402   142   250   122    62   287   354   263   487   277   365   227   590   353   339   561   367   455   332   670   356   258   603   680   487   274   341   197   332   159   285   358     0   408     0 
  632   637   834   804   539   658   529   354   375   393   663   858   404   366   623   686   757   321   678   733   851   622   607   349   625   655   975   412   460   748   458   611   529   275   765   408     0     0 
    0     0     0     0     0     0     0     0     0     0     0     0     0     0     0     0     0     0     0     0     0     0     0     0     0     0     0     0     0     0     0     0     0     0     0     0     0     0 
