DIMENSION: 47
N: 15
M: 15
K: 2

SERVICE: 
224 289 314 199 415 112 374 191 432 223 315 221 354 436 241 

DIST MATRIX: 
    0   742   447   468   373   571   391   650   387   211   553   427   461   412   202   661   570   252   711   717   684   475   441   864   698   699   440   621   778   560   780   443    43   801   628   471   336   707   712  1006   982   275   656  1003   712   357   906     0 
  812     0   643   640   870   578   735   586   735   924   629   726   572   660   928   355   477   761   315   533   346   625  1062   321   306   306   563   403   412   463   255   604   966   396   377   631   712  1020   291   196   260   730   350   164   364   781   424     0 
   93   658     0   333   248   435   254   624   249    99   416   289   398   279    92   574   448   203   626   683   569   341   359   798   599   595   343   507   724   445   666   317   128   745   532   337   206   594   612   925   909   204   563   918   589   219   856     0 
  370   278   197     0   426   178   288   477   287   475   225   284   269   210   480   212    37   369   255   485   107   183   622   458   179   156   170    48   440    23   204   154   548   450   152   189   264   646   187   522   531   329   176   506   136   333   560     0 
  467   452   243   224     0   121   312   690   315   529   152   284   478   279   536   406   187   532   437   693   227   216   583   629   345   310   363   226   634   233   273   262   668   639   351   220   356   508   345   645   673   489   367   621   165   358   741     0 
  289   375    94    97   324     0   186   532   186   382   145   182   293   112   388   302    72   329   349   552   204    81   520   552   279   259   168   149   524    98   298    66   481   536   242    87   177   558   288   624   631   286   270   608   208   232   649     0 
  482   898   442   429   267   453     0  1018   378   403   402   356   762   452   412   826   584   651   873  1054   699   444   192  1076   798   772   643   662  1043   621   775   506   618  1057   766   439   468   109   805  1135  1150   624   794  1116   663   355  1171     0 
  607   145   545   558   755   561   621     0   618   736   607   633   279   538   737   174   421   486   147   143   356   543   950   129   240   277   358   356    57   375   362   481   695    72   232   549   548  1025   244   298   254   473   213   307   428   654   187     0 
  544   938   489   474   329   487   427  1071     0   468   436   406   815   503   476   868   622   712   914  1105   732   489   252  1117   836   808   694   699  1089   662   803   554   682  1102   808   484   524    58   842  1168  1186   684   835  1147   691   412  1215     0 
  143   591   344   367   352   466   314   513   309     0   460   352   310   306   217   510   439   101   560   576   544   370   483   713   549   553   293   482   630   423   638   322   112   652   478   368   231   703   564   854   830   124   506   851   579   296   759     0 
  322   780   316   310   109   364   234   871   237   246     0   227   615   317   255   703   475   492   753   911   601   326   127   953   687   665   502   554   911   505   687   376   462   927   645   320   318   254   696  1031  1038   467   675  1014   578   205  1042     0 
  144   433   172   196   302   283   192   461   187   270   290     0   207   138   271   350   240   141   402   505   349   194   488   583   371   368   118   286   521   225   445   130   302   540   305   193    93   626   385   701   688    98   336   693   380   206   654     0 
  657    87   551   559   775   538   636   319   634   783   588   640     0   553   784   166   401   561   115   267   303   543   972   100   189   221   396   325   150   364   277   493   773   140   222   549   579  1009   185   193   175   541   192   194   366   675   216     0 
  481   873   422   408   266   424   360  1004   365   412   373   339   748     0   421   803   558   648   849  1037   670   422   221  1052   771   744   627   635  1023   597   743   487   628  1036   742   417   457    88   778  1106  1122   619   769  1086   631   347  1149     0 
  338   843   382   379   154   444   293   908   295   234   395   294   655   376     0   764   545   509   814   953   674   395    44  1012   753   734   551   624   963   572   763   436   441   980   707   389   361   294   763  1099  1102   490   737  1083   656   255  1095     0 
  493    84   388   397   609   390   471   306   469   617   437   477   217   387   619     0   250   412    53   292   187   382   807   250    81   115   232   182   229   206   217   328   622   238    60   388   413   858    92   351   341   386    39   344   260   510   348     0 
  355   316   166   166   395   141   258   509   258   453   188   252   291   184   458   250     0   370   292   519   131   150   590   495   215   190   181    80   477    48   226   133   540   487   189   156   245   609   222   556   567   329   214   539   142   304   597     0 
  172   492   310   334   384   424   308   421   303   288   429   343   209   274   284   412   370     0   461   481   463   333   542   612   456   463   206   402   530   346   554   271   211   552   384   332   210   730   471   755   730    43   411   752   505   305   661     0 
  546    31   437   446   660   432   522   307   520   670   480   527   261   438   672    53   292   461     0   281   211   430   858   203    93   130   284   220   198   252   218   379   671   203   108   436   465   901    97   299   289   436    79   293   282   561   307     0 
  629   285   617   634   805   657   681    75   677   757   697   699   298   602   756   292   519   481   281     0   479   621   992   230   369   405   411   467   124   471   499   551   674   144   342   625   594  1104   376   409   351   481   331   425   553   706   206     0 
  477   225   297   295   525   246   389   488   389   582   298   381   327   315   586   187   131   463   211   479     0   280   719   402   118    83   257    63   409   124    97   261   651   414   142   286   371   713   118   436   455   425   148   416    73   436   514     0 
  251   456    27    16   246    96   112   595   113   323    97   102   346    64   330   382   150   333   430   621   280     0   440   632   361   339   218   229   600   179   371    75   453   613   322     6   141   483   369   705   712   291   351   689   272   160   727     0 
  372   886   426   424   197   488   337   946   338   260   439   338   694   420   266   807   590   542   858   992   719   440     0  1055   797   778   592   669  1004   616   807   480   460  1021   751   434   402   301   807  1143  1145   525   781  1128   700   297  1137     0 
  725   180   638   648   858   634   721   296   718   853   683   727   404   637   854   250   495   612   203   230   402   632  1055     0   286   320   468   421   108   455   376   578   822    86   310   638   656  1104   284   179   127   597   282   196   466   757   118     0 
  512   107   372   377   600   349   461   386   460   630   399   461   278   379   633    81   215   456    93   369   118   361   797   286     0    37   258   137   291   182   136   320   660   295    73   367   419   820    15   345   352   425    52   331   189   504   396     0 
  506   142   352   355   582   320   443   421   442   620   371   440   297   363   624   115   190   463   130   405    83   339   778   320    37     0   260   111   328   164   107   305   663   332    90   345   408   791    36   366   378   429    81   350   152   487   431     0 
  261   316   209   229   399   280   270   379   266   387   307   288   128   191   388   232   181   206   284   411   257   218   592   468   258   260     0   198   412   146   348   144   403   429   190   221   190   695   272   583   571   170   219   575   304   298   544     0 
  415   241   244   245   473   213   335   466   335   522   263   330   280   258   526   182    80   402   220   467    63   229   669   421   137   111   198     0   412    62   159   201   588   420   125   235   310   684   143   477   488   364   144   460   110   380   527     0 
  658   191   602   615   810   618   677   188   674   787   663   689   326   594   787   229   477   530   198   124   409   600  1004   108   291   328   412   412     0   432   408   538   736    24   288   605   602  1082   295   287   233   520   268   302   480   709   133     0 
  353   277   190   195   419   187   280   461   279   461   231   279   247   200   465   206    48   346   252   471   124   179   616   455   182   164   146    62   432     0   221   142   527   443   146   185   249   651   191   527   533   306   173   512   159   324   554     0 
  574   218   391   387   616   324   482   522   482   678   376   471   400   410   683   217   226   554   218   499    97   371   807   376   136   107   348   159   408   221     0   357   746   407   196   377   468   779   126   371   402   517   186   347   112   529   493     0 
  223   407    66    85   282   154   143   523   141   321   169   151   271    60   326   328   133   271   379   551   261    75   480   578   320   305   144   201   538   142   357     0   415   552   271    78   112   553   331   665   666   228   301   651   273   184   667     0 
  203   703   425   447   374   549   376   608   372   216   535   413   420   389   207   622   540   211   671   674   651   453   460   822   660   663   403   588   736   527   746   415     0   759   590   449   312   715   675   966   941   236   618   963   681   345   864     0 
  678   192   616   628   827   628   692   211   690   807   674   704   347   609   807   238   487   552   203   144   414   613  1021    86   295   332   429   420    24   443   407   552   759     0   298   619   619  1094   297   265   210   541   275   282   483   726   115     0 
  448   136   329   338   553   330   414   347   412   569   377   419   207   331   572    60   189   384   108   342   142   322   751   310    73    90   190   125   288   146   196   271   590   298     0   328   361   797    88   399   395   354    31   389   215   454   408     0 
  247   462    24    10   239   100   106   599   107   318    97    95   349    62   324   388   156   332   436   625   286     6   434   638   367   345   221   235   605   185   377    78   449   619   328     0   138   479   376   711   718   290   357   695   278   154   732     0 
  113   495   114   137   212   238   101   553    96   212   229   134   297    77   216   413   245   210   465   594   371   141   402   656   419   408   190   310   602   249   468   112   312   619   361   138     0   534   431   760   754   172   392   749   385   113   735     0 
  565   924   487   470   351   471   434  1074   439   500   421   409   819   505   509   858   609   730   901  1104   713   483   301  1104   820   791   695   684  1082   651   779   553   715  1094   797   479   534     0   825  1147  1168   699   823  1125   667   426  1205     0 
  525   107   381   386   610   355   471   396   470   642   405   470   293   390   645    92   222   471    97   376   118   369   807   284    15    36   272   143   295   191   126   331   675   297    88   376   431   825     0   336   345   439    67   321   186   514   396     0 
  844   268   717   721   946   682   807   476   805   967   734   806   548   724   970   351   556   755   299   409   436   705  1143   179   345   366   583   477   287   527   371   665   966   265   399   711   760  1147   336     0    71   733   368    32   481   849   251     0 
  831   259   722   728   948   699   809   421   807   957   750   811   521   725   959   341   567   730   289   351   455   712  1145   127   352   378   571   488   233   533   402   666   941   210   395   718   754  1168   345    71     0   711   365   100   508   849   181     0 
  153   468   268   293   358   381   272   426   267   278   387   306   195   232   276   386   329    43   436   481   425   291   525   597   425   429   170   364   520   306   517   228   236   541   354   290   172   699   439   733   711     0   382   729   465   273   652     0 
  478   106   358   367   583   354   444   342   442   600   402   448   227   361   602    39   214   411    79   331   148   351   781   282    52    81   219   144   268   173   186   301   618   275    31   357   392   823    67   368   365   382     0   358   222   484   384     0 
  836   261   702   705   931   662   792   490   791   958   714   790   547   711   960   344   539   752   293   425   416   689  1128   196   331   350   575   460   302   512   347   651   963   282   389   695   749  1125   321    32   100   729   358     0   458   835   277     0 
  496   292   294   286   513   214   384   561   385   590   265   369   390   319   595   260   142   505   282   553    73   272   700   466   189   152   304   110   480   159   112   273   681   483   215   278   385   667   186   481   508   465   222   458     0   432   580     0 
  153   590   139   146   101   239    48   666    47   172   208    75   410   124   180   510   304   305   561   706   436   160   297   757   504   487   298   380   709   324   529   184   345   726   454   154   113   426   514   849   849   273   484   835   432     0   841     0 
  791   289   730   742   942   738   808   281   805   921   785   818   458   724   920   348   597   661   307   206   514   727  1137   118   396   431   544   527   133   554   493   667   864   115   408   732   735  1205   396   251   181   652   384   277   580   841     0     0 
    0     0     0     0     0     0     0     0     0     0     0     0     0     0     0     0     0     0     0     0     0     0     0     0     0     0     0     0     0     0     0     0     0     0     0     0     0     0     0     0     0     0     0     0     0     0     0     0 
