DIMENSION: 27
N: 15
M: 5
K: 2

SERVICE: 
99 251 65 260 150 184 221 136 204 170 220 144 383 196 317 

DIST MATRIX: 
    0   591   820   359   624   537   600   388   678   584   624  1207   428   390   699  1235   215   680   564   616  1001    58   693   532   625   178   334     0 
  286     0   465     1   305   272   262    86   331   229   318   887   110   291   420   925   152   412   312   262   761   351   397   325   275   242   119     0 
  786   321     0   501   311   433   287   482   207   276   335   499   444   665   381   557   651   466   446   246   611   852   399   515   245   732   548     0 
  522    28   285     0   296   365   229   286   227   143   326   765   264   372   432   816   392   243   400   161   760   589   192   452   189   458   353     0 
  674   465   325   432     0   173   217   354   232   304   124   509   322   712    13   531   559   687   145   284   333   727   634   194   256   658   383     0 
  323   319   461   109   253     0   233    35   313   238   256   839    65   395   344   871   205   507   221   263   675   380   483   222   265   303    39     0 
  328   298   447    94   246   187     0    14   300   220   251   833    49   384   344   866   205   487   225   247   679   387   462   232   250   303    56     0 
  201   331   551    88   376   319   341     0   413   315   384   962   173   280   478   997    71   468   356   348   811   265   462   353   359   169   118     0 
  590   407   329   349    98    89   161   270     0   247    67   586   239   633    75   611   474   631    68   234   413   643   582   132   210   573   298     0 
  575    73   258   313   316   397   251   336   231     0   347   741   311   413   446   795   446   238   430   178   764   642   177   486   204   510   404     0 
  368   251   395    99   209   177   174    42   250   166     0   795    16   384   322   831   238   451   218   193   664   429   421   242   199   334   111     0 
 1114   802   511   856   550   614   601   787   557   668   539     0   751  1113   451   114   994   995   587   635   249  1169   930   627   610  1092   823     0 
  186   594   780   346   561   459   551   345   632   553   556  1131     0   465   617  1155   238   721   480   581   898   179   722   437   584   253   280     0 
  180   512   803   366   672   626   626   440   686   576   684  1250   473     0   783  1290   240   517   663   611  1118   196   550   656   630   145   422     0 
  397   213   358   115   194   189   147    84   218   125   210   772    54   383     0   811   264   419   230   155   662   460   386   263   164   357   153     0 
 1193   844   538   925   622   699   665   862   611   723   615    66   825  1169   538     0  1069  1021   675   689   363  1250   955   721   666  1165   904     0 
  134   376   616   152   447   388   411   207   482   380   455  1033   244   248   548  1069     0   483   424   414   879   200   487   416   426    99   182     0 
  582   223   485   411   539   597   472   474   466   385   569   964   467   321   674  1021   483     0   634   404  1000   643    67   680   432   504   529     0 
  534   414   383   313   136    41   184   228   246   260   111   652   204   602   137   675   424   634     0   257   455   584   591    69   236   523   244     0 
  548   183   204   262   138   228    74   235    78    35   169   644   198   480   271   689   414   404   257     0   601   612   350   318    28   501   302     0 
  984   784   557   762   479   492   543   680   534   627   455   386   652  1045   345   363   879  1000   455   601     0  1029   941   471   573   977   698     0 
   67   570   816   351   633   554   604   393   678   579   636  1219   432   343   718  1250   200   643   584   612  1029     0   660   558   624   139   346     0 
  596   178   419   395   487   555   421   449   408   335   518   898   436   356   621   955   487    67   591   350   941   660     0   640   378   520   509     0 
  513   463   453   326   205    90   247   239   314   317   180   702   226   616   190   721   416   680    69   318   471   558   640     0   300   513   235     0 
  560   211   197   275   112   210    52   240    57    58   143   622   201   504   243   666   426   432   236    28   573   624   378   300     0   516   304     0 
   79   438   701   242   544   487   504   305   572   467   553  1129   341   216   647  1165    99   504   523   501   977   139   520   513   516     0   280     0 
  292   350   501   120   290   210   272    69   352   276   290   873   104   392   373   904   182   529   244   302   698   346   509   235   304   280     0     0 
    0     0     0     0     0     0     0     0     0     0     0     0     0     0     0     0     0     0     0     0     0     0     0     0     0     0     0     0 
