DIMENSION: 37
N: 15
M: 10
K: 2

SERVICE: 
224 289 314 199 415 112 374 191 432 223 315 221 354 436 241 

DIST MATRIX: 
    0   742   447   468   373   571   391   650   387   211   553   427   461   412   202   718   654   334   647   723   572   802   251   691   554   540   511   226   801   596   967   515   488   764   700   357   643     0 
  812     0   643   640   870   578   735   586   735   924   629   726   572   660   928   312   519   928   364   553   448   516   826   408   700   726   656   892   339   650    59   515   624   500   597   781  1147     0 
   93   658     0   333   248   435   254   624   249    99   416   289   398   279    92   604   520   222   538   586   492   666   263   628   416   402   374   100   675   459   869   396   456   725   563   219   556     0 
  370   278   197     0   426   178   288   477   287   475   225   284   269   210   480   142   186   480    93   276   207   318   466   342   300   321   234   443   232   272   429    67   381   497   293   333   736     0 
  467   452   243   224     0   121   312   690   315   529   152   284   478   279   536   242    37   480   266    62   420   117   640   543   203   231   194   499   178   146   515   236   593   700    92   358   639     0 
  289   375    94    97   324     0   186   532   186   382   145   182   293   112   388   238   167   379   195   255   273   320   436   421   215   231   141   350   293   201   530    56   410   571   256   232   637     0 
  482   898   442   429   267   453     0  1018   378   403   402   356   762   452   412   727   505   278   711   489   787   556   746   940   327   303   386   401   693   375  1021   578   864  1081   442   355   123     0 
  607   145   545   558   755   561   621     0   618   736   607   633   279   538   737   353   560   792   313   641   202   657   508    49   680   698   608   710   492   655   338   411   268   127   667   654  1095     0 
  544   938   489   474   329   487   427  1071     0   468   436   406   815   503   476   759   530   343   748   503   834   564   808   986   361   338   426   465   713   402  1048   621   919  1130   457   412   126     0 
  143   591   344   367   352   466   314   513   309     0   460   352   310   306   217   577   544   339   504   623   420   697   137   540   480   472   422   216   672   511   817   382   346   621   607   296   678     0 
  322   780   316   310   109   364   234   871   237   246     0   227   615   317   255   632   435   121   602   448   653   527   585   807   253   226   285   241   628   310   929   457   712   942   405   205   243     0 
  144   433   172   196   302   283   192   461   187   270   290     0   207   138   271   383   354   328   313   438   273   508   251   419   331   333   260   242   473   347   641   182   303   539   430   206   653     0 
  657    87   551   559   775   538   636   319   634   783   588   640     0   553   784   288   517   820   276   587   244   588   602   147   664   685   598   753   410   629   210   410   376   239   621   675  1099     0 
  481   873   422   408   266   424   360  1004   365   412   373   339   748     0   421   697   472   287   684   451   767   517   746   919   298   274   361   407   658   342   989   555   852  1063   405   347   161     0 
  338   843   382   379   154   444   293   908   295   234   395   294   655   376     0   707   518   122   670   534   706   613   591   859   338   310   363   240   711   395  1003   522   744   987   492   255   223     0 
  512   215   331   329   559   274   423   496   423   617   326   414   351   349   621     0   234   616    79   299   246   304   581   325   400   425   348   585   145   357   297   209   446   479   334   470   847     0 
  430   437   207   188   387    86   279   663   281   496   124   252   446   243   503   234     0   452   247    92   393   154   603   522   184   211   163   465   194   131   518   201   561   678   108   325   628     0 
  216   735   285   288    66   370   192   786   193   126   328   205   535   272   134   616   452     0   571   488   591   570   473   743   289   265   289   124   639   345   909   419   622   867   451   147   341     0 
  448   193   289   292   519   262   380   435   379   560   312   377   273   300   563    79   247   571     0   328   173   350   503   277   387   409   325   528   214   353   339   153   371   434   355   424   827     0 
  500   511   279   257   422   157   335   752   339   550   171   303   537   317   558   299    92   488   328     0   482    83   689   605   200   226   214   521   214   142   561   293   652   762    46   378   612     0 
  415   171   345   360   553   377   419   270   416   542   417   431   124   336   544   246   393   591   173   482     0   517   377   154   488   504   413   514   387   470   404   217   201   298   500   452   893     0 
  579   519   356   335   504   233   417   785   420   632   253   386   587   393   640   304   154   570   350    83   517     0   756   625   282   307   296   603   185   225   532   349   699   781   121   460   678     0 
  265   544   421   446   480   534   417   401   412   360   541   452   254   385   354   581   603   473   503   689   377   756     0   466   575   572   507   351   697   597   781   414   245   519   682   409   814     0 
  558   132   498   511   706   519   573   186   570   687   563   585   231   490   687   325   522   743   277   605   154   625   466     0   636   653   563   661   467   613   352   366   232   157   630   605  1047     0 
  342   578   163   140   223   127   166   744   171   363    76   129   496   194   372   400   184   289   387   200   488   282   575   636     0    27    77   337   377    58   694   271   609   786   162   197   448     0 
  332   599   170   149   200   151   158   756   163   344    99   121   505   197   353   425   211   265   409   226   504   307   572   653    27     0    90   319   404    85   719   287   618   802   187   183   423     0 
  291   512    88    64   225    81   122   667   125   337    43    90   418   122   345   348   163   289   325   214   413   296   507   563    77    90     0   307   351    90   645   197   533   711   189   165   503     0 
  105   671   266   280   148   379   187   683   184    32   350   217   440   239    38   585   465   124   528   521   514   603   351   661   337   319   307     0   636   385   866   377   516   773   492   143   463     0 
  582   349   370   358   576   270   456   641   457   668   315   435   484   399   674   145   194   639   214   214   387   185   697   467   377   404   351   636     0   322   349   291   586   619   258   503   817     0 
  379   546   176   151   279    94   205   733   209   413    58   170   492   211   421   357   131   345   353   142   470   225   597   613    58    85    90   385   322     0   647   255   608   766   107   243   497     0 
  782   239   624   624   853   569   716   529   716   897   621   710   527   638   901   297   518   909   339   561   404   532   781   352   694   719   645   866   349   647     0   492   573   441   603   762  1142     0 
  303   323   141   149   368   163   229   479   228   409   200   230   246   148   413   209   201   419   153   293   217   349   414   366   271   287   197   377   291   255   492     0   362   515   300   272   690     0 
  411   335   448   470   603   522   492   169   488   536   550   517   116   424   533   446   561   622   371   652   201   699   245   232   609   618   533   516   586   608   573   362     0   276   662   509   955     0 
  668   272   641   657   837   672   709   127   706   797   714   725   334   629   796   479   678   867   434   762   298   781   519   157   786   802   711   773   619   766   441   515   276     0   786   737  1184     0 
  479   542   264   240   385   148   309   770   313   520   148   275   546   302   528   334   108   451   355    46   500   121   682   630   162   187   189   492   258   107   603   300   662   786     0   349   566     0 
  153   590   139   146   101   239    48   666    47   172   208    75   410   124   180   470   325   147   424   378   452   460   409   605   197   183   165   143   503   243   762   272   509   737   349     0   449     0 
  556  1013   551   541   351   573   475  1114   479   457   521   463   858   557   464   847   628   341   827   612   893   678   814  1047   448   423   503   463   817   497  1142   690   955  1184   566   449     0     0 
    0     0     0     0     0     0     0     0     0     0     0     0     0     0     0     0     0     0     0     0     0     0     0     0     0     0     0     0     0     0     0     0     0     0     0     0     0     0 
