DIMENSION: 27
N: 15
M: 5
K: 2

SERVICE: 
217 133 211 203 342 286 141 301 284 345 378 170 144 302 159 

DIST MATRIX: 
    0   226   554   218   499    97   371   807   376   136   107   348   159   408   221   340   488   892   471   385   178   489   634   277   413   493   553     0 
  328     0   271   379   551   261    75   480   578   320   305   144   201   538   142   398   580   624   161   673   314   652   283   146   306   667   527     0 
  622   540     0   671   674   651   453   460   822   660   663   403   588   736   527   607   730   281   428   968   633   842   299   557   439   864   874     0 
  238   487   552     0   144   414   613  1021    86   295   332   429   420    24   443   162    98   767   713   257   270   100   807   581   321   115   945     0 
   60   189   384   108     0   142   322   751   310    73    90   190   125   288   146   172   351   705   425   405    45   396   548   283   217   408   662     0 
  388   156   332   436   625     0     6   434   638   367   345   221   235   605   185   468   652   679    99   721   368   718   260   117   384   732   458     0 
  413   245   210   465   594   371     0   402   656   419   408   190   310   602   249   459   632   545   150   766   406   717   189   246   332   735   585     0 
  858   609   730   901  1104   713   483     0  1104   820   791   695   684  1082   651   947  1131   996   396  1160   832  1193   421   520   854  1205   382     0 
   92   222   471    97   376   118   369   807     0    15    36   272   143   295   191   215   370   792   474   345    55   388   613   305   300   396   648     0 
  351   556   755   299   409   436   705  1143   179     0   366   583   477   287   527   369   357  1016   810    18   354   265   946   633   534   251   913     0 
  341   567   730   289   351   455   712  1145   127   352     0   571   488   233   533   335   296   973   817    56   352   197   942   649   503   181   952     0 
  386   329    43   436   481   425   291   525   597   425   429     0   364   520   306   383   529   398   322   736   397   632   307   373   221   652   748     0 
   39   214   411    79   331   148   351   781   282    52    81   219     0   268   173   163   335   726   454   374    15   373   579   306   233   384   676     0 
  344   539   752   293   425   416   689  1128   196   331   350   575   460     0   512   373   376  1022   793    50   343   290   933   613   535   277   885     0 
  260   142   505   282   553    73   272   700   466   189   152   304   110   480     0   384   553   856   367   494   221   574   538   170   411   580   462     0 
  125   351   397   129   170   311   463   861   215   205   240   269   296   143   304     0   185   650   559   368   166   259   646   447   168   276   833     0 
  295   535   532   273    61   481   647  1033   180   365   402   445   476    85   488   185     0   705   741   347   333   122   815   631   309   145  1011     0 
  715   725   356   754   644   807   681   736   847   777   792   552   749   743   697   650   705     0   683  1013   740   827   577   770   498   850  1128     0 
  484   254   360   533   710   382   105   336   735   465   444   300   334   698   284   559   741   683     0   819   466   812   184   198   459   827   447     0 
  356   566   756   304   400   448   715  1152   172   354   376   588   487   280   536   368   347  1013   819     0   361   252   953   644   534   237   928     0 
   40   223   426    70   332   148   362   793   273    42    75   234   150   263   183   166   333   740   466   361     0   366   592   314   245   376   678     0 
  336   585   640   297   183   506   713  1120   119   388   423   527   516   115   542   259   122   827   812   252   366     0   904   679   411    23  1035     0 
  601   409   328   653   773   540   266   220   845   602   588   378   483   789   425   646   815   577   184   953   592   904     0   374   508   922   597     0 
  343    95   416   384   614   197   112   531   585   300   271   253   164   572   143   447   631   770   198   644   314   679   374     0   405   690   404     0 
  217   320   231   256   265   345   381   728   383   285   307   162   302   300   274   168   309   498   459   534   245   411   508   405     0   431   809     0 
  348   597   661   307   206   514   727  1137   118   396   431   544   527   133   554   276   145   850   827   237   376    23   922   690   431     0  1041     0 
  715   493   789   743  1004   531   458   609   926   650   613   655   537   941   540   833  1011  1128   447   928   678  1035   597   404   809  1041     0     0 
    0     0     0     0     0     0     0     0     0     0     0     0     0     0     0     0     0     0     0     0     0     0     0     0     0     0     0     0 
