DIMENSION: 47
N: 15
M: 15
K: 2

SERVICE: 
318 231 131 268 316 143 335 279 175 130 185 104 300 207 356 

DIST MATRIX: 
    0   107   344   338   247   223   118   192   544   698   234   471   188   449   313   463   421   445   271   196    73   225   184   299   284   178   733   174   561   218   487   270   505   412   225   166   177   298   149   450   190   666   399   602   215   474   459     0 
  366     0   444   446   351   310   229   325   665   718   307   604   308   592   422   548   563   547   405   303   192   349   320   413   419   276   745   315   689   256   548   404   610   553   255   296   311   414   218   588   331   653   438   705   358   394   561     0 
  486   245     0   418    42    72   271   254   335   864   105   283   287   350   396   257   350   522   106   320   245   297    86   376   293   322   905   125   362   408   305   105   567   356   418    66    76    84   333   408   127   857   260   386   167   690   244     0 
  462   406   507     0   484   525   415   312   471   703   558   358   338   138   276   609   107   274   355   360   445   297   382   269   217   391   755   359   426   488   697   356   260    97   500   417   396   437   457    48   346   783   700   606   304   814   541     0 
  490   340   326   322     0   364   358   260   301   806   396   186   302    58   315   423    83   383   187   337   372   272   241   298   190   363   855   233   270   474   513   188   397   106   487   275   254   260   419   155   217   855   524   431   187   807   356     0 
  571   337    60   475    90     0   363   324   230   942   167   195   363   324   456   180   341   571   106   400   344   363   160   435   334   408   986   197   263   502   254   106   607   355   513   160   159    25   428   409   191   947   258   282   217   795   145     0 
  332   353   653   491   557   522     0   437   862   592   521   787   402   729   474   762   687   566   587   377   323   442   500   474   527   346   606   483   878   255   764   586   630   670   244   485   494   614   281   692   498   490   653   914   512   181   770     0 
  516   354   301   353   300   350   373     0   267   838   382   152   322    81   345   394   116   417   174   359   383   294   238   326   216   383   887   236   237   494   485   175   432   140   507   270   251   239   436   188   220   884   502   397   195   826   325     0 
  851   620   252   737   349   383   646   600     0  1217   388   278   642   497   722   153   539   823   375   679   625   637   443   701   592   689  1262   477   236   785   215   375   848   563   796   442   441   307   711   612   470  1229   331    45   489  1069   138     0 
  421   659  1034   563   944   935   634   672  1162     0   951  1054   630   885   571  1162   828   528   898   593   664   639   832   589   702   584    94   795  1148   502  1201   898   553   801   494   839   835   967   576   783   802    65  1117  1264   784   416  1136     0 
  723   486   216   686   235   211   508   520   419  1105     0   443   545   594   664   194   607   793   359   573   470   563   358   644   566   567  1141   396   475   627   128   358   840   618   634   331   347   277   556   672   400  1073    13   370   440   838   262     0 
  718   504   203   584   281   331   529   464    38  1069   350     0   509   324   571   204   368   662   247   547   518   495   330   551   438   562  1116   357    89   667   303   247   682   392   678   341   333   213   596   440   345  1096   376   145   353   976   127     0 
  365   379   577   179   532   564   379   291   582   572   596   467     0   251   197   691   201   148   414   308   417   260   414   200   210   338   624   381   545   415   771   415   128   176   426   446   427   502   404   132   373   659   754   713   330   724   630     0 
  316   176   358   175   299   325   189    85   439   657   356   330   124     0   159   482   166   269   196   158   213    93   175   139    33   185   704   141   425   295   551   196   309   152   308   205   187   282   244   187   133   689   520   548    92   629   436     0 
  435   562   820   332   768   793   553   493   828   442   823   714   483   495     0   937   448   224   656   474   597   453   644   372   436   497   492   607   787   529  1015   657   165   424   535   672   655   745   551   377   602   577   989   961   561   761   879     0 
  742   503   129   655   219   242   528   501   232  1118   241   283   539   475   636     0   504   751   286   574   502   542   333   615   514   578  1160   371   293   665    99   286   786   522   674   323   328   201   590   575   368  1114   186   180   397   931    79     0 
  451   341   401   268   379   422   355   251   381   742   455   266   286    57   266   504     0   313   250   316   377   249   285   252   161   345   792   266   345   452   591   251   321    28   465   319   298   331   407    73   251   802   594   512   213   786   438     0 
  240   339   627   109   563   582   329   275   682   432   610   567   261   369   134   751   313     0   465   249   373   233   436   151   236   273   483   398   653   316   820   465    65   285   325   461   447   551   329   258   395   511   780   803   358   594   701     0 
  478   257   164   369   130   177   282   226   280   842   209   200   268   245   352   286   250   465     0   305   273   262    87   330   228   318   887   110   290   420   359     1   501   260   432   109    94    88   349   313    99   856   346   366   115   731   242     0 
  172    92   445   144   361   364    79    83   577   545   388   477    38   363   120   574   316   249   305     0   123    67   241   110   155    31   587   203   572   137   624   305   311   296   150   253   246   376    98   316   209   550   561   672   194   471   544     0 
  254    39   377   266   283   271    44   133   553   635   288   468   118   412   241   502   377   373   273   123     0   158   189   228   228   105   673   164   561   163   537   272   433   365   173   184   187   319    89   397   177   614   459   626   189   459   487     0 
  225   119   414   124   338   352   121    43   524   580   379   419    42   295   101   542   249   233   262    67   158     0   212    82    87    97   625   173   514   204   600   262   287   229   217   233   221   341   161   251   174   601   551   626   147   539   504     0 
  411   178   204   332   127   150   204   170   365   785   182   287   206   296   311   333   285   436    87   241   189   212     0   290   208   248   828    39   377   343   388    86   482   286   354    35    14   136   270   336    42   787   345   440    84   646   305     0 
  199   192   488    42   417   433   186   125   576   519   461   465   112   306    21   615   252   151   330   110   228    82   290     0   113   139   566   251   559   221   678   331   207   227   232   313   300   413   204   231   250   557   632   686   218   545   572     0 
  300   189   391   146   332   358   198    95   463   631   389   353   126   209   133   514   161   236   228   155   228    87   208   113     0   184   679   173   446   291   584   229   276   143   304   238   220   315   247   170   166   668   553   576   125   625   467     0 
  164    81   450   170   363   361    62   105   594   543   383   496    61   391   147   578   345   273   318    31   105    97   248   139   184     0   583   212   592   111   624   318   335   326   124   256   251   384    67   347   220   539   556   684   210   444   553     0 
  420   662  1032   535   946   942   638   662  1142    52   961  1031   622   849   546  1160   792   483   887   587   673   625   828   566   679   583     0   790  1123   515  1207   887   499   765   509   839   833   962   586   741   795   144  1131  1250   772   486  1129     0 
  374   147   243   293   166   186   172   131   391   747   216   305   167   284   272   371   266   398   110   203   164   173    39   251   173   212   790     0   398   311   428   110   444   264   322    65    49   173   239   311    16   751   383   473    54   622   341     0 
  739   542   285   588   353   406   566   489    64  1074   427    96   534   293   578   293   345   653   290   572   561   514   377   559   446   592  1123   398     0   700   390   291   665   372   712   395   384   280   633   413   384  1113   465   196   383  1020   216     0 
  110   165   539   236   446   434   139   215   699   480   449   604   172   500   219   665   452   316   420   137   163   204   343   221   291   111   515   311   700     0   699   420   381   432    13   344   344   478    75   446   322   451   617   783   317   334   647     0 
  786   544   195   719   263   266   569   558   328  1166   252   381   591   566   698    99   591   820   359   624   537   600   388   678   584   624  1207   428   390   699     0   358   859   607   708   370   380   271   625   661   427  1150   126   253   462   940   178     0 
  478   256   163   370   129   176   282   226   281   842   208   201   268   246   352   286   251   465     1   305   272   262    86   331   229   318   887   110   291   420   358     0   502   261   432   108    93    87   349   314    98   856   344   366   115   731   242     0 
  302   398   665   167   607   630   390   328   699   447   659   583   319   374   192   786   321    65   501   311   433   287   482   207   276   335   499   444   665   381   859   502     0   293   389   509   493   589   393   256   440   543   827   825   401   653   732     0 
  426   328   415   241   387   428   340   235   407   714   461   291   268    85   241   522    28   285   260   296   365   229   286   227   143   326   765   264   372   432   607   261   293     0   444   321   300   344   390    54   251   775   605   537   210   765   458     0 
  111   176   549   247   455   442   150   228   711   476   457   617   185   513   230   674   465   325   432   150   173   217   354   232   304   124   509   322   712    13   708   432   389   444     0   354   354   488    85   459   333   442   624   794   330   321   658     0 
  420   180   195   355   108   121   206   190   377   797   151   308   221   330   333   323   319   461   109   253   184   233    35   313   238   256   839    65   395   344   370   108   509   321   354     0    21   136   269   370    73   792   319   442   116   636   303     0 
  415   179   199   342   118   138   205   178   369   791   169   294   212   309   320   328   298   447    94   246   187   221    14   300   220   251   833    49   384   344   380    93   493   300   354    21     0   134   270   350    54   789   334   440    97   643   303     0 
  547   313    76   454    74   129   339   301   251   919   156   207   340   318   434   201   331   551    88   376   319   341   136   413   315   384   962   173   280   478   271    87   589   344   488   136   134     0   404   398   167   923   264   307   195   770   169     0 
  169    92   464   232   371   360    67   159   629   549   376   538   121   451   210   590   407   329   349    98    89   161   270   204   247    67   586   239   633    75   625   349   393   390    85   269   270   404     0   412   251   526   545   709   251   391   573     0 
  427   359   469   235   440   480   368   265   452   690   513   337   293   120   240   575    73   258   313   316   397   251   336   231   170   347   741   311   413   446   661   314   256    54   459   370   350   398   412     0   299   761   659   584   257   775   510     0 
  381   159   240   292   168   192   184   134   379   751   223   291   173   268   271   368   251   395    99   209   177   174    42   250   166   220   795    16   384   322   427    98   440   251   333    73    54   167   251   299     0   759   387   464    43   636   334     0 
  378   612   987   535   896   885   586   632  1125   164   899  1019   588   859   540  1114   802   511   856   550   614   601   787   557   668   539   144   751  1113   451  1150   856   543   775   442   792   789   923   526   761   759     0  1064  1222   744   351  1092     0 
  712   474   203   674   222   199   496   508   409  1094   173   431   534   581   652   186   594   780   346   561   459   551   345   632   553   556  1131   383   465   617   126   344   827   605   624   319   334   264   545   659   387  1064     0   364   427   831   253     0 
  844   618   261   722   357   396   643   591   138  1204   404   248   634   468   707   180   512   803   366   672   626   626   440   686   576   684  1250   473   196   783   253   366   825   537   794   442   440   307   709   584   464  1222   364     0   480  1076   145     0 
  365   162   270   258   206   234   185   112   384   728   265   287   155   235   239   397   213   358   115   194   189   147    84   218   125   210   772    54   383   317   462   115   401   210   330   116    97   195   251   257    43   744   427   480     0   641   357     0 
  358   479   817   549   720   690   456   547  1011   485   693   926   505   834   538   931   786   594   731   471   459   539   646   545   625   444   486   622  1020   334   940   731   653   765   321   636   643   770   391   775   636   351   831  1076   641     0   933     0 
  715   482   116   611   213   251   508   467   157  1084   260   205   507   405   593    79   438   701   242   544   487   504   305   572   467   553  1129   341   216   647   178   242   732   458   658   303   303   169   573   510   334  1092   253   145   357   933     0     0 
    0     0     0     0     0     0     0     0     0     0     0     0     0     0     0     0     0     0     0     0     0     0     0     0     0     0     0     0     0     0     0     0     0     0     0     0     0     0     0     0     0     0     0     0     0     0     0     0 
