DIMENSION: 37
N: 15
M: 10
K: 2

SERVICE: 
278 62 567 203 365 122 430 140 299 30 314 161 210 118 343 

DIST MATRIX: 
    0   395   533   387   566   478   529   702   530   729    93   655   423   562   529   647   372   471   414   390   450   448   533   309   503   814   402   416   608   370   645   402   636   499   531   355   340     0 
  101     0   436    69   718   543   209   700   703   705   380   654   480   429   405   788   185   165   304   252   109   292   278    75   152  1028    49   114   521   170   289   392   316   241   248   716   255     0 
  365   261     0   260   935   742   223   840   931   830   657   800   686   535   527   995   349   253   477   433   199   438   286   334   169  1256   245   273   636   366    53   589   179   276   240   992   466     0 
  273   318   705     0   978   812   412   972   959   975   577   926   749   692   671  1052   147   397   576   524   186   560    15   255   327  1279   292   368   788   442   257   664   160    32    55   835   526     0 
  476   397    59   510     0   168   376   260   378   267   422   214   143   111    91   410   612   348   136   188   534   161   716   478   437   685   424   353   113   270   639    95   722   681   682   762   197     0 
  533   462   110   572   310     0   443   199   328   213   444   152   123   160   149   349   671   415   200   252   598   228   780   537   504   625   488   419   113   334   707   128   789   744   747   764   254     0 
  424   396   204   487   300   127     0   334   293   359   287   287    63   251   222   367   566   386   173   206   527   222   695   436   468   619   421   367   257   273   671    66   731   658   669   614   173     0 
  771   670   287   790   437   340   601     0   478    94   706   163   374   295   316   424   902   596   425   476   802   429   989   769   679   680   696   619   201   553   865   388   968   955   950  1011   496     0 
  418   464   405   513   334   273   552   501     0   535   139   458   234   449   418   415   548   497   336   343   569   384   701   442   562   596   482   458   459   374   746   262   774   664   687   411   290     0 
  746   666   282   781   316   248   624    21   359     0   634    65   297   310   321   302   883   607   407   460   803   425   987   749   694   562   693   620   209   541   891   339   984   951   952   914   466     0 
  118    86   369   151   632   460   219   625   618   633     0   578   396   369   342   703   246   162   232   181   194   230   359   113   193   943   101   105   455   106   364   311   400   322   332   667   174     0 
  772   725   375   828   173   222   715   153   222   197   592     0   286   418   416   138   914   686   466   516   861   499  1036   782   774   396   751   686   329   596   978   367  1056  1000  1007   816   505     0 
  546   451    64   568   394   213   403   215   416   209   507   177     0    91   100   424   678   386   200   251   586   208   771   545   473   703   477   402    28   330   670   180   763   737   735   843   271     0 
  403   322    89   434   415   217   311   335   420   341   382   289   171     0    85   468   538   278    60   113   459    92   641   404   366   737   348   279   172   195   570    81   649   605   607   737   126     0 
  789   696   309   814   399   324   636   104   442    62   702   139   366   325     0   380   923   627   444   496   830   454  1016   789   712   630   722   647   226   575   902   394  1002   982   979   994   511     0 
  783   763   458   854    81   253   779   286   123   331   554   282   311   507   498     0   924   742   519   564   895   560  1060   798   828   278   788   731   432   638  1032   407  1098  1022  1035   722   539     0 
  142   245   615   128   848   693   379   870   826   879   430   823   628   612   587   924     0   344   479   427   162   474   160   134   303  1141   224   298   701   349   330   551   278   128   164   694   417     0 
  258   103   325   217   682   489    59   599   679   595   459   557   433   302   287   742   344     0   223   180   211   188   397   238    88  1003   120    58   403   123   292   335   377   366   356   822   218     0 
  346   262   139   374   461   266   262   396   461   401   359   350   212   152   120   519   479   223     0    53   399    50   581   345   310   783   288   220   225   134   515   114   590   545   547   724    77     0 
  296   210   188   321   502   311   225   448   499   453   346   402   254   193   164   564   427   180    53     0   346    59   528   294   265   823   236   170   275    82   469   156   540   492   495   715    55     0 
  172   137   522    63   825   647   231   792   812   793   480   748   585   507   488   895   162   211   399   346     0   378   187   141   148  1136   110   183   605   265   196   495   207   155   149   799   357     0 
  348   243   145   361   505   308   219   416   508   415   400   372   258   139   113   560   474   188    50    59   378     0   563   342   276   827   269   195   229   125   479   161   562   529   527   767   109     0 
  283   321   708   209   987   819   410   976   968   979   588   930   755   694   674  1060   160   397   581   528   187   563     0   264   325  1288   294   370   791   446   246   670   146    37    47   849   532     0 
   31   135   482    78   724   562   284   736   705   745   342   689   497   482   455   798   134   238   345   294   141   342   264     0   226  1025   124   184   568   218   336   418   336   226   245   658   283     0 
  253   108   412   178   766   575    85   687   761   682   506   645   518   387   374   828   303    88   310   265   148   276   325   226     0  1087   105   105   488   197   205   421   290   298   282   859   297     0 
 1005  1011   735  1089   323   521  1045   549   326   592   729   555   571   785   774   278  1141  1003   783   823  1136   827  1288  1025  1087     0  1035   986   710   892  1289   669  1343  1251  1269   765   791     0 
  149    27   413    98   720   539   161   683   709   684   412   638   478   401   380   788   224   120   288   236   110   269   294   124   105  1035     0    77   497   155   264   385   310   260   259   757   249     0 
  202    53   339   175   667   479   114   611   660   610   409   566   420   325   304   731   298    58   220   170   183   195   370   184   105   986    77     0   421    94   303   325   370   336   332   769   194     0 
  570   471    86   590   407   233   415   206   431   194   535   172   234   102   117   432   701   403   225   275   605   229   791   568   488   710   497   421     0   352   683   208   779   757   754   870   297     0 
  224   128   266   240   573   386   178   530   566   534   345   484   327   264   237   638   349   123   134    82   265   125   446   218   197   892   155    94   352     0   398   232   461   410   413   713   100     0 
  367   284   611   259   970   779   268   885   963   877   669   845   722   581   572  1032   330   292   515   469   196   479   246   336   205  1289   264   303   683   398     0   625   128   242   203   994   498     0 
  411   359   144   461   347   155   376   324   347   341   327   276    98   188   158   407   551   335   114   156   495   161   670   418   421   669   385   325   208   232   625     0   693   633   640   669   138     0 
  364   335   702   261  1030   848   368   976  1018   972   678   933   787   678   664  1098   278   377   590   540   207   562   146   336   290  1343   310   370   779   461   128   693     0   159   117   971   559     0 
  246   286   673   172   949   782   382   940   931   944   553   895   718   661   640  1022   128   366   545   492   155   529    37   226   298  1251   260   336   757   410   242   633   159     0    42   821   495     0 
  269   286   671   181   963   791   366   941   947   943   581   897   728   656   636  1035   164   356   547   495   149   527    47   245   282  1269   259   332   754   413   203   640   117    42     0   858   502     0 
  627   750   813   735   651   672   881   893   602   932   370   855   643   854   822   722   694   822   724   715   799   767   849   658   859   765   757   769   870   713   994   669   971   821   858     0   660     0 
  280   224   213   323   473   290   268   453   466   463   292   406   228   229   197   539   417   218    77    55   357   109   532   283   297   791   249   194   297   100   498   138   559   495   502   660     0     0 
    0     0     0     0     0     0     0     0     0     0     0     0     0     0     0     0     0     0     0     0     0     0     0     0     0     0     0     0     0     0     0     0     0     0     0     0     0     0 
