DIMENSION: 37
N: 15
M: 10
K: 2

SERVICE: 
74 13 384 76 121 182 306 179 76 134 242 656 293 384 137 

DIST MATRIX: 
    0   704   759   535   159   667   335   535   638   419   494   263   702   588   224   294   571  1129   622   925   549   533   965   613   259   722   836   940   448  1014   445   439   827   628   150   480   837     0 
  724     0   219   439   666   300   520   262    99   430   476   515   209   148   473   428   144   525   413   231   191   189   270   134   495   619   147   276   568   320   251   674   145   163   585   502   147     0 
 1056   323     0   687   988   525   821   544   396   720   759   831   425   451   804   758   468   399   624   102   507   512    63   440   822   828   204   199   839    20   582   969   206   446   916   765   191     0 
  668   409   622     0   487   654   280   179   316   187   708   342   594   280   429   500   432   931    17   548   469   444   588   471   562   925   533   671   229   614   365   834   445   514   584   156   472     0 
  300   781   893   473     0   829   280   553   696   387   699   262   840   641   340   460   681  1265   566   992   675   653  1034   729   453   937   923  1045   334  1076   544   672   885   755   362   396   903     0 
  832   425   197   815   889     0   822   635   501   765   380   780   215   529   670   554   384   336   812   481   361   388   486   339   582   324   381   329   911   533   500   572   489   298   693   859   464     0 
  108   698   763   508   124   677     0   519   629   394   514   238   707   577   216   301   570  1135   597   918   550   533   959   613   274   745   832   940   416  1007   440   470   818   630   170   451   830     0 
  515   440   619    85   333   616   127     0   343    37   616   188   580   292   289   382   405   964   172   623   428   401   665   452   436   850   580   715   129   700   297   714   515   491   441    72   537     0 
  609   168   356   280   516   386   356    99     0   264   480   359   325    21   346   342   164   690   274   371   208   186   413   202   413   674   310   443   402   457   154   646   266   244   482   338   282     0 
  528   552   733   139   313   725   130   291   455     0   705   212   692   405   346   458   517  1077   225   728   538   511   770   565   503   944   691   827    19   803   403   781   621   604   483    56   645     0 
  408   340   366   436   417   291   368   302   307   343     0   313   310   276   198   103   188   738   478   557   157   145   594   223   167   474   456   549   478   646   112   383   472   234   264   447   475     0 
  465   735   625   866   655   482   735   752   737   756   247     0   579   717   516   412   584   907   921   919   533   543   944   588   360   290   803   835   862  1000   561    83   863   567   402   855   855     0 
  964   461   249   884  1005   302   918   703   551   850   520   884     0   590   785   677   467   198   867   449   457   482   441   418   712   452   374   276   996   479   596   714   488   382   823   938   460     0 
  922   235   190   668   893   332   756   496   332   667   574   746   238     0   688   617   333   299   629   157   357   371   157   291   675   627   100    40   804   205   466   787   206   283   778   736   177     0 
  264   486   503   488   327   405   356   400   443   375   255   280   446   404     0    48   336   870   551   705   303   293   741   370    26   498   604   694   482   794   238   303   617   378   119   473   621     0 
  305   438   465   454   339   376   339   356   395   345   256   268   408   357   129     0   290   835   513   658   260   248   695   326    71   500   559   652   461   747   190   335   570   337   161   446   574     0 
  592   157   220   432   564   222   453   254   159   384   342   427   175   161   355   290     0   585   437   370    52    45   406    50   354   514   269   370   530   459   137   532   290    87   450   475   289     0 
 1133   527   373   963  1146   471  1033   787   624   951   707  1012   428   673   930   835   585     0   928   423   590   612   398   536   878   649   399   262  1093   415   722   907   501   510   988  1027   471     0 
  684   408   624    93   504   659   297   186   316   203   718   359   597   283   445   513   437   928     0   541   476   451   581   476   577   934   529   667   244   605   375   847   439   518   599   172   466     0 
  955   222   314   597   887   449   723   447   296   623   672   731   346   351   702   658   370   423   541     0   410   414    42   344   724   762   116   176   746    89   481   881   108   355   816   673    89     0 
  565   204   218   463   556   188   463   290   210   404   290   428   166   207   341   260    52   590   476   410     0    27   444    67   319   467   304   392   550   498   140   483   336    81   420   500   333     0 
  552   202   241   436   535   215   437   265   195   377   303   404   190   186   321   248    45   612   451   414    27     0   450    80   310   488   311   407   523   503   114   489   334   103   408   473   334     0 
  994   261   330   639   929   470   765   489   338   665   699   773   367   393   742   695   406   398   581    42   444   450     0   377   760   777   143   166   788    55   521   909   151   385   854   715   131     0 
  631   148   170   476   612   187   502   296   179   432   342   476   127   194   400   326    50   536   476   344    67    80   377     0   386   493   236   327   578   432   186   542   275    42   487   523   270     0 
  254   506   514   513   337   411   377   425   466   399   246   300   457   428   157    71   354   878   577   724   319   310   760   386     0   486   622   708   503   813   261   279   638   392   111   496   641     0 
  686   632   449   905   823   321   834   748   671   817   244   768   423   674   629   500   514   649   934   762   467   488   777   493   486     0   649   637   950   830   562   327   737   457   577   921   720     0 
  861   143   201   569   813   333   666   400   237   573   557   662   230   290   616   559   269   399   529   116   304   311   143   236   622   649     0   138   707   198   392   766   114   242   719   638    86     0 
  957   275   212   707   931   353   796   536   371   706   599   785   264   424   726   652   370   262   667   176   392   407   166   327   708   637   138     0   843   207   504   811   239   316   812   775   209     0 
  519   568   746   158   301   736   128   308   472   146   710   209   705   420   346   461   530  1093   244   746   550   523   788   578   503   950   707   843     0   821   413   781   639   616   480    75   662     0 
 1044   311   384   668   973   524   805   527   382   703   754   816   422   436   791   747   459   415   605    89   498   503    55   432   813   830   198   207   821     0   570   964   191   440   905   747   177     0 
  474   259   353   343   428   322   323   193   206   269   344   291   304   168   224   190   137   722   375   481   140   114   521   186   261   562   392   504   413   570     0   495   386   216   339   369   394     0 
  387   687   599   789   572   460   653   682   679   677   213   574   549   656   434   335   532   907   847   881   483   489   909   542   279   327   766   811   781   964   495     0   817   526   319   775   812     0 
  860   133   299   491   782   416   615   339   191   515   616   625   314   245   603   570   290   501   439   108   336   334   151   275   638   737   114   239   639   191   386   817     0   297   724   566    30     0 
  641   177   138   517   637   145   537   337   219   470   320   506    89   236   422   337    87   510   518   355    81   103   385    42   392   457   242   316   616   440   216   526   297     0   497   562   288     0 
  145   595   622   523   255   522   353   473   543   404   345   271   565   499   155   161   450   988   599   816   420   408   854   487   111   577   719   812   480   905   339   319   724   497     0   490   731     0 
  548   501   688    83   346   688   145   240   404   104   686   223   650   355   344   446   475  1027   172   673   500   473   715   523   496   921   638   775    75   747   369   775   566   562   490     0   591     0 
  868   136   278   516   798   400   635   360   206   536   608   641   297   261   614   574   289   471   466    89   333   334   131   270   641   720    86   209   662   177   394   812    30   288   731   591     0     0 
    0     0     0     0     0     0     0     0     0     0     0     0     0     0     0     0     0     0     0     0     0     0     0     0     0     0     0     0     0     0     0     0     0     0     0     0     0     0 
