DIMENSION: 47
N: 15
M: 15
K: 2

SERVICE: 
74 13 384 76 121 182 306 179 76 134 242 656 293 384 137 

DIST MATRIX: 
    0   704   759   535   159   667   335   535   638   419   494   263   702   588   224   752   931   839   417   651  1139   466   841   922   377   655   906   665   935   645   541   539   757   437   870   973   403   682  1093   526   808   789   857   912   514   480   709     0 
  724     0   219   439   666   300   520   262    99   430   476   515   209   148   473   348   244   449   323   101   530   446   393   344   362   132   211   239   284   109   530   182   388   268   243   283   691   690   408   187   276   113   226   297   196   502    16     0 
 1056   323     0   687   988   525   821   544   396   720   759   831   425   451   804   482   141   570   647   387   395   738   501   354   678   395   124   450   227   406   772   505   556   599   277   102   994   922   150   507   359   244   274   294   524   765   319     0 
  668   409   622     0   487   654   280   179   316   187   708   342   594   280   429   180   617   836   491   313   934   664   791   757   267   283   554   189   685   475   141   442   761   418   654   639   828   960   761   292   289   416   638   709   422   156   427     0 
  300   781   893   473     0   829   280   553   696   387   699   262   840   641   340   723  1020  1015   568   705  1273   664  1005  1058   415   698   981   671  1046   756   439   657   930   558   988  1058   636   907  1184   590   809   847   973  1036   629   396   791     0 
  832   425   197   815   889     0   822   635   501   765   380   780   215   529   670   762   390    43   442   508   349   390    26   184   657   542   444   650   303   334   903   387    86   466   254   426   613   431   465   525   682   484   261   235   415   859   406     0 
  108   698   763   508   124   677     0   519   629   394   514   238   707   577   216   731   928   853   422   640  1144   483   852   927   361   643   901   648   936   644   511   539   770   436   872   969   434   709  1090   516   791   780   859   915   513   451   704     0 
  515   440   619    85   333   616   127     0   343    37   616   188   580   292   289   320   673   809   405   347   969   572   774   772   153   329   620   275   723   467   129   401   727   344   679   703   702   869   830   268   408   480   663   733   375    72   455     0 
  609   168   356   280   516   386   356    99     0   264   480   359   325    21   346   271   406   566   276    85   696   440   522   502   206    87   361   146   450   206   371   182   492   200   406   441   652   723   567    49   265   228   390   460   169   338   182     0 
  528   552   733   139   313   725   130   291   455     0   705   212   692   405   346   390   783   918   502   458  1082   662   886   886   249   438   728   372   836   580    90   512   836   447   793   812   763   955   938   382   494   587   777   847   485    56   568     0 
  408   340   366   436   417   291   368   302   307   343     0   313   310   276   198   528   546   480    32   321   747   198   467   530   224   341   533   406   543   256   505   151   395    65   476   591   388   496   705   216   528   436   464   518   133   447   339     0 
  465   735   625   866   655   482   735   752   737   756   247     0   579   717   516   977   867   543   434   751   919   277   587   733   646   777   885   854   816   617   919   550   496   510   747   913   118   199   995   662   966   834   743   761   549   855   726     0 
  964   461   249   884  1005   302   918   703   551   850   520   884     0   590   785   792   347   168   559   555   211   528   132   124   751   587   415   693   248   402   975   479   225   570   232   371   754   561   373   600   696   494   246   187   508   938   442     0 
  922   235   190   668   893   332   756   496   332   667   574   746   238     0   688   525    61   371   497   329   301   560   302   168   595   353   123   446    53   259   759   365   355   467    76   102   816   723   193   421   417   223    73   105   390   736   221     0 
  264   486   503   488   327   405   356   400   443   375   255   280   446   404     0   634   694   579   163   457   880   218   579   663   270   473   681   520   687   404   537   300   496   207   619   739   291   487   852   340   653   581   607   657   280   473   486     0 
  808   338   566   253   651   636   447   234   271   343   751   496   554   267   552     0   496   796   544   260   823   711   741   673   383   226   425   126   578   441   318   449   732   467   564   508   913   993   621   315   123   303   549   616   439   336   357     0 
  953   240   245   658   910   387   762   494   332   668   625   759   289   386   712   496     0   433   533   326   328   608   364   225   606   346    74   429    99   290   749   395   415   495   137    46   864   782   164   431   381   201   133   162   418   730   229     0 
  826   459   233   839   894   194   837   660   532   784   366   791   244   557   676   796   433     0   449   540   378   381    69   226   674   574   486   682   345   363   926   407    85   479   296   469   592   395   506   549   719   522   303   278   434   880   441     0 
  426   335   343   463   447   261   400   323   311   373   216   345   286   285   228   544   533   449     0   326   722   173   437   505   254   349   523   420   524   243   534   142   364    77   456   578   379   470   690   229   537   433   445   496   128   476   333     0 
  688    97   315   340   602   375   438   168    15   342   512   444   296    64   427   260   326   540   326     0   627   476   488   444   292    35   277   142   379   180   432   203   473   256   343   358   705   744   485   125   216   142   326   397   202   407   115     0 
 1143   531   381   967  1154   482  1039   792   628   957   718  1019   437   678   939   823   328   378   722   627     0   721   334   217   874   653   400   748   249   518  1059   615   427   716   290   324   958   772   254   706   709   523   306   238   644  1032   515     0 
  447   459   375   634   546   242   549   495   461   538    44   482   322   446   344   711   608   381   173   476   721     0   396   513   420   503   618   586   571   343   702   273   305   248   500   654   256   297   749   396   691   558   493   525   275   642   451     0 
  835   403   175   799   884   177   811   618   481   752   388   771   197   511   665   741   364    69   437   488   334   396     0   160   646   522   417   630   277   316   888   375    94   457   228   400   625   452   441   509   658   459   235   209   403   845   384     0 
  926   348   165   780   939   271   833   600   442   757   515   808   220   486   723   673   225   226   505   444   217   513   160     0   666   475   291   578   128   310   872   402   240   500   109   253   758   611   281   505   573   372   124    63   430   839   330     0 
  428   367   505   220   310   480   167   158   282   119   464   153   459   227   169   383   606   674   254   292   874   420   646   666     0   288   566   288   638   357   282   272   590   198   585   643   561   717   769   175   431   434   569   636   244   223   378     0 
  696   126   348   315   598   409   427   151    45   327   540   439   330    69   433   226   346   574   349    35   653   503   522   475   288     0   292   108   404   215   406   232   507   276   371   375   728   775   501   134   189   152   355   426   228   385   145     0 
  934   203   277   599   874   413   716   442   285   618   640   719   310   340   684   425    74   486   523   277   400   618   417   291   566   292     0   365   170   282   688   382   458   476   191    85   872   815   210   392   309   141   182   228   401   674   198     0 
  715   232   456   237   584   514   391   130   151   285   625   423   438   142   453   126   429   682   420   142   748   586   630   578   288   108   365     0   498   321   324   323   614   344   472   451   793   867   574   191   143   227   456   526   313   316   251     0 
  950   284   196   718   931   335   801   545   381   713   582   788   250   432   723   578    99   345   524   379   249   571   277   128   638   404   170   498     0   292   810   397   341   500    71   125   825   713   179   465   469   276    80    68   424   785   268     0 
  664   123   152   485   640   196   524   303   171   449   370   501   119   195   431   441   290   363   243   180   518   343   316   310   357   215   282   321   292     0   575   106   293   208   232   335   594   580   449   198   382   218   217   280   131   536   110     0 
  610   528   726    92   401   736   207   273   431   165   746   287   691   386   409   318   749   926   534   432  1059   702   888   872   282   406   688   324   810   575     0   520   846   471   773   773   826   999   897   378   430   548   757   828   495    65   545     0 
  558   195   237   435   539   216   439   262   189   378   309   407   187   182   326   449   395   407   142   203   615   273   375   402   272   232   382   323   397   106   520     0   326   103   334   439   511   544   555   150   419   294   321   380    29   473   191     0 
  747   399   186   761   809   111   752   584   464   702   295   706   179   484   591   732   415    85   364   473   427   305    94   240   590   507   458   614   341   293   846   326     0   395   280   456   531   373   514   471   663   472   282   277   352   799   382     0 
  458   279   335   395   439   285   357   247   242   314   290   315   282   211   224   467   495   479    77   256   716   248   457   500   198   276   476   344   500   208   471   103   395     0   436   538   452   542   657   152   463   374   423   482    77   416   280     0 
  883   246   125   682   872   265   749   504   342   667   512   732   179   389   660   564   137   296   456   343   290   500   228   109   585   371   191   472    71   232   773   334   280   436     0   176   755   650   249   416   464   263    16    54   361   744   228     0 
  997   277   289   684   949   432   796   525   365   700   671   796   334   420   753   508    46   469   578   358   324   654   400   253   643   375    85   451   125   335   773   439   456   538   176     0   910   825   127   468   389   225   175   193   461   758   268     0 
  347   704   630   779   541   492   634   682   690   665   244   553   578   663   417   913   864   592   379   705   958   256   625   758   561   728   872   793   825   594   826   511   531   452   755   910     0   302  1004   604   915   804   749   776   505   761   698     0 
  637   703   539   932   799   403   838   788   730   835   254   765   507   726   623   993   782   395   470   744   772   297   452   611   717   775   815   867   713   580   999   544   373   542   650   825   302     0   887   683   958   795   650   650   555   938   690     0 
 1113   402   374   809  1073   514   923   651   492   827   761   922   427   547   875   621   164   506   690   485   254   749   441   281   769   501   210   574   179   449   897   555   514   657   249   127  1004   887     0   594   500   351   256   237   579   884   392     0 
  563   191   351   290   482   362   335   113   113   252   436   328   313    65   302   315   431   549   229   125   706   396   509   505   175   134   392   191   465   198   378   150   471   152   416   468   604   683   594     0   314   265   400   468   131   337   202     0 
  857   264   486   355   725   576   529   273   230   423   728   566   484   252   594   123   381   719   537   216   709   691   658   573   431   189   309   143   469   382   430   419   663   463   464   389   915   958   500   314     0   202   449   513   417   438   282     0 
  822   100   290   459   744   398   578   303   153   479   588   587   298   207   565   303   201   522   433   142   523   558   459   372   434   152   141   227   276   218   548   294   472   374   263   225   804   795   351   265   202     0   248   314   305   533   108     0 
  871   229   119   665   857   261   734   487   326   651   506   717   171   373   647   549   133   303   445   326   306   493   235   124   569   355   182   456    80   217   757   321   282   423    16   175   749   650   256   400   449   248     0    71   348   727   211     0 
  921   300   155   736   919   284   801   558   396   720   532   781   212   443   706   616   162   278   496   397   238   525   209    63   636   426   228   526    68   280   828   380   277   482    54   193   776   650   237   468   513   314    71     0   408   798   282     0 
  535   207   266   412   511   241   410   243   187   350   313   378   216   172   299   439   418   434   128   202   644   275   403   430   244   228   401   313   424   131   495    29   352    77   361   461   505   555   579   131   417   305   348   408     0   447   206     0 
  548   501   688    83   346   688   145   240   404   104   686   223   650   355   344   336   730   880   476   407  1032   642   845   839   223   385   674   316   785   536    65   473   799   416   744   758   761   938   884   337   438   533   727   798   447     0   518     0 
  737    19   209   454   681   297   536   277   114   446   480   530   203   164   487   357   229   441   333   115   515   451   384   330   378   145   198   251   268   110   545   191   382   280   228   268   698   690   392   202   282   108   211   282   206   518     0     0 
    0     0     0     0     0     0     0     0     0     0     0     0     0     0     0     0     0     0     0     0     0     0     0     0     0     0     0     0     0     0     0     0     0     0     0     0     0     0     0     0     0     0     0     0     0     0     0     0 
