DIMENSION: 47
N: 15
M: 15
K: 2

SERVICE: 
74 13 384 76 121 182 306 179 76 134 242 656 293 384 137 

DIST MATRIX: 
    0   704   759   535   159   667   335   535   638   419   494   263   702   588   224   318   555   916   406   833   835   532   543  1014    84   856   901   506   715   419   636   669   792   619   723   867   565   755  1139   198  1039   989   488   578   370   480   482     0 
  724     0   219   439   666   300   520   262    99   430   476   515   209   148   473   379   143   265   362   168   147   164   199   469   761   163   404   212   410   338    79   200   138   480   359   244   393   359   518   789   344   432   485   249   692   502   552     0 
 1056   323     0   687   988   525   821   544   396   720   759   831   425   451   804   710   475   231   681   238   207   496   514   444  1091   178   462   538   604   658   393   420   274   720   547   284   633   526   367  1110    32   411   769   532  1000   765   813     0 
  668   409   622     0   487   654   280   179   316   187   708   342   594   280   429   376   385   668   533   573   535   369   473   883   629   532   812   439   763   515   341   225   550   775   725   656    44   737   918   586   660   846   712   558   811   156   194     0 
  300   781   893   473     0   829   280   553   696   387   699   262   840   641   340   418   651  1026   573   935   923   625   671  1164   176   937  1058   628   897   578   704   688   896   820   894   986   519   923  1268    52  1110  1135   694   728   604   396   373     0 
  832   425   197   815   889     0   822   635   501   765   380   780   215   529   670   603   430   296   439   323   377   451   362   196   924   406    86   406   139   432   473   613   313   275   118   247   780    87   364  1002   511   189   390   287   634   859   906     0 
  108   698   763   508   124   677     0   519   629   394   514   238   707   577   216   310   550   916   415   832   831   527   545  1022    73   851   911   506   730   426   628   654   791   638   735   869   540   767  1144   169  1034   997   508   585   401   451   451     0 
  515   440   619    85   333   616   127     0   343    37   616   188   580   292   289   258   360   705   441   608   581   337   429   894   474   586   807   387   717   428   361   299   576   702   689   680   118   708   957   437   741   859   619   511   682    72   119     0 
  609   168   356   280   516   386   356    99     0   264   480   359   325    21   346   255   120   432   322   335   311   110   213   625   625   320   546   189   497   299    88   124   303   525   456   407   241   467   684   638   490   589   487   296   645   338   388     0 
  528   552   733   139   313   725   130   291   455     0   705   212   692   405   346   342   473   818   533   721   692   450   538  1008   460   696   920   496   823   523   474   400   689   799   798   793   192   817  1070   393   845   973   707   619   739    56    25     0 
  408   340   366   436   417   291   368   302   307   343     0   313   310   276   198   136   188   523    67   445   454   174   150   628   471   479   520   119   368    52   292   388   404   329   358   473   425   385   746   534   664   601   246   190   381   447   486     0 
  465   735   625   866   655   482   735   752   737   756   247     0   579   717   516   537   609   801   388   765   799   606   526   765   594   831   656   529   438   411   715   833   730   300   485   741   865   516   934   718   999   760   237   478   152   855   883     0 
  964   461   249   884  1005   302   918   703   551   850   520   884     0   590   785   711   509   251   564   317   370   534   459    55  1050   393    68   504   280   553   526   654   326   416   251   227   843   217   229  1122   446    64   530   398   775   938   987     0 
  922   235   190   668   893   332   756   496   332   667   574   746   238     0   688   597   357    42   524    72    98   382   364   282   976   108   271   398   404   504   315   408   112   524   347    82   619   325   285  1016   190   245   586   359   826   736   786     0 
  264   486   503   488   327   405   356   400   443   375   255   280   446   404     0   161   333   667   144   592   602   316   296   752   344   627   639   267   457   160   432   510   550   374   462   615   493   494   881   430   812   728   252   319   274   473   500     0 
  354   387   475   330   299   421   232   244   322   222   364   178   423   273    94     0   242   614   194   526   522   218   254   748   382   541   644   210   504   187   318   366   486   462   490   571   332   516   851   421   723   718   365   316   435   324   358     0 
  581   153   261   385   536   268   414   207   127   341   371   393   219   119   334   242     0   376   231   285   281    26    94   537   623   302   447    81   378   206   107   231   245   406   340   337   353   354   620   659   486   504   379   176   562   430   479     0 
  931   266   179   701   912   319   781   527   363   695   566   768   232   413   703   614   376     0   529    97   136   401   373   241   989   149   233   410   382   509   344   444   131   507   326    60   653   301   252  1034   216   203   577   358   820   767   817     0 
  408   375   360   502   452   262   426   367   356   407   176   364   303   331   236   194   231   529     0   459   475   222   167   608   487   503   496   152   324    25   338   446   418   268   322   475   491   353   737   563   686   584   179   175   332   511   549     0 
  853   168   149   604   821   288   686   430   266   598   522   675   187   316   617   526   285    97   459     0    55   310   296   319   905    83   281   328   374   438   247   351    42   484   316    90   557   300   349   944   235   281   532   299   768   670   720     0 
  859   143   197   571   812   329   666   401   237   574   554   662   226   291   615   522   281   136   475    55     0   304   309   370   903    33   336   336   422   453   223   310    72   525   364   143   522   350   383   935   211   331   564   325   793   640   690     0 
  560   173   285   365   511   286   388   190   134   317   371   367   243   113   311   218    26   401   222   310   304     0   104   562   599   324   471    79   394   198   118   229   271   415   358   363   335   373   646   634   508   529   379   189   553   408   456     0 
  558   212   222   465   552   187   461   293   217   404   282   425   169   213   336   254    94   373   167   296   309   104     0   494   618   336   393    45   292   144   192   325   254   312   260   324   437   279   600   672   520   464   291    85   493   501   547     0 
 1012   474   277   905  1044   347   949   724   568   877   572   919   326   610   825   748   537   241   608   319   370   562   494     0  1094   388   116   539   334   596   544   665   335   471   301   230   862   267   175  1162   419    38   582   439   828   961  1011     0 
  130   769   836   556   147   749   350   582   698   446   578   291   780   645   288   382   623   989   487   905   903   599   618  1094     0   923   982   579   799   498   698   718   864   703   806   942   592   838  1217   130  1105  1069   572   657   442   492   485     0 
  882   156   229   572   828   362   676   407   245   581   585   676   259   300   635   541   302   149   503    83    33   324   336   388   923     0   362   360   454   480   234   307   105   558   396   167   521   382   388   951   185   350   596   356   823   643   693     0 
  897   411   190   826   937   234   854   644   497   788   456   818   229   533   718   644   447   233   496   281   336   471   393   116   982   362     0   438   220   485   471   604   283   358   186   195   787   152   278  1054   443   104   467   330   714   877   926     0 
  525   224   265   427   509   229   417   260   208   361   292   381   213   193   295   210    81   410   152   328   336    79    45   539   579   360   438     0   331   127   188   308   287   338   302   363   402   322   642   630   545   509   300   124   483   459   505     0 
  701   422   225   757   776   112   733   584   477   690   241   681   205   492   560   504   378   382   324   374   422   394   292   334   799   454   220   331     0   321   449   592   350   138    58   324   729    81   497   885   594   324   251   207   495   789   834     0 
  424   351   343   487   457   252   419   347   331   395   192   362   286   307   239   187   206   509    25   438   453   198   144   596   498   480   485   127   321     0   313   422   396   276   315   456   474   345   722   571   664   571   197   159   356   499   538     0 
  670    80   282   362   596   337   443   183    28   352   475   442   260    69   412   318   107   344   338   247   223   118   192   544   698   234   471   188   449   313     0   143   216   499   402   321   318   408   596   719   409   507   483   263   669   424   474     0 
  716   193   418   268   596   480   410   137   115   305   600   435   401   116   452   366   231   444   446   351   310   229   325   665   718   307   604   308   592   422   143     0   330   636   545   436   216   551   693   713   444   627   608   402   769   345   394     0 
  811   141   126   577   782   257   650   399   237   565   485   637   154   285   576   486   245   131   418    42    72   271   254   335   864   105   283   287   350   396   216   330     0   453   292   107   531   280   382   905   273   297   496   259   729   640   690     0 
  595   493   336   755   701   196   694   598   525   670   125   631   299   525   496   462   406   507   268   484   525   415   312   471   703   558   358   338   138   276   499   636   453     0   185   448   736   216   636   801   713   462   132   235   361   774   814     0 
  715   370   167   724   773    73   714   547   431   663   271   668   151   449   554   490   340   326   322   316   364   358   260   301   806   396   186   302    58   315   402   545   292   185     0   267   692    34   457   885   537   286   282   179   530   761   807     0 
  879   248   120   683   870   259   749   504   343   667   506   730   175   390   658   571   337    60   475    90   143   363   324   230   942   167   195   363   324   456   321   436   107   448   267     0   638   244   282   992   271   192   517   302   761   745   795     0 
  626   390   596    54   451   621   245   146   294   146   666   303   566   253   385   332   353   653   491   557   522   335   437   862   592   521   787   402   729   474   318   216   531   736   692   638     0   706   905   554   659   825   670   523   767   136   181     0 
  748   370   154   739   801    95   737   560   436   683   305   693   150   459   582   516   354   301   353   300   350   373   279   267   838   382   152   322    81   345   408   551   280   216    34   244   706     0   423   915   515   252   316   202   564   779   826     0 
 1145   518   380   953  1150   488  1031   779   615   946   728  1013   437   666   936   851   620   252   737   349   383   646   600   175  1217   388   278   642   497   722   596   693   382   636   457   282   905   423     0  1272   336   174   738   563   987  1019  1069     0 
  258   795   894   510   123   823   311   576   714   417   678   280   840   659   337   421   659  1034   563   944   935   634   672  1162   130   951  1054   630   885   571   719   713   905   801   885   992   554   915  1272     0  1127  1134   674   724   567   435   416     0 
 1067   336   377   712  1005   519   842   565   414   741   757   849   421   469   817   723   486   216   686   235   211   508   520   419  1105   185   443   545   594   664   409   444   273   713   537   271   659   515   336  1127     0   387   768   533  1002   790   838     0 
  990   437   245   868  1015   326   917   688   531   843   558   888   295   574   797   718   504   203   584   281   331   529   464    38  1069   350   104   509   324   571   507   627   297   462   286   192   825   252   174  1134   387     0   568   412   816   926   976     0 
  463   499   398   681   578   259   592   543   506   584    11   523   348   492   383   365   379   577   179   532   564   379   291   582   572   596   467   300   251   197   483   608   496   132   282   517   670   316   738   674   768   568     0   241   249   688   724     0 
  583   263   185   550   607   107   536   379   290   485   231   492   128   293   388   316   176   358   175   299   325   189    85   439   657   356   330   124   207   159   263   402   259   235   179   302   523   202   563   724   533   412   241     0   469   584   629     0 
  313   705   641   761   510   506   610   670   686   645   260   529   589   657   395   435   562   820   332   768   793   553   493   828   442   823   714   483   495   356   669   769   729   361   530   761   767   564   987   567  1002   816   249   469     0   739   761     0 
  548   501   688    83   346   688   145   240   404   104   686   223   650   355   344   324   430   767   511   670   640   408   501   961   492   643   877   459   789   499   424   345   640   774   761   745   136   779  1019   435   790   926   688   584   739     0    50     0 
  552   552   737   127   338   734   154   291   454   145   722   235   698   405   367   358   479   817   549   720   690   456   547  1011   485   693   926   505   834   538   474   394   690   814   807   795   181   826  1069   416   838   976   724   629   761    50     0     0 
    0     0     0     0     0     0     0     0     0     0     0     0     0     0     0     0     0     0     0     0     0     0     0     0     0     0     0     0     0     0     0     0     0     0     0     0     0     0     0     0     0     0     0     0     0     0     0     0 
