DIMENSION: 27
N: 15
M: 5
K: 2

SERVICE: 
278 62 567 203 365 122 430 140 299 30 314 161 210 118 343 

DIST MATRIX: 
    0   395   533   387   566   478   529   702   530   729    93   655   423   562   529   579   545   149   664   398   673   438   144   717   322   355   469     0 
  101     0   436    69   718   543   209   700   703   705   380   654   480   429   405   243   256   236   623   730   346    76   226   887   163   716   107     0 
  365   261     0   260   935   742   223   840   931   830   657   800   686   535   527   183   232   505   749  1005   175   202   504  1102   392   992   171     0 
  273   318   705     0   978   812   412   972   959   975   577   926   749   692   671   410    65   371   893   917   197   255   429  1147   434   835   251     0 
  476   397    59   510     0   168   376   260   378   267   422   214   143   111    91   424   688   504   187   626   741   468   405   521   284   762   485     0 
  533   462   110   572   310     0   443   199   328   213   444   152   123   160   149   491   753   549   140   609   808   533   448   459   343   764   551     0 
  424   396   204   487   300   127     0   334   293   359   287   287    63   251   222   486   677   412   295   481   756   470   311   469   260   614   495     0 
  771   670   287   790   437   340   601     0   478    94   706   163   374   295   316   632   954   805   125   829   980   733   706   517   576  1011   743     0 
  418   464   405   513   334   273   552   501     0   535   139   458   234   449   418   608   699   340   484   298   806   530   261   487   337   411   560     0 
  746   666   282   781   316   248   624    21   359     0   634    65   297   310   321   664   957   759    97   719  1000   735   658   396   555   914   750     0 
  118    86   369   151   632   460   219   625   618   633     0   578   396   369   342   267   341   213   552   659   430   148   169   802    83   667   178     0 
  772   725   375   828   173   222   715   153   222   197   592     0   286   418   416   762  1014   755   233   598  1077   798   655   229   597   816   818     0 
  546   451    64   568   394   213   403   215   416   209   507   177     0    91   100   444   739   584   126   698   779   517   486   534   352   843   531     0 
  403   322    89   434   415   217   311   335   420   341   382   289   171     0    85   362   613   439   260   625   669   393   343   577   209   737   411     0 
  789   696   309   814   399   324   636   104   442    62   702   139   366   325     0   671   983   814   127   802  1015   762   714   468   595   994   773     0 
  344   191   389   273   775   578    57   659   777   647   571   621   528   354   348     0   359   473   567   902   351   188   435   939   275   932   172     0 
  281   292   676   191   973   799   366   947   957   948   594   902   737   659   641   359     0   396   865   940   141   222   441  1143   419   873   211     0 
  140   282   527   246   661   535   430   743   632   761   211   695   473   543   511   473   396     0   687   547   526   309   101   823   258   489   339     0 
  663   575   189   692   346   219   528    94   381    83   582    72   250   214   226   567   865   687     0   714   905   643   587   458   470   889   657     0 
  664   745   684   770   426   497   846   698   377   741   351   666   488   732   704   902   940   547   714     0  1063   804   507   496   628   249   835     0 
  399   360   718   294  1056   871   379   993  1045   987   713   951   811   692   679   351   141   526   905  1063     0   286   557  1225   497  1009   262     0 
  171    74   454    86   770   587   168   726   759   726   455   681   526   438   419   188   222   309   643   804   286     0   301   939   211   792    31     0 
  160   252   431   263   569   435   385   641   543   661   156   593   373   451   419   435   441   101   587   507   557   301     0   733   183   498   333     0 
  876   865   569   952   170   361   887   382   191   426   626   386   416   618   608   939  1143   823   458   496  1225   939   733     0   729   741   964     0 
  195   137   289   231   559   381   220   542   548   550   299   495   318   294   265   275   419   258   470   628   497   211   183   729     0   666   237     0 
  627   750   813   735   651   672   881   893   602   932   370   855   643   854   822   932   873   489   889   249  1009   792   498   741   666     0   823     0 
  200    99   468   106   794   610   162   741   785   739   486   697   550   449   432   172   211   339   657   835   262    31   333   964   237   823     0     0 
    0     0     0     0     0     0     0     0     0     0     0     0     0     0     0     0     0     0     0     0     0     0     0     0     0     0     0     0 
