DIMENSION: 47
N: 15
M: 15
K: 2

SERVICE: 
371 389 429 179 213 749 115 62 245 409 304 235 329 86 426 

DIST MATRIX: 
    0   423   438   306    43   187    75   148   395   462   225   468   381   475   125   562   491   133   602   293   118   471   170   315   187   463   123   134   180   173   546   532   693   805    96    30   176   243   368   185   456   244   101   170   242   113   776     0 
  443     0   537   855   798   721   744   796   570   545   659   522   547   574   821   479   627   809   576   776   731   774   960   732   990   349   915   684   838   805   276   579   835   629   769   793   636  1055   461   979   556   919   854   722  1050   754   250     0 
  432   399     0   763   769   663   719   813   645   640   600   406   616   674   771   602   731   821   708   686   693   867   917   638   954   366   877   659   860   827   337   694   967   797   772   779   626  1031   425   938   650   848   855   742  1016   760    55     0 
  552   611   361     0   441   331   451   625   774   832   352   375   745   858   359   899   897   613   979   203   400   925   434   213   478   637   436   452   662   652   726   916  1138  1172   563   503   502   569   500   448   831   281   581   616   520   573   725     0 
  357   420   263    96     0    91   214   390   541   601   127   291   514   626   144   678   661   380   749    38   161   685   272    67   318   454   251   212   432   417   547   684   899   947   327   272   265   411   316   292   599   163   357   377   376   336   653     0 
  460   397   646   912   782     0   727   722   442   394   693   642   434   412   829   297   453   738   370   837   734   604   948   802   969   365   900   674   753   722   273   395   617   383   714   757   615  1015   504   965   405   948   795   650  1023   696   480     0 
  188   246   275   309   168   130     0   246   324   384   101   303   296   409   198   462   445   246   532   251   103   485   329   241   360   286   284    55   296   269   375   467   690   730   188   177    55   429   179   348   382   319   261   199   420   184   588     0 
  377   421   489   392   127   259   129     0   337   403   283   518   329   412   211   508   421    46   536   374   184   388   235   391   237   460   192   170    95    87   533   467   610   738    38    65   184   266   387   245   396   330    47   105   281    55   798     0 
  491   453   734   874   653   695   610   513     0   183   663   746   270   160   728   140   146   532    35   817   644   261   799   801   802   453   753   581   521   499   417   101   239   173   539   603   521   816   548   810   185   860   596   464   841   521   763     0 
  730   696   972  1078   834   903   800   667   459     0   879   986   491   378   916   385   334   685   279  1029   843   345   960  1019   953   698   918   783   658   646   662   325   138   210   710   777   729   945   786   967   407  1047   746   638   981   693  1003     0 
  415   461   514   388   129   271   148    89   377   443     0   543   370   450   207   548   457    70   573   379   199   413   205   401   201   500   166   197   104   109   575   505   635   774    80    77   220   224   422   212   435   314    15   146   241    97   833     0 
  347   408   209   126   272   134   264   442   562   619   140     0   532   646   210   687   685   434   766    49   209   722   339     0   385   438   319   250   486   469   530   703   931   959   378   328   293   478   299   359   618   222   416   420   442   384   602     0 
  298   351   378   304    66   150    21   158   348   414   171   408     0   431   138   509   455   151   559   273    75   456   232   284   254   391   184    63   203   185   475   490   675   762    94    60   105   316   296   249   409   270   149   145   312   101   705     0 
  279   249   522   668   469   490   420   369    79    51   452   536    78     0   536   105   144   386   179   608   446   278   628   589   640   257   581   382   394   365   253   126   400   371   374   429   320   672   336   642    60   667   447   302   688   355   607     0 
  258   291    52   383   452   317   415   563   545   580   264    24   509   614     0   609   667   564   709   308   371   754   572   259   614   299   540   365   613   586   370   661   928   875   505   485   364   702   204   593   584   477   574   510   675   502   344     0 
  361   318   602   771   574   592   525   466   172   108   552   612   181   117   641     0   157   484   109   708   551   308   732   687   743   314   685   487   487   459   278   101   365   273   476   533   424   771   418   746   118   772   546   403   789   457   627     0 
  409   388   648   747   514   570   475   368   126    93   545   665   159    58   593   157     0   387   122   696   513   151   656   685   658   400   611   452   376   354   395    62   261   318   397   462   396   670   464   666    86   725   451   322   696   379   750     0 
  389   427   520   438   173   300   169    19   313   377   320   548   309   382   257   484   387     0   505   418   225   344   275   434   271   465   234   202    52    41   533   436   567   705    59   110   204   287   405   282   369   375    64    89   309    63   813     0 
  456   419   699   839   621   661   577   485   212   148   628   711   236   128   695   109   122   505     0   782   611   251   769   766   774   419   723   547   496   473   387    69   260   203   510   572   487   790   513   781   151   828   568   434   814   491   735     0 
  378   441   258    79   250   128   252   428   575   634   155   284   546   659   178   708   696   418   782     0   199   722   298    49   344   473   281   249   469   455   566   718   935   978   365   310   300   437   334   316   632   173   394   415   399   374   651     0 
  290   349   321   236    81    76    55   233   399   463   108   352   376   484    95   551   513   225   611   199     0   526   229   209   262   389   185    64   277   259   478   543   742   812   168   122   127   340   273   248   460   222   213   217   324   175   672     0 
  503   497   726   760   504   595   478   327   224   230   585   748   257   200   588   308   151   344   251   722   526     0   618   722   609   517   578   474   314   304   529   209   223   412   376   443   430   601   552   624   219   715   403   311   636   361   881     0 
  517   575   520   264   167   258   222   293   564   631   318   550   551   643   147   732   656   275   769   298   229   618     0   339    46   615    48   278   305   314   702   700   840   972   260   199   334   140   501    21   625   153   215   335   104   278   893     0 
  347   408   209   126   272   134   264   442   562   619   140   235   532   646   210   687   685   434   766    49   209   722   339     0   385   438   319   250   486   469   530   703   931   959   378   328   293   478   299   359   618   222   416   420   442   384   602     0 
  547   603   562   310   193   299   248   291   573   640   357   593   562   649   188   743   658   271   774   344   262   609    46   385     0   643    77   307   295   308   729   705   830   975   267   213   359    94   535    30   633   197   209   341    62   286   932     0 
  100    40   300   548   451   391   396   455   293   307   332   305   260   342   481   314   400   465   419   473   389   517   615   438   643     0   569   337   500   466    93   380   657   577   422   444   287   706   139   634   314   592   507   382   702   408   370     0 
  472   529   488   260   119   223   174   252   517   585   281   518   503   597   114   685   611   234   723   281   185   578    48   319    77   569     0   232   269   274   655   654   800   926   214   152   287   163   458    65   578   161   177   289   139   233   855     0 
  241   297   319   295   114   121    60   205   336   400   120   348   312   421   157   487   452   202   547   249    64   474   278   250   307   337   232     0   254   230   423   480   686   749   143   123    63   374   234   297   396   286   210   171   366   143   643     0 
  429   462   570   486   222   352   222    50   317   379   372   598   319   379   305   487   376    52   496   469   277   314   305   486   295   500   269   254     0    33   562   429   535   692   111   160   251   295   449   310   369   418    91   118   325   112   854     0 
  396   429   544   477   212   335   204    27   288   351   350   572   289   353   297   459   354    41   473   455   259   304   314   469   308   466   274   230    33     0   529   405   527   671    91   149   222   316   418   321   342   416   100    85   343    87   822     0 
  192   130   380   641   536   484   481   521   310   303   425   381   283   337   572   278   395   533   387   566   478   529   702   530   729    93   655   423   562   529     0   362   639   520   495   524   370   787   232   720   313   684   580   446   787   480   355     0 
  405   374   647   773   552   595   509   417   144    85   564   661   171    59   627   101    62   436    69   718   543   209   700   703   705   380   654   480   429   405   362     0   278   273   440   503   421   722   461   711    85   759   500   365   746   422   716     0 
  670   647   908   977   725   807   696   549   385   351   791   926   419   316   809   365   261   567   260   935   742   223   840   931   830   657   800   686   535   527   639   278     0   295   598   665   637   815   725   845   345   936   625   530   854   582   992     0 
  633   586   872  1039   824   860   780   685   414   349   823   880   436   331   898   273   318   705   203   978   812   412   972   959   975   577   926   749   692   671   520   273   295     0   712   775   688   987   690   983   353  1030   768   637  1014   694   835     0 
  340   383   461   390   128   244   114    64   306   373   261   490   296   383   213   476   397    59   510   365   168   376   260   378   267   422   214   143   111    91   495   440   598   712     0    67   149   301   352   271   366   339    85    75   314    19   762     0 
  353   404   437   328    63   196    71   123   365   432   227   467   352   445   148   533   462   110   572   310   122   443   199   328   213   444   152   123   160   149   524   503   665   775    67     0   157   264   354   213   426   272    91   140   266    84   764     0 
  196   247   324   352   168   174   113   201   277   339   155   351   252   362   219   424   396   204   487   300   127   430   334   293   359   287   287    63   251   222   370   421   637   688   149   157     0   419   203   352   337   348   230   147   417   141   614     0 
  614   666   650   403   263   385   314   306   600   665   441   680   594   669   277   771   670   287   790   437   340   601   140   478    94   706   163   374   295   316   787   722   815   987   301   264   419     0   608   123   656   289   225   370    54   320  1011     0 
   57   111   186   410   345   261   294   400   341   378   199   201   306   412   360   418   464   405   513   334   273   552   501   299   535   139   458   234   449   418   232   461   725   690   352   354   203   608     0   521   382   461   432   335   596   342   411     0 
  536   594   540   281   184   278   239   302   577   644   339   570   565   655   168   746   666   282   781   316   248   624    21   359    30   634    65   297   310   321   720   711   845   983   271   213   352   123   521     0   637   167   221   347    84   290   914     0 
  326   302   567   689   473   510   427   350    61    11   479   583    86    30   545   118    86   369   151   632   460   219   625   618   633   314   578   396   369   342   313    85   345   353   366   426   337   656   382   637     0   678   432   291   677   347   667     0 
  492   555   426   118   212   201   250   391   616   682   262   454   595   700   132   772   725   375   828   173   222   715   153   222   197   592   161   286   418   416   684   759   936  1030   339   272   348   289   461   167   678     0   328   408   243   354   816     0 
  424   468   527   403   144   286   162    83   375   440   318   557   369   446   222   546   451    64   568   394   213   403   215   416   209   507   177   210    91   100   580   500   625   768    85    91   230   225   432   221   432   328     0   145   246   101   843     0 
  311   344   470   449   196   288   167    74   232   299   290   497   224   308   279   403   322    89   434   415   217   311   335   420   341   382   289   171   118    85   446   365   530   637    75   140   147   370   335   347   291   408   145     0   386    57   737     0 
  607   662   623   359   252   360   306   329   618   684   419   653   610   691   250   789   696   309   814   399   324   636   104   442    62   702   139   366   325   343   787   746   854  1014   314   266   417    54   596    84   677   243   246   386     0   333   994     0 
  328   369   458   402   142   250   122    62   287   354   263   487   277   365   227   457   379    63   491   374   175   361   278   384   286   408   233   143   112    87   480   422   582   694    19    84   141   320   342   290   347   354   101    57   333     0   751     0 
  426   400   393   727   750   637   702   806   658   658   575   368   627   692   746   627   750   813   735   651   672   881   893   602   932   370   855   643   854   822   355   716   992   835   762   764   614  1011   411   914   667   816   843   737   994   751     0     0 
    0     0     0     0     0     0     0     0     0     0     0     0     0     0     0     0     0     0     0     0     0     0     0     0     0     0     0     0     0     0     0     0     0     0     0     0     0     0     0     0     0     0     0     0     0     0     0     0 
