DIMENSION: 37
N: 15
M: 10
K: 2

SERVICE: 
217 133 211 203 342 286 141 301 284 345 378 170 144 302 159 

DIST MATRIX: 
    0   226   554   218   499    97   371   807   376   136   107   348   159   408   221   644   414   103   126    93   302    85   489   290   191   909   197   120   303    88   394   240   479   456   451   493   144     0 
  328     0   271   379   551   261    75   480   578   320   305   144   201   538   142   430   503   422   260   266   507   308   650   387   490   638   415   385   400   299   678   195   714   613   632   667   213     0 
  622   540     0   671   674   651   453   460   822   660   663   403   588   736   527   652   681   781   670   664   774   714   840   633   823   703   724   730   807   669   969   609   955   809   845   864   609     0 
  238   487   552     0   144   414   613  1021    86   295   332   429   420    24   443   963    81   323   490   437   115   477    98   166   264  1190   210   287   705   356   253   575   198    60    87   115   438     0 
   60   189   384   108     0   142   322   751   310    73    90   190   125   288   146   665   270   195   216   169   237   224   395   137   236   901   146   141   441   109   410   281   444   357   370   408   148     0 
  388   156   332   436   625     0     6   434   638   367   345   221   235   605   185   354   574   455   264   284   565   314   716   453   531   573   466   426   358   335   727   170   771   679   696   732   238     0 
  413   245   210   465   594   371     0   402   656   419   408   190   310   602   249   427   560   527   372   378   590   420   715   459   590   592   507   487   495   405   771   299   794   679   703   735   324     0 
  858   609   730   901  1104   713   483     0  1104   820   791   695   684  1082   651   135  1052   877   654   699  1028   695  1191   928   963   165   922   866   556   772  1167   542  1232  1154  1167  1205   674     0 
   92   222   471    97   376   118   369   807     0    15    36   272   143   295   191   691   293   107   193   141   207   181   387   165   159   940    98    56   410    59   351   288   407   352   354   396   152     0 
  351   556   755   299   409   436   705  1143   179     0   366   583   477   287   527  1012   339   270   494   449   196   456   267   334   184  1271   252   286   657   380    29   605   156   260   223   251   480     0 
  341   567   730   289   351   455   712  1145   127   352     0   571   488   233   533  1033   289   299   519   471   168   487   199   309   211  1285   252   302   698   395    47   626    89   196   156   181   495     0 
  386   329    43   436   481   425   291   525   597   425   429     0   364   520   306   598   469   546   455   441   544   496   629   403   587   740   488   494   626   437   738   418   733   596   628   652   387     0 
   39   214   411    79   331   148   351   781   282    52    81   219     0   268   173   690   255   171   225   175   208   226   371   120   206   929   115   115   449   104   379   300   415   334   345   384   164     0 
  344   539   752   293   425   416   689  1128   196   331   350   575   460     0   512   990   352   248   471   428   201   432   292   335   165  1251   243   269   629   361    61   583   187   282   247   277   461     0 
  260   142   505   282   553    73   272   700   466   189   152   304   110   480     0   532   474   211    15    47   390    36   573   341   298   797   280   210   228   127   503   129   580   537   539   580    82     0 
  726   476   632   769   979   578   358   311   971   686   656   574   550   951   520     0   924   742   519   564   895   560  1060   798   828   278   788   731   432   638  1032   407  1098  1022  1035  1074   539     0 
  215   455   477   197    88   401   569   962   162   287   324   371   395    57   408   924     0   344   479   427   162   474   160   134   303  1141   224   298   701   349   330   551   278   128   164   183   417     0 
  186   299   578   162   432   171   449   889   280   122   120   378   222   328   280   742   344     0   223   180   211   188   397   238    88  1003   120    58   403   123   292   335   377   366   356   399   218     0 
  264   130   496   288   556    77   257   686   475   195   158   297   106   486   151   519   479   223     0    53   399    50   581   345   310   783   288   220   225   134   515   114   590   545   547   589    77     0 
  213   134   480   235   506    27   278   715   423   142   106   276    78   434   137   564   427   180    53     0   346    59   528   294   265   823   236   170   275    82   469   156   540   492   495   536    55     0 
  179   420   563   129   246   325   559   986    77   210   243   404   344   126   380   895   162   211   399   346     0   378   187   141   148  1136   110   183   605   265   196   495   207   155   149   191   357     0 
  263   176   535   278   555    84   308   735   453   186   150   332   135   475   189   560   474   188    50    59   378     0   563   342   276   827   269   195   229   125   479   161   562   529   527   569   109     0 
  334   584   637   296   180   505   711  1118   119   387   422   525   515   113   540  1060   160   397   581   528   187   563     0   264   325  1288   294   370   791   446   246   670   146    37    47    26   532     0 
   81   324   422    76   212   268   448   860   198   157   193   270   262   154   279   798   134   238   345   294   141   342   264     0   226  1025   124   184   568   218   336   418   336   226   245   280   283     0 
  203   375   615   160   390   252   524   964   206   171   186   425   295   274   349   828   303    88   310   265   148   276   325   226     0  1087   105   105   488   197   205   421   290   298   282   323   297     0 
  960   719   764  1008  1183   835   578   244  1210   933   907   772   797  1176   756   278  1141  1003   783   823  1136   827  1288  1025  1087     0  1035   986   710   892  1289   669  1343  1251  1269  1305   791     0 
  102   316   514    55   312   215   460   894   187   102   133   332   239   212   281   788   224   120   288   236   110   269   294   124   105  1035     0    77   497   155   264   385   310   260   259   301   249     0 
  128   271   525   108   385   153   420   859   258    70    81   328   191   289   244   731   298    58   220   170   183   195   370   184   105   986    77     0   421    94   303   325   370   336   332   375   194     0 
  488   310   668   507   780   301   354   686   679   414   377   491   325   704   351   432   701   403   225   275   605   229   791   568   488   710   497   421     0   352   683   208   779   757   754   796   297     0 
  139   178   472   155   430    61   328   768   342    62    25   267   100   353   157   638   349   123   134    82   265   125   446   218   197   892   155    94   352     0   398   232   461   410   413   454   100     0 
  360   573   758   307   395   455   721  1157   168   360   383   591   493   276   542  1032   330   292   515   469   196   479   246   336   205  1289   264   303   683   398     0   625   128   242   203   228   498     0 
  339   109   461   374   621   172   165   576   571   285   252   286   156   568   156   407   551   335   114   156   495   161   670   418   421   669   385   325   208   232   625     0   693   633   640   680   138     0 
  385   625   746   336   321   522   766  1192   138   412   442   606   548   222   587  1098   278   377   590   540   207   562   146   336   290  1343   310   370   779   461   128   693     0   159   117   122   559     0 
  297   547   605   259   162   469   674  1081    95   351   387   489   478    77   503  1022   128   366   545   492   155   529    37   226   298  1251   260   336   757   410   242   633   159     0    42    56   495     0 
  310   559   639   267   204   473   691  1105    76   355   390   513   487   109   516  1035   164   356   547   495   149   527    47   245   282  1269   259   332   754   413   203   640   117    42     0    42   502     0 
  348   597   661   307   206   514   727  1137   118   396   431   544   527   133   554  1074   183   399   589   536   191   569    26   280   323  1305   301   375   796   454   228   680   122    56    42     0   543     0 
  203    83   427   236   491    48   232   671   434   148   117   224    29   431    82   539   417   218    77    55   357   109   532   283   297   791   249   194   297   100   498   138   559   495   502   543     0     0 
    0     0     0     0     0     0     0     0     0     0     0     0     0     0     0     0     0     0     0     0     0     0     0     0     0     0     0     0     0     0     0     0     0     0     0     0     0     0 
