DIMENSION: 37
N: 15
M: 10
K: 2

SERVICE: 
224 289 314 199 415 112 374 191 432 223 315 221 354 436 241 

DIST MATRIX: 
    0   742   447   468   373   571   391   650   387   211   553   427   461   412   202   911   931   549   913   797  1000  1009   752   473   182   813   646   689   339   901   913   918   283   396   115   357   248     0 
  812     0   643   640   870   578   735   586   735   924   629   726   572   660   928    96   458   522   123   443    77   370   399   530   844   350   895  1104   697   260   103   331   741   700  1001   781   759     0 
   93   658     0   333   248   435   254   624   249    99   416   289   398   279    92   812   797   422   820   749   906   949   623   378    57   686   521   589   213   827   806   855   162   260   101   219   150     0 
  370   278   197     0   426   178   288   477   287   475   225   284   269   210   480   371   403    89   393   482   470   608   201   152   407   248   519   711   251   457   350   514   301   251   559   333   334     0 
  467   452   243   224     0   121   312   690   315   529   152   284   478   279   536   464   241   166   505   677   560   767   114   356   509   174   383   593   356   611   412   679   414   297   636   358   468     0 
  289   375    94    97   324     0   186   532   186   382   145   182   293   112   388   472   432    41   496   563   572   704   243   171   329   304   433   617   170   555   448   609   226   151   474   232   272     0 
  482   898   442   429   267   453     0  1018   378   403   402   356   762   452   412   966   686   531  1000  1081  1065  1228   629   665   504   688   149    97   488  1077   923  1133   506   412   494   355   559     0 
  607   145   545   558   755   561   621     0   618   736   607   633   279   538   737   310   684   470   273    98   347   273   511   329   624   513   899  1082   527   180   365   182   543   581   774   654   528     0 
  544   938   489   474   329   487   427  1071     0   468   436   406   815   503   476   995   688   570  1031  1127  1093  1267   650   714   567   707   155    56   544  1115   948  1173   564   465   559   412   619     0 
  143   591   344   367   352   466   314   513   309     0   460   352   310   306   217   762   818   427   762   651   849   859   628   326   112   686   618   707   226   749   767   768   170   304   201   296   115     0 
  322   780   316   310   109   364   234   871   237   246     0   227   615   317   255   873   666   424   900   947   973  1108   564   528   343   628   205   255   339   962   838  1011   350   274   346   205   401     0 
  144   433   172   196   302   283   192   461   187   270   290     0   207   138   271   585   623   231   593   552   678   737   430   152   171   487   517   658    73   607   581   641    75   160   328   206    88     0 
  657    87   551   559   775   538   636   319   634   783   588   640     0   553   784   184   593   454   144   188   221   244   443   363   680   430   881  1076   560    95   244   151   588   596   836   675   586     0 
  481   873   422   408   266   424   360  1004   365   412   373   339   748     0   421   935   646   505   970  1061  1033  1203   595   647   506   653   108   117   478  1051   890  1108   499   398   509   347   555     0 
  338   843   382   379   154   444   293   908   295   234   395   294   655   376     0   946   753   496   971   996  1046  1167   646   579   349   711   276   263   383  1024   915  1070   381   333   312   255   422     0 
  724   194   567   566   796   514   658   499   658   840   566   652   477   580   843     0   457   449    54   369   100   341   356   438   755   319   843  1050   612   203    72   280   653   622   912   704   668     0 
  707   539   484   465   644   362   552   835   555   768   389   522   668   520   776   457     0   392   510   772   528   796   203   555   749   173   538   743   595   650   386   727   653   538   876   596   703     0 
  329   368   122   118   348    93   214   549   214   418   137   203   319   147   423   449   392     0   476   568   549   697   203   196   369   264   430   622   210   546   420   603   267   182   512   261   313     0 
  735   177   590   592   819   546   681   463   680   854   598   677   467   601   857    54   510   476     0   323    88   287   401   443   763   368   881  1086   626   150   126   226   663   643   921   725   673     0 
  686   234   639   653   845   659   713   180   709   816   704   726   352   630   815   369   772   568   323     0   383   221   606   419   699   604   996  1176   614   191   432   152   625   673   845   744   604     0 
  819   264   666   666   896   613   758   537   757   936   665   752   555   679   940   100   528   549    88   383     0   294   450   529   849   407   941  1148   708   194   150   260   748   721  1006   803   759     0 
  878   330   792   801  1013   782   875   399   873  1006   832   881   552   791  1007   341   796   697   287   221   294     0   672   591   896   649  1125  1319   791   156   413    97   812   835  1047   912   800     0 
  531   373   313   299   513   207   396   646   398   610   251   374   466   345   617   356   203   203   401   606   450   672     0   353   571    66   496   706   412   518   301   589   469   373   711   444   514     0 
  295   282   226   244   426   283   294   364   291   420   315   309   123   212   422   438   555   196   443   419   529   591   353     0   321   397   592   761   200   457   441   495   225   254   479   325   231     0 
   42   602   265   286   240   389   216   581   211   124   374   253   347   230   121   755   749   369   763   699   849   896   571   321     0   633   507   597   159   773   749   801   106   215   157   190    96     0 
  593   370   378   365   579   273   462   662   463   675   317   440   503   408   682   319   173   264   368   604   407   649    66   397   633     0   552   762   474   497   257   571   530   438   774   509   572     0 
  476   796   367   348   273   343   326   955   331   435   294   296   702   389   444   843   538   430   881   996   941  1125   496   592   507   552     0   211   445   971   795  1032   478   357   543   327   538     0 
  576   990   537   523   363   541   471  1115   475   491   489   452   859   549   499  1050   743   622  1086  1176  1148  1319   706   761   597   762   211     0   585  1168  1003  1225   602   509   575   452   655     0 
  120   476   118   142   233   240   119   532   115   228   236   150   275    80   231   612   595   210   626   614   708   791   412   200   159   474   445   585     0   655   600   694    58    91   308   134   115     0 
  750   181   645   653   870   628   731   358   729   877   679   735   440   648   878   203   650   546   150   191   194   156   518   457   773   497   971  1168   655     0   275    77   682   691   928   771   678     0 
  716   235   541   538   768   475   634   550   633   825   526   623   497   559   830    72   386   420   126   432   150   413   301   441   749   257   795  1003   600   275     0   351   645   599   905   680   667     0 
  783   235   696   705   916   689   779   331   776   911   738   785   459   695   911   280   727   603   226   152   260    97   589   495   801   571  1032  1225   694    77   351     0   716   738   954   816   706     0 
   71   507   174   197   241   297   156   527   150   195   291   191   277   137   196   653   653   267   663   625   748   812   469   225   106   530   478   602    58   682   645   716     0   137   260   153    63     0 
  173   510    60    74   179   176    40   607    38   238   158    61   350    44   244   622   538   182   643   673   721   835   373   254   215   438   357   509    91   691   599   738   137     0   340    82   200     0 
  189   759   397   414   275   515   325   713   322   115   489   357   496   366   105   912   876   512   921   845  1006  1047   711   479   157   774   543   575   308   928   905   954   260   340     0   282   250     0 
  153   590   139   146   101   239    48   666    47   172   208    75   410   124   180   704   596   261   725   744   803   912   444   325   190   509   327   452   134   771   680   816   153    82   282     0   212     0 
   86   509   232   256   292   353   218   492   213   213   351   253   252   195   212   668   703   313   673   604   759   800   514   231    96   572   538   655   115   678   667   706    63   200   250   212     0     0 
    0     0     0     0     0     0     0     0     0     0     0     0     0     0     0     0     0     0     0     0     0     0     0     0     0     0     0     0     0     0     0     0     0     0     0     0     0     0 
