DIMENSION: 37
N: 15
M: 10
K: 2

SERVICE: 
278 62 567 203 365 122 430 140 299 30 314 161 210 118 343 

DIST MATRIX: 
    0   395   533   387   566   478   529   702   530   729    93   655   423   562   529   185   597   374   146   724   711   776   412   351   652   244   316   384   236   544   287   782   355   410   562   355   685     0 
  101     0   436    69   718   543   209   700   703   705   380   654   480   429   405   314   721    87   312   780   838   750   263    66   676   278   677    66   223   686   292   747   420   153   706   716   376     0 
  365   261     0   260   935   742   223   840   931   830   657   800   686   535   527   561   926   299   571   945  1035   868   393   308   835   508   955   262   480   902   527   860   643   316   921   992   290     0 
  273   318   705     0   978   812   412   972   959   975   577   926   749   692   671   372   987   356   398  1053  1105  1020   131   338   949   303   819   207   477   948   556  1016   685   416   969   835   549     0 
  476   397    59   510     0   168   376   260   378   267   422   214   143   111    91   608   342   357   578   350   442   313   689   374   241   621   689   506   292   332   214   313   167   303   349   762   416     0 
  533   462   110   572   310     0   443   199   328   213   444   152   123   160   149   651   281   421   619   283   377   261   747   437   175   669   689   569   339   278   256   263   175   369   293   764   476     0 
  424   396   204   487   300   127     0   334   293   359   287   287    63   251   222   510   300   354   475   378   417   406   638   359   289   536   541   484   217   267   133   412    19   322   287   614   516     0 
  771   670   287   790   437   340   601     0   478    94   706   163   374   295   316   909   384   635   879   254   410    84   980   657   201   922   934   786   593   418   514    67   436   571   422  1011   558     0 
  418   464   405   513   334   273   552   501     0   535   139   458   234   449   418   410   367   427   371   503   479   580   606   418   445   459   338   510   245   313   216   589   184   426   331   411   673     0 
  746   666   282   781   316   248   624    21   359     0   634    65   297   310   321   859   262   627   826   138   290    60   960   645    84   881   835   777   551   300   467    72   366   570   301   914   613     0 
  118    86   369   151   632   460   219   625   618   633     0   578   396   369   342   310   637    62   298   700   754   679   324    39   598   293   621   147   140   601   207   677   336   116   621   667   382     0 
  772   725   375   828   173   222   715   153   222   197   592     0   286   418   416   846   117   683   810    50   125   211   987   695   114   880   736   824   565   169   480   229   356   636   162   816   736     0 
  546   451    64   568   394   213   403   215   416   209   507   177     0    91   100   689   360   414   660   327   444   252   756   435   217   699   770   565   372   364   297   248   248   353   377   843   408     0 
  403   322    89   434   415   217   311   335   420   341   382   289   171     0    85   544   399   282   517   422   506   387   615   299   315   553   668   431   228   381   159   386   163   229   400   737   373     0 
  789   696   309   814   399   324   636   104   442    62   702   139   366   325     0   917   344   660   885   205   361    32  1001   680   167   934   915   811   603   383   521    14   432   598   385   994   603     0 
  212   368   633   303   742   630   518   843   709   863   272   795   570   649   617     0   768   367    39   882   884   911   248   338   799    69   451   302   317   718   396   914   498   425   737   463   686     0 
  719   695   391   787    57   184   709   244   105   290   504   231   243   440   430   768     0   652   730   166   119   315   930   659   185   808   623   784   511    56   431   332   302   614    46   703   757     0 
  163    43   350   155   653   471   157   617   643   620   370   571   410   342   319   367   652     0   357   701   767   664   349    30   596   344   680   152   182   621   232   661   356    67   641   728   321     0 
  212   362   605   311   703   594   512   809   670   831   233   762   535   624   592    39   730   357     0   846   846   878   279   328   764   102   422   309   289   680   365   882   463   412   698   439   678     0 
  799   743   379   849   223   253   723   129   271   167   632   151   316   418   420   882   166   701   846     0   157   173  1014   715   110   913   785   846   593   219   508   191   387   651   212   865   733     0 
  838   810   485   905   146   297   816   278   189   321   618   285   358   532   526   884   119   767   846   157     0   329  1049   775   237   926   707   901   630   167   549   347   420   727   148   785   851     0 
  789   702   315   819   371   307   648    80   415    48   690   122   353   335   350   911   315   664   878   173   329     0  1002   684   143   930   895   815   600   356   516    18   421   604   356   973   622     0 
  215   322   693   202   915   765   451   947   890   956   481   899   701   690   665   248   930   349   279  1014  1049  1002     0   324   916   179   700   205   422   887   506  1001   632   416   907   710   607     0 
  134    47   371   135   658   480   184   634   646   639   353   588   417   366   341   338   659    30   328   715   775   684   324     0   611   314   660   132   174   626   233   682   360    95   646   706   349     0 
  701   636   269   746   237   174   613    63   277   108   563    49   230   308   310   799   185   596   764   110   237   143   916   611     0   825   753   742   499   218   413   156   301   543   221   832   625     0 
  181   337   640   255   785   660   488   865   755   882   324   817   598   650   620    69   808   344   102   913   926   930   179   314   825     0   520   255   330   760   414   932   526   407   779   532   655     0 
  594   706   742   703   572   594   830   814   523   853   314   776   567   784   753   451   623   680   422   785   707   895   700   660   753   520     0   701   516   568   528   906   522   705   578    80   975     0 
  106   119   502     4   778   607   250   766   762   770   416   720   544   493   470   302   784   152   309   846   901   815   205   132   742   255   701     0   279   747   353   813   482   216   768   733   412     0 
  208   219   316   283   502   343   318   536   484   552   202   488   279   336   304   317   511   182   289   593   630   600   422   174   499   330   516   279     0   471    86   602   211   191   492   571   460     0 
  678   664   386   751    33   165   689   280    60   326   451   259   216   437   423   718    56   621   680   219   167   356   887   626   218   760   568   747   471     0   394   371   266   588    20   647   748     0 
  292   274   247   357   426   259   339   451   412   469   227   403   195   275   242   396   431   232   365   508   549   516   506   233   413   414   528   353    86   394     0   519   129   216   415   592   458     0 
  789   698   311   816   387   316   641    93   430    54   697   131   360   329   346   914   332   661   882   191   347    18  1001   682   156   932   906   813   602   371   519     0   427   601   372   985   611     0 
  419   398   222   486   298   134   439   348   288   374   271   301    72   269   240   498   302   356   463   387   420   421   632   360   301   526   522   482   211   266   129   427     0   327   286   595   529     0 
  228    98   289   219   620   431   127   560   615   561   392   516   373   277   256   425   614    67   412   651   727   604   416    95   543   407   705   216   191   588   216   601   327     0   607   758   275     0 
  699   684   402   771    17   183   708   282    59   328   469   265   235   453   439   737    46   641   698   212   148   356   907   646   221   779   578   768   492    20   415   372   286   607     0   657   765     0 
  627   750   813   735   651   672   881   893   602   932   370   855   643   854   822   463   703   728   439   865   785   973   710   706   832   532    80   733   571   647   592   985   595   758   657     0  1031     0 
  475   318   366   413   781   583   167   612   791   592   662   582   544   319   327   686   757   321   678   733   851   622   607   349   625   655   975   412   460   748   458   611   529   275   765  1031     0     0 
    0     0     0     0     0     0     0     0     0     0     0     0     0     0     0     0     0     0     0     0     0     0     0     0     0     0     0     0     0     0     0     0     0     0     0     0     0     0 
