DIMENSION: 37
N: 15
M: 10
K: 2

SERVICE: 
224 289 314 199 415 112 374 191 432 223 315 221 354 436 241 

DIST MATRIX: 
    0   742   447   468   373   571   391   650   387   211   553   427   461   412   202   584   717   762   758   890   615   691   713   665   906   628   970   803   508   839   680   534   856   502   706   357   791     0 
  812     0   643   640   870   578   735   586   735   924   629   726   572   660   928   421   334   343   249   114   767   355   290   574   103   405   163   216   521   203  1165   471   171   520   396   781   477     0 
   93   658     0   333   248   435   254   624   249    99   416   289   398   279    92   491   640   693   663   787   480   572   612   637   801   550   885   711   438   751   592   443   765   428   580   219   657     0 
  370   278   197     0   426   178   288   477   287   475   225   284   269   210   480   147   293   364   244   338   394   111   181   478   347   241   475   298   241   346   761   151   345   227   145   333   285     0 
  467   452   243   224     0   121   312   690   315   529   152   284   478   279   536   357   480   550   394   422   256   199   336   690   417   446   596   441   455   489   655   365   475   440   126   358   101     0 
  289   375    94    97   324     0   186   532   186   382   145   182   293   112   388   223   384   454   345   439   313   198   283   536   446   319   577   400   283   447   663   206   448   266   198   232   297     0 
  482   898   442   429   267   453     0  1018   378   403   402   356   762   452   412   745   908   978   861   926   261   680   798  1026   926   838  1087   915   774   964   142   719   959   758   629   355   580     0 
  607   145   545   558   755   561   621     0   618   736   607   633   279   538   737   243   102    53   218   324   776   386   254   178   351   149   278   204   239   195  1123   269   229   251   464   654   615     0 
  544   938   489   474   329   487   427  1071     0   468   436   406   815   503   476   789   950  1020   897   954   281   712   834  1078   952   883  1120   950   825   999   127   765   992   809   655   412   592     0 
  143   591   344   367   352   466   314   513   309     0   460   352   310   306   217   434   565   610   608   742   558   554   565   527   759   476   818   652   356   687   714   384   705   350   578   296   680     0 
  322   780   316   310   109   364   234   871   237   246     0   227   615   317   255   619   784   852   753   836   238   587   690   880   839   708   984   807   632   855   276   586   854   617   549   205   540     0 
  144   433   172   196   302   283   192   461   187   270   290     0   207   138   271   265   419   478   435   560   425   357   384   470   575   332   659   484   232   525   685   218   537   219   379   206   487     0 
  657    87   551   559   775   538   636   319   634   783   588   640     0   553   784   254    96    76   136   203   753   330   194   306   230   186   162    97   305    70  1124   297   104   311   405   675   545     0 
  481   873   422   408   266   424   360  1004   365   412   373   339   748     0   421   723   884   955   834   895   225   650   771  1011   893   817  1058   887   758   936   174   699   930   742   596   347   542     0 
  338   843   382   379   154   444   293   908   295   234   395   294   655   376     0   677   843   908   820   910   324   662   758   918   915   763  1052   874   678   921   259   641   923   663   629   255   626     0 
  408   170   304   316   523   321   386   333   383   531   364   393   167   302   533     0   166   233   174   309   534   193   134   333   328    96   395   220   122   261   883    50   274   113   262   423   415     0 
  562    49   469   479   689   471   551   269   549   689   518   558   259   467   690   166     0    71   120   244   687   285   152   260   270    90   255   122   209   134  1047   204   163   215   363   588   513     0 
  619   102   538   549   755   542   618   243   616   747   589   627   301   534   748   233    71     0   173   271   758   353   217   231   298   147   231   154   256   142  1116   268   176   265   431   654   578     0 
  577    73   438   443   667   410   528   388   527   696   461   527   324   447   699   174   120   173     0   141   623   195    63   380   164   163   233    54   273   102  1002   224   104   271   269   571   410     0 
  698   195   533   531   761   475   625   510   624   810   527   617   465   548   814   309   244   271   141     0   674   249   177   499    27   303   181   122   414   133  1068   359   100   412   300   671   404     0 
  416   669   261   239   253   216   246   843   251   411   170   210   595   289   421   534   687   758   623   674     0   433   561   848   671   629   841   675   592   724   399   519   715   576   374   264   320     0 
  480   253   290   286   515   227   382   518   382   580   279   371   350   311   585   193   285   353   195   249   433     0   137   515   252   266   408   244   311   292   822   222   282   300    78   429   230     0 
  524   116   377   380   606   347   467   405   466   640   398   465   298   386   643   134   152   217    63   177   561   137     0   400   195   159   294   117   249   166   939   184   165   244   214   510   361     0 
  589   310   594   613   773   644   652    17   648   716   681   673   265   576   713   333   260   231   380   499   848   515   400     0   526   249   449   378   256   373  1155   332   407   272   590   675   744     0 
  711   221   540   537   767   477   632   536   632   822   528   623   487   557   826   328   270   298   164    27   671   252   195   526     0   327   197   149   436   160  1067   378   126   433   297   678   393     0 
  474   119   396   409   609   416   474   252   471   602   460   484   172   390   603    96    90   147   163   303   629   266   159   249   327     0   343   190   121   216   975   122   239   126   341   508   495     0 
  803   228   671   674   900   634   761   463   759   925   685   759   514   679   927   395   255   231   233   181   841   408   294   449   197   343     0   179   464   134  1229   442   130   468   470   803   584     0 
  627    74   492   497   721   463   582   388   581   747   514   581   359   500   750   220   122   154    54   122   675   244   117   378   149   190   179     0   307    49  1056   270    53   308   315   624   451     0 
  369   239   338   357   528   393   401   251   397   498   427   419    52   322   498   122   209   256   273   414   592   311   249   256   436   121   464   307     0   337   906    91   358    16   375   427   524     0 
  668    97   540   545   768   512   629   385   627   790   563   629   388   547   793   261   134   142   102   133   724   292   166   373   160   216   134    49   337     0  1105   309    34   339   362   671   494     0 
  591  1038   579   567   384   595   505  1146   509   493   543   491   890   586   500   883  1047  1116  1002  1068   399   822   939  1155  1067   975  1229  1056   906  1105     0   854  1100   890   770   480   715     0 
  361   216   277   291   488   312   352   330   349   486   351   364   128   269   488    50   204   268   224   359   519   222   184   332   378   122   442   270    91   309   854     0   323    78   284   387   432     0 
  680   121   541   545   771   506   632   418   630   800   557   629   410   550   803   274   163   176   104   100   715   282   165   407   126   239   130    53   358    34  1100   323     0   360   348   675   474     0 
  357   242   322   340   513   377   385   267   381   486   411   403    54   306   486   113   215   265   271   412   576   300   244   272   433   126   468   308    16   339   890    78   360     0   362   412   510     0 
  487   330   277   266   489   185   364   592   365   574   235   346   409   305   580   262   363   431   269   300   374    78   214   590   297   341   470   315   375   362   770   284   348   362     0   412   154     0 
  153   590   139   146   101   239    48   666    47   172   208    75   410   124   180   423   588   654   571   671   264   429   510   675   678   508   803   624   427   671   480   387   675   412   412     0   457     0 
  567   477   344   324   509   221   412   746   415   629   250   383   553   380   636   415   513   578   410   404   320   230   361   744   393   495   584   451   524   494   715   432   474   510   154   457     0     0 
    0     0     0     0     0     0     0     0     0     0     0     0     0     0     0     0     0     0     0     0     0     0     0     0     0     0     0     0     0     0     0     0     0     0     0     0     0     0 
