DIMENSION: 47
N: 15
M: 15
K: 2

SERVICE: 
196 443 380 481 396 120 81 250 209 183 268 188 471 321 490 

DIST MATRIX: 
    0   379   392   510   199   359   458   328   431   585   827   418   114   395   532   416   109   135   226   445   266   214   220    67   252   178    33   354   283   293   490   792   470   252   340   394   352   196   123   450    67   271   638   202   390   468   557     0 
  807     0   569   262   832   974   769   495   487    54   331   785   679   763   359   325   617   620   720   805   688   822   670   571   689   784   637   428   627   650   310   506   374   731   546   735   567   568   519   440   668   607   626   566   675   602   327     0 
  489   250     0   260   513   662   555   263   342   268   551   549   370   524   334   206   310   319   420   575   418   504   388   251   414   467   316   218   374   398   268   593   292   436   333   504   337   286   198   321   347   352   535   286   458   424   337     0 
  664   203   692     0   749   914   870   270   642   290   652   862   644   837   582   481   593   609   531   889   725   673   690   507   719   642   539   214   687   710   515   796   563   531   647   818   318   592   440   611   553   665   304   594   773   307   566     0 
  254   254   649   656     0   559   740   189   662   622   948   702   396   679   715   585   388   415    96   729   549   256   504   299   535   238   252   255   559   572   656   981   662    83   593   677   142   459   272   665   228   543   403   465   667   227   727     0 
  195   638   562   772    94     0   518   576   635   873  1088   458   263   448   771   675   323   331   353   477   368   197   343   354   354   210   296   619   430   422   743  1010   709   372   527   467   571   405   412   669   278   433   851   410   502   674   803     0 
  596   808   277   596   448   418     0   776   368   807   846    67   368    92   529   519   382   356   697    40   219   610   264   480   231   592   512   776   242   220   548   670   486   723   299   112   818   343   535   419   538   264  1094   340   169   935   570     0 
  432   253   359   295   454   604   521     0   336   327   598   510   313   485   356   225   254   265   373   537   373   448   339   192   367   410   258   219   335   358   294   621   306   391   308   467   319   240   140   324   290   313   545   241   426   418   365     0 
  765   794   199   402   656   688   240   788     0   642   571   299   510   297   304   369   482   458   811   296   363   782   397   553   378   752   619   761   314   314   355   364   295   837   254   270   851   394   578   238   656   321  1085   388   226   957   341     0 
  577   227   480   282   620   774   664   268   428     0   520   662   484   638   377   268   426   436   484   687   535   591   505   359   531   555   416   205   488   512   309   613   351   495   438   616   344   403   299   397   442   466   477   403   566   402   367     0 
 1127   759   798   486  1139  1271   992   815   705   378     0  1022   978  1004   543   580   916   914  1044  1038   956  1143   948   884   961  1105   954   747   888   910   530   525   588  1055   792   973   884   852   836   654   986   871   893   849   908   905   502     0 
  477   569   100   373   381   450   194   546   178   562   663     0   224   164   334   283   195   170   528   213   104   495   120   274   114   465   334   536    34    52   330   550   277   554    70   141   598   114   313   221   370    34   860   109   100   712   372     0 
  680   522   253    68   641   748   451   537   163   305   356   477     0   458    59    73   413   402   658   494   415   698   413   421   421   660   500   491   345   366    19   323    45   679   246   427   611   330   404   113   540   330   796   325   363   698    73     0 
  217   566   416   631    69   176   392   512   487   749   945   336   122     0   626   533   185   189   344   359   225   231   197   241   210   217   209   542   284   277   600   863   564   369   379   335   526   260   306   522   211   285   814   264   362   639   658     0 
  646   821   251   565   504   485    60   794   335   786   798   101   407   120     0   495   411   384   736    78   248   661   294   506   262   640   547   788   252   233   516   611   453   763   285   122   842   357   556   385   576   273  1111   353   156   957   531     0 
  611   456   244    98   581   697   443   468   169   291   414   460   412   439   131     0   352   345   585   480   377   629   368   352   381   591   431   424   310   333    74   397    87   606   221   410   541   276   332   131   470   292   735   272   349   630   144     0 
  288   440   287   450   229   357   353   400   335   567   766   317    62   294   454   352     0    27   334   345   163   306   118    99   151   273   140   410   175   185   422   705   392   361   237   289   437    94   161   360   175   162   717   100   281   554   484     0 
  310   461   263   443   239   357   326   423   316   571   757   291    68   267   441   345    27     0   361   319   137   328    92   124   125   296   167   431   148   158   412   688   379   388   215   262   462    76   182   344   201   137   741    81   254   579   472     0 
  158   328   612   666   305   465   681   261   639   667   971   637   330   616   713   585   334   361     0   665   489   160   444   260   474   143   194   321   509   519   659   979   656    27   558   618   230   417   255   649   161   496   500   423   615   323   730     0 
  569   768   241   559   426   411    56   737   333   768   816    28   335    53   496   480   345   319   665     0   182   584   227   443   195   564   478   736   202   180   512   647   451   692   260    72   781   303   497   384   505   224  1055   300   131   897   537     0 
  412   592   199   470   293   347   192   558   282   644   767   154   161   130   438   377   163   137   489   182     0   428    46   261    16   402   299   560    71    56   429   652   380   516   174   128   599   133   316   325   328    85   876   132   139   716   475     0 
   18   472   591   721   172   314   612   407   640   768  1036   560   272   542   746   629   306   328   160   584   428     0   388   277   412    38   198   460   468   471   703  1005   685   176   543   551   387   400   310   662   160   461   659   406   566   483   770     0 
  371   550   219   464   262   337   238   514   294   624   768   199   118   176   442   368   118    92   444   227    46   388     0   216    33   361   253   520    87    84   426   668   382   471   185   174   555   104   273   333   283    90   833   104   178   671   477     0 
  260   344   353   444   261   415   447   301   380   519   761   414   138   391   471   352    99   124   260   443   261   277   216     0   249   240    80   315   261   275   426   733   410   285   299   384   339   161    67   394   119   244   619   166   368   456   494     0 
  396   582   211   475   278   336   207   547   292   644   774   167   146   144   446   381   151   125   474   195    16   412    33   249     0   387   284   551    80    68   435   663   387   501   184   143   587   128   306   334   313    91   865   128   155   704   483     0 
   23   442   560   683   167   322   590   378   606   731   998   539   244   520   709   591   273   296   143   564   402    38   361   240   387     0   160   428   439   443   665   969   648   163   510   528   364   367   272   627   122   431   641   373   539   464   733     0 
  181   357   421   523   210   375   490   303   456   584   839   450   145   428   550   431   140   167   194   478   299   198   253    80   284   160     0   333   315   325   505   812   489   221   368   427   323   225   119   472    40   301   610   231   421   439   573     0 
  450    33   577   468   540   708   728    68   554   378   725   709   453   684   551   424   410   431   321   736   560   460   520   315   551   428   333     0   537   558   483   804   511   324   525   670   139   434   250   538   342   516   326   437   636   207   550     0 
  451   569   133   402   349   417   192   543   212   585   696   175   196   150   367   310   175   148   509   202    71   468    87   261    80   439   315   537     0    24   360   584   309   535   104   133   592   105   305   254   349    22   859   101   108   707   404     0 
  454   590   143   424   344   402   173   562   228   609   715   153   199   128   385   333   185   158   519   180    56   471    84   275    68   443   325   558    24     0   381   596   329   545   122   112   609   124   323   272   358    46   879   121    97   724   424     0 
  685   513   271    49   651   760   470   531   181   287   345   495   480   475    69    74   422   412   659   512   429   703   426   426   435   665   505   483   360   381     0   326    64   679   262   445   605   341   406   132   544   345   784   336   381   690    71     0 
  987   832   454   336   923   999   592   855   375   516   257   643   755   634   267   397   705   688   979   647   652  1005   668   733   663   969   812   804   584   596   326     0   324  1001   484   603   930   613   724   345   852   578  1087   607   543  1010   256     0 
  667   542   210   113   618   718   407   552   118   349   387   435   447   416    62    87   392   379   656   451   380   685   382   410   387   648   489   511   309   329    64   324     0   677   208   385   625   305   400    68   529   296   821   300   321   716    96     0 
  176   328   638   685   328   486   708   261   663   678   987   664   357   643   734   606   361   388    27   692   516   176   471   285   501   163   221   324   535   545   679  1001   677     0   584   645   223   443   277   672   188   522   484   449   642   309   750     0 
  525   558    55   307   441   519   228   543   109   508   593   239   277   217   264   221   237   215   558   260   174   543   185   299   184   510   368   525   104   122   262   484   208   584     0   189   602   144   324   151   406    95   851   138   131   712   302     0 
  535   702   175   492   404   418    64   674   269   697   757    50   289    32   433   410   289   262   618    72   128   551   174   384   143   528   427   670   133   112   445   603   385   645   189     0   720   237   434   319   457   155   991   233    65   836   474     0 
  382   126   657   596   506   674   782    76   650   517   863   753   464   729   670   541   437   462   230   781   599   387   555   339   587   364   323   139   592   609   605   930   625   223   602   720     0   487   287   642   315   573   288   491   697   117   674     0 
  382   466   196   374   314   421   297   437   241   521   686   275   143   250   367   276    94    76   417   303   133   400   104   161   128   367   225   434   105   124   341   613   305   443   144   237   487     0   200   268   263    86   754     6   211   601   399     0 
  293   279   379   417   322   480   496   241   391   465   729   468   205   444   458   332   161   182   255   497   316   310   273    67   306   272   119   250   305   323   406   724   400   277   324   434   287   200     0   396   151   286   559   205   411   402   476     0 
  644   571   145   181   581   669   339   573    51   413   444   369   411   351   115   131   360   344   649   384   325   662   333   394   334   627   472   538   254   272   132   345    68   672   151   319   642   268   396     0   512   244   856   263   254   741   155     0 
  144   363   459   561   198   366   520   305   495   614   876   477   170   456   590   470   175   201   161   505   328   160   283   119   313   122    40   342   349   358   544   852   529   188   406   457   315   263   151   512     0   337   603   269   455   429   613     0 
  444   548   132   385   349   425   212   522   204   564   683   197   191   173   355   292   162   137   496   224    85   461    90   244    91   431   301   516    22    46   345   578   296   522    95   155   573    86   286   244   337     0   838    81   125   687   391     0 
  657   293   904   759   792   959  1051   318   877   593   956  1027   749  1003   853   735   717   741   500  1055   876   659   833   619   865   641   610   326   859   879   784  1087   821   484   851   991   288   754   559   856   603   838     0   758   960   177   844     0 
  388   469   190   370   319   425   293   441   235   520   682   272   149   247   362   272   100    81   423   300   132   406   104   166   128   373   231   437   101   121   336   607   300   449   138   233   491     6   205   263   269    81   758     0   206   606   394     0 
  549   669   110   428   431   466    98   646   204   638   692   114   295    97   368   349   281   254   615   131   139   566   178   368   155   539   421   636   108    97   381   543   321   642   131    65   697   211   411   254   455   125   960   206     0   811   409     0 
  481   177   767   674   615   782   898   169   753   558   918   869   581   845   757   630   554   579   323   897   716   483   671   456   704   464   439   207   707   724   690  1010   716   309   712   836   117   601   402   741   429   687   177   606   811     0   756     0 
  753   579   299    86   712   814   490   599   205   314   292   522   541   505    41   144   484   472   730   537   475   770   477   494   483   733   573   550   404   424    71   256    96   750   302   474   674   399   476   155   613   391   844   394   409   756     0     0 
    0     0     0     0     0     0     0     0     0     0     0     0     0     0     0     0     0     0     0     0     0     0     0     0     0     0     0     0     0     0     0     0     0     0     0     0     0     0     0     0     0     0     0     0     0     0     0     0 
