DIMENSION: 47
N: 15
M: 15
K: 2

SERVICE: 
371 389 429 179 213 749 115 62 245 409 304 235 329 86 426 

DIST MATRIX: 
    0   423   438   306    43   187    75   148   395   462   225   468   381   475   125   683   576   467   486   266   216   330   400   365   416   234   585   379   776   151   696   485   532   559   143   387   395   521   169   581   393   488   594   825   404   113   682     0 
  443     0   537   855   798   721   744   796   570   545   659   522   547   574   821   737   277   410   519   547   635   486   561   450   408   579   860   542   496   670   832   521   370   278   682   596   575   593   645   238   528   914   855   691   488   754   661     0 
  432   399     0   763   769   663   719   813   645   640   600   406   616   674   771   875   374   333   621   545   656   498   638   435   444   574   712   609   667   642   965   622   273   361   652   671   651   705   639   307   598   787   966   857   556   760   805     0 
  552   611   361     0   441   331   451   625   774   832   352   375   745   858   359  1103   787   495   843   538   604   587   775   542   654   527   135   739  1099   441  1140   843   527   759   432   781   778   911   515   745   746    17  1055  1209   730   573  1080     0 
  357   420   263    96     0    91   214   390   541   601   127   291   514   626   144   867   600   360   616   313   366   372   542   347   449   298   330   508   885   202   901   615   414   575   193   545   544   678   277   573   517   249   815   981   507   336   847     0 
  460   397   646   912   782     0   727   722   442   394   693   642   434   412   829   514   218   510   363   530   574   463   434   470   376   558   993   432   249   667   612   365   500   243   680   465   446   411   617   253   416  1014   659   445   389   696   435     0 
  188   246   275   309   168   130     0   246   324   384   101   303   296   409   198   652   415   280   398   103   157   169   325   181   255    81   516   290   673    39   692   398   345   394    51   330   327   461    72   408   300   463   615   763   291   184   630     0 
  377   421   489   392   127   259   129     0   337   403   283   518   329   412   211   605   554   496   430   265   178   321   343   374   401   235   666   329   720   190   614   429   561   541   186   325   336   454   170   570   344   574   509   755   363    55   610     0 
  491   453   734   874   653   695   610   513     0   183   663   746   270   160   728   141   364   627   172   476   429   434   243   500   393   487  1059   276   192   586   236   172   657   384   597   246   243   112   512   436   268  1026   282   197   286   521    75     0 
  730   696   972  1078   834   903   800   667   459     0   879   986   491   378   916   127   607   870   408   700   629   667   459   738   635   705  1287   497   336   792   132   407   902   628   801   450   455   326   717   680   493  1242   258   156   520   693   171     0 
  415   461   514   388   129   271   148    89   377   443     0   543   370   450   207   636   596   529   470   304   220   362   383   412   442   273   670   370   759   217   639   469   594   583   212   364   376   491   207   612   386   571   530   789   406    97   644     0 
  347   408   209   126   272   134   264   442   562   619   140     0   532   646   210   892   587   321   630   325   396   375   562   337   446   315   280   526   889   236   933   630   370   561   229   570   566   698   308   553   534   226   853   996   518   384   867     0 
  298   351   378   304    66   150    21   158   348   414   171   408     0   431   138   654   507   398   436   194   163   260   352   293   346   163   562   326   724    82   678   435   463   489    76   345   349   480   100   510   340   481   584   787   345   101   646     0 
  279   249   522   668   469   490   420   369    79    51   452   536    78     0   536   329   225   422    43   265   242   219    71   287   186   279   844    79   320   384   399    44   460   231   396   103    83   129   314   283    65   815   378   408    72   355   286     0 
  258   291    52   383   452   317   415   563   545   580   264    24   509   614     0   864   436   123   578   325   445   330   541   251   352   340   366   502   776   345   928   579   134   408   349   563   550   663   382   379   501   412   880   924   468   502   818     0 
  607   577   849   951   710   776   674   546   332   285   752   864   364   252   791     0   504   751   286   574   502   542   333   615   514   578  1160   371   293   665    99   286   786   522   674   323   328   201   590   575   368  1114   186   180   397   570    79     0 
  243   180   444   695   571   531   516   534   293   273   475   446   271   304   613   504     0   313   250   316   377   249   285   252   161   345   792   266   345   452   591   251   321    28   465   319   298   331   407    73   251   802   594   512   213   500   438     0 
  155   174   136   445   440   330   393   513   441   469   267   133   406   504   438   751   313     0   465   249   373   233   436   151   236   273   483   398   653   316   820   465    65   285   325   461   447   551   329   258   395   511   780   803   358   454   701     0 
  322   291   565   707   500   528   453   387    93    31   493   579   107    55   570   286   250   465     0   305   273   262    87   330   228   318   887   110   290   420   359     1   501   260   432   109    94    88   349   313    99   856   346   366   115   380   242     0 
  112   158   294   407   256   231   201   269   242   295   188   317   210   323   299   574   316   249   305     0   123    67   241   110   155    31   587   203   572   137   624   305   311   296   150   253   246   376    98   316   209   550   561   672   194   216   544     0 
  228   258   410   449   228   274   181   161   185   251   257   435   166   269   299   502   377   373   273   123     0   158   189   228   228   105   673   164   561   163   537   272   433   365   173   184   187   319    89   397   177   614   459   626   189   123   487     0 
   78   100   308   467   323   293   268   316   215   257   245   326   181   289   366   542   249   233   262    67   158     0   212    82    87    97   625   173   514   204   600   262   287   229   217   233   221   341   161   251   174   601   551   626   147   269   504     0 
  284   269   520   631   415   453   370   301     8    63   423   538    32    84   487   333   285   436    87   241   189   212     0   290   208   248   828    39   377   343   388    86   482   286   354    35    14   136   270   336    42   787   345   440    84   293   305     0 
   10    72   234   443   348   283   295   379   294   330   224   249   259   364   374   615   252   151   330   110   228    82   290     0   113   139   566   251   559   221   678   331   207   227   232   313   300   413   204   231   250   557   632   686   218   325   572     0 
  103    63   343   545   410   375   355   388   214   234   323   354   181   269   453   514   161   236   228   155   228    87   208   113     0   184   679   173   446   291   584   229   276   143   304   238   220   315   247   170   166   668   553   576   125   347   467     0 
  142   189   305   390   226   211   171   242   247   305   175   330   218   331   272   578   345   273   318    31   105    97   248   139   184     0   583   212   592   111   624   318   335   326   124   256   251   384    67   347   220   539   556   684   210   186   553     0 
  576   627   348   296   542   413   542   719   829   880   415   351   796   910   466  1160   792   483   887   587   673   625   828   566   679   583     0   790  1123   515  1207   887   499   765   509   839   833   962   586   741   795   144  1131  1250   772   663  1129     0 
  245   232   481   598   391   420   343   292    43    93   387   499     8   120   460   371   266   398   110   203   164   173    39   251   173   212   790     0   398   311   428   110   444   264   322    65    49   173   239   311    16   751   383   473    54   276   341     0 
  549   495   779   979   789   802   740   674   383   316   759   784   396   312   855   293   345   653   290   572   561   514   377   559   446   592  1123   398     0   700   390   291   665   372   712   395   384   280   633   413   384  1113   465   196   383   670   216     0 
  227   285   299   288   128   111    77   224   341   404   103   328   316   426   162   665   452   316   420   137   163   204   343   221   291   111   515   311   700     0   699   420   381   432    13   344   344   478    75   446   322   451   617   783   317   162   647     0 
  671   647   909   980   728   810   699   553   385   351   793   926   420   316   812    99   591   820   359   624   537   600   388   678   584   624  1207   428   390   699     0   358   859   607   708   370   380   271   625   661   427  1150   126   253   462   586   178     0 
  323   291   565   706   499   528   452   386    92    30   492   579   106    53   569   286   251   465     1   305   272   262    86   331   229   318   887   110   291   420   358     0   502   261   432   108    93    87   349   314    98   856   344   366   115   379   242     0 
  209   213   167   495   504   391   458   576   487   509   329   152   452   544   500   786   321    65   501   311   433   287   482   207   276   335   499   444   665   381   859   502     0   293   389   509   493   589   393   256   440   543   827   825   401   518   732     0 
  218   155   416   670   552   508   497   524   294   280   451   418   270   313   592   522    28   285   260   296   365   229   286   227   143   326   765   264   372   432   607   261   293     0   444   321   300   344   390    54   251   775   605   537   210   486   458     0 
  239   297   302   278   118   102    68   224   352   415   101   332   327   437   149   674   465   325   432   150   173   217   354   232   304   124   509   322   712    13   708   432   389   444     0   354   354   488    85   459   333   442   624   794   330   162   658     0 
  307   297   540   632   406   455   364   279    26    80   429   558    57    87   482   323   319   461   109   253   184   233    35   313   238   256   839    65   395   344   370   108   509   321   354     0    21   136   269   370    73   792   319   442   116   278   303     0 
  293   280   529   632   412   454   368   292     6    67   426   547    41    83   485   328   298   447    94   246   187   221    14   300   220   251   833    49   384   344   380    93   493   300   354    21     0   134   270   350    54   789   334   440    97   287   303     0 
  406   378   647   766   541   588   499   403   137    83   559   662   166    52   617   201   331   551    88   376   319   341   136   413   315   384   962   173   280   478   271    87   589   344   488   136   134     0   404   398   167   923   264   307   195   409   169     0 
  208   256   341   363   165   186   111   184   267   331   170   369   243   352   223   590   407   329   349    98    89   161   270   204   247    67   586   239   633    75   625   349   393   390    85   269   270   404     0   412   251   526   545   709   251   125   573     0 
  223   162   393   667   571   513   516   558   344   333   454   391   318   367   604   575    73   258   313   316   397   251   336   231   170   347   741   311   413   446   661   314   256    54   459   370   350   398   412     0   299   761   659   584   257   517   510     0 
  244   227   482   608   405   429   356   308    48    86   395   499    20   116   472   368   251   395    99   209   177   174    42   250   166   220   795    16   384   322   427    98   440   251   333    73    54   167   251   299     0   759   387   464    43   292   334     0 
  567   626   378   183   447   341   459   632   786   844   364   391   757   870   364  1114   802   511   856   550   614   601   787   557   668   539   144   751  1113   451  1150   856   543   775   442   792   789   923   526   761   759     0  1064  1222   744   581  1092     0 
  626   614   854   888   629   724   606   447   340   327   716   874   375   293   714   186   594   780   346   561   459   551   345   632   553   556  1131   383   465   617   126   344   827   605   624   319   334   264   545   659   387  1064     0   364   427   487   253     0 
  677   633   918  1071   848   892   806   699   442   379   859   928   467   357   924   180   512   803   366   672   626   626   440   686   576   684  1250   473   196   783   253   366   825   537   794   442   440   307   709   584   464  1222   364     0   480   713   145     0 
  210   187   452   599   411   421   360   333    91   112   382   467    61   146   473   397   213   358   115   194   189   147    84   218   125   210   772    54   383   317   462   115   401   210   330   116    97   195   251   257    43   744   427   480     0   309   357     0 
  328   369   458   402   142   250   122    62   287   354   263   487   277   365   227   570   500   454   380   216   123   269   293   325   347   186   663   276   670   162   586   379   518   486   162   278   287   409   125   517   292   581   487   713   309     0   570     0 
  564   528   807   935   706   757   666   555   306   249   728   820   335   222   784    79   438   701   242   544   487   504   305   572   467   553  1129   341   216   647   178   242   732   458   658   303   303   169   573   510   334  1092   253   145   357   570     0     0 
    0     0     0     0     0     0     0     0     0     0     0     0     0     0     0     0     0     0     0     0     0     0     0     0     0     0     0     0     0     0     0     0     0     0     0     0     0     0     0     0     0     0     0     0     0     0     0     0 
