DIMENSION: 37
N: 15
M: 10
K: 2

SERVICE: 
318 395 85 77 343 324 256 452 281 175 189 141 456 68 131 

DIST MATRIX: 
    0   749   926   534   432  1059   702   888   872   282   406   688   324   810   575   609   402   400   703   953   277   243   856   647  1025   231   353   591   628  1073   616   478   790   384   850   545   209     0 
  449     0   407   142   203   615   273   375   402   272   232   382   323   397   106   234   262   120   492   466   266   305   352   496   547   360   388   347   497   670   433   127   406   463   493   191   504     0 
  732   415     0   364   473   427   305    94   240   590   507   458   614   341   293   358   539   447   607   235   587   626   126   650   316   671   662   509   663   524   592   397   385   733   459   382   816     0 
  467   495   479     0   256   716   248   457   500   198   276   476   344   500   208   331   161   106   408   559   197   236   441   403   643   353   416   260   402   772   342   200   508   362   594   280   421     0 
  564   137   296   456     0   290   500   228   109   585   371   191   472    71   232   166   596   420   786   200   573   609   174   807   256   555   492   655   813   336   744   302   106   796   188   228   814     0 
  508    46   469   578   358     0   654   400   253   643   375    85   451   125   335   208   688   489   923   335   628   658   346   934   356   543   443   783   936   305   871   357    75   876    78   268   857     0 
  913   864   592   379   705   958     0   625   758   561   728   872   793   825   594   727   429   557   162   766   573   596   651   239   846   787   867   235   263  1051   229   637   855   495   942   698   672     0 
  993   782   395   470   744   772   297     0   611   717   775   815   867   713   580   691   604   640   453   584   723   756   497   525   650   893   932   454   548   879   494   663   755   738   832   690   889     0 
  621   164   506   690   485   254   749   441     0   769   501   210   574   179   449   330   809   613  1030   339   754   785   392  1046   327   666   560   894  1049   199   982   482   151  1000    63   392   984     0 
  315   431   549   229   125   706   396   509   505     0   134   392   191   465   198   267   241    47   546   581   161   195   479   529   657   212   264   399   523   741   471   115   459   412   536   202   399     0 
  123   381   719   537   216   709   691   658   573   431     0   309   143   469   382   313   541   360   859   664   413   423   610   837   714   216    80   712   828   693   782   295   432   670   466   282   576     0 
  303   201   522   433   142   523   558   459   372   434   152     0   227   276   218   115   502   297   781   463   418   444   410   777   516   319   232   634   774   526   716   175   246   675   302   108   637     0 
  549   133   303   445   326   306   493   235   124   569   355   182     0    80   217   150   583   404   777   215   558   593   181   797   273   539   477   645   802   349   734   286   108   781   193   211   798     0 
  616   162   278   496   397   238   525   209    63   636   426   228   526     0   280   220   642   471   818   153   625   661   157   842   203   609   544   691   849   293   780   355   117   842   182   282   866     0 
  439   418   434   128   202   644   275   403   430   244   228   401   313   424     0   254   235    96   477   495   238   277   381   477   576   343   380   330   477   697   415   133   431   435   517   206   475     0 
  403   167   407   375   178   450   473   345   272   442   205   148   306   202   134     0   480   283   724   361   428   461   297   730   422   389   331   580   730   475   667   153   191   670   271    66   664     0 
  508   646   624   175   366   877   314   609   661   133   373   620   402   659   366   480     0   205   330   718   147   167   598   297   802   372   476   195   288   932   246   334   664   202   748   422   292     0 
  361   449   527   182   163   709   351   492   502   165   177   417   238   475   192   283   205     0   502   573   155   192   466   487   652   252   310   353   482   750   428   131   473   388   553   221   396     0 
  836   878   680   350   662  1023   303   699   812   461   679   872   725   857   590   724   330   502     0   836   476   490   714    77   920   701   800   148   101  1105    87   607   878   346   967   682   531     0 
  763   312   188   553   530   193   533   141    91   736   561   380   666   213   383   361   718   573   836     0   727   766   124   873    86   744   691   727   884   296   813   475   262   919   300   416   968     0 
  365   592   670   257   275   863   425   640   657    18   271   551   270   626   347   428   147   155   476   727     0    39   617   439   807   227   342   342   427   901   392   276   620   262   697   364   241     0 
  364   623   709   293   302   899   459   680   694    39   294   579   280   660   385   461   167   192   490   766    39     0   656   448   844   224   348   362   433   935   404   310   653   247   729   396   205     0 
  696   310   123   431   447   309   412    54   114   625   480   363   588   224   282   297   598   466   714   124   617   656     0   750   209   659   624   603   761   400   690   382   272   799   339   339   856     0 
  804   889   727   356   650  1056   346   740   842   422   663   877   699   876   599   730   297   487    77   873   439   448   750     0   958   666   773   152    25  1133    63   602   894   278   982   683   466     0 
  819   343   259   638   597   123   617   222   153   816   627   415   729   246   460   422   802   652   920    86   807   844   209   958     0   811   747   812   969   236   898   548   290  1003   304   482  1048     0 
  140   520   744   429   214   835   601   697   659   244   184   458    93   586   382   389   372   252   701   744   227   224   659   666   811     0   136   562   654   844   618   278   562   466   620   329   360     0 
   73   428   725   492   192   754   655   669   601   360   159   359    75   508   371   331   476   310   800   691   342   348   624   773   747   136     0   655   764   748   720   273   476   594   521   285   496     0 
  694   738   589   206   514   907   213   596   692   329   531   729   580   724   449   580   195   353   148   727   342   362   603   152   812   562   655     0   159   982    89   459   742   284   831   536   446     0 
  792   891   741   359   645  1065   360   752   850   410   657   877   689   881   601   730   288   482   101   884   427   433   761    25   969   654   764   159     0  1140    71   600   898   255   986   682   444     0 
  812   325   484   788   647   115   807   433   294   914   669   390   753   276   566   475   932   750  1105   296   901   935   400  1133   236   844   748   982  1140     0  1071   625   285  1131   227   541  1139     0 
  754   826   671   293   591   995   290   681   780   376   605   815   646   813   536   667   246   428    87   813   392   404   690    63   898   618   720    89    71  1071     0   541   831   266   919   621   448     0 
  340   318   467   261    81   592   400   419   395   289   114   286   218   350   104   153   334   131   607   475   276   310   382   602   548   278   273   459   600   625   541     0   344   519   423    90   514     0 
  545    53   394   539   362   278   599   325   178   633   384   126   473    50   300   191   664   473   878   262   620   653   272   894   290   562   476   742   898   285   831   344     0   858    88   257   855     0 
  604   837   818   370   534  1078   475   807   862   244   532   803   527   856   564   670   202   388   346   919   262   247   799   278  1003   466   594   284   255  1131   266   519   858     0   941   609   190     0 
  585   105   457   627   431   254   686   390   232   711   450   163   528   119   387   271   748   553   967   300   697   729   339   982   304   620   521   831   986   227   919   423    88   941     0   334   929     0 
  357   229   441   333   115   515   451   384   330   378   145   198   251   268   110    66   422   221   682   416   364   396   339   683   482   329   285   536   682   541   621    90   257   609   334     0   599     0 
  485   824   900   461   499  1104   605   876   898   232   485   776   442   864   589   664   292   396   531   968   241   205   856   466  1048   360   496   446   444  1139   448   514   855   190   929   599     0     0 
    0     0     0     0     0     0     0     0     0     0     0     0     0     0     0     0     0     0     0     0     0     0     0     0     0     0     0     0     0     0     0     0     0     0     0     0     0     0 
