DIMENSION: 47
N: 15
M: 15
K: 2

SERVICE: 
318 231 131 268 316 143 335 279 175 130 185 104 300 207 356 

DIST MATRIX: 
    0   107   344   338   247   223   118   192   544   698   234   471   188   449   313   639   533   183   137   587   686   381   539    94   364   419   406   416   387    93   442   393   282   565   641   678   460   291   286   351   617   246    71   532   429   474   705     0 
  366     0   444   446   351   310   229   325   665   718   307   604   308   592   422   693   662   131   263   610   676   288   662    79   501   477   330   447   317   172   504   525   415   707   741   693   369   412   143   493   710   230   196   546   323   394   830     0 
  486   245     0   418    42    72   271   254   335   864   105   283   287   350   396   771   520   399    82   755   875   596   553   307   199   249   622   588   603   159   580   205   305   471   703   849   675   349   463   295   404   455   145   710   642   690   697     0 
  462   406   507     0   484   525   415   312   471   703   558   358   338   138   276   542    94   603   441   625   791   770   158   565   308   667   757   524   732   534   433   354   224   124   347   707   824   248   774   160   666   576   476   621   829   814   250     0 
  490   340   326   322     0   364   358   260   301   806   396   186   302    58   315   665   274   550   305   713   867   741   328   487   123   486   743   577   719   408   514   169   208   179   511   803   808   264   688    93   487   555   358   691   797   807   435     0 
  571   337    60   475    90     0   363   324   230   942   167   195   363   324   456   836   528   504   185   836   964   702   571   414   148   220   727   672   707   264   651   127   351   437   738   930   781   404   567   303   307   556   251   795   748   795   698     0 
  332   353   653   491   557   522     0   437   862   592   521   787   402   729   474   619   736   143   454   495   514    72   715   224   677   694   125   367   122   380   463   710   516   830   740   561   153   489   175   621   923   170   387   426   111   181   882     0 
  516   354   301   353   300   350   373     0   267   838   382   152   322    81   345   699   306   563   302   743   896   756   361   496    97   461   761   605   737   406   545   138   235   195   545   834   825   292   693   123   454   573   360   721   812   826   464     0 
  851   620   252   737   349   383   646   600     0  1217   388   278   642   497   722  1099   728   778   464  1112  1246   973   785   685   348   264  1002   952   983   524   923   295   610   573   967  1206  1053   668   808   530    30   836   525  1074  1014  1069   875     0 
  421   659  1034   563   944   935   634   672  1162     0   951  1054   630   885   571   301   736   582   825   176    41   501   676   664   946  1136   438   320   434   812   373   997   682   925   554   106   459   624   728   792  1298   486   780   198   526   416   779     0 
  723   486   216   686   235   211   508   520   419  1105     0   443   545   594   664  1030   788   562   328   994  1094   731   824   470   418    75   775   823   761   316   835   391   578   708   976  1086   812   620   524   561   339   646   353   941   760   838   962     0 
  718   504   203   584   281   331   529   464    38  1069   350     0   509   324   571   941   555   688   371   969  1111   888   613   601   190   314   908   816   887   456   774   137   458   400   797  1062   965   516   759   366   204   730   438   937   936   976   701     0 
  365   379   577   179   532   564   379   291   582   572   596   467     0   251   197   410    70   549   462   498   665   693    58   531   395   732   672   412   647   539   312   446   205   254   229   577   739   195   736   215   769   502   480   499   754   724   223     0 
  316   176   358   175   299   325   189    85   439   657   356   330   124     0   159   537   278   383   221   556   702   566   299   333   223   504   566   408   541   303   362   275    49   310   444   650   631   105   541    98   591   378   245   527   624   629   455     0 
  435   562   820   332   768   793   553   493   828   442   823   714   483   495     0   266   267   677   682   414   574   767   204   690   643   972   727   421   705   742   310   695   424   466    28   461   789   388   876   462  1017   601   685   449   824   761   221     0 
  328   546   888   362   813   821   526   517   963   177   845   848   486   650   380     0   463   573   703   162   310   597   398   622   753  1019   544   255   527   728   196   807   489   664   254   195   596   432   765   577  1127   477   680   217   646   560   481     0 
  435   432   588   246   555   591   434   340   565   631   624   452   355   231   262   463     0   611   497   561   729   761    67   587   394   747   741   481   716   581   379   443   250   203   254   638   808   253   794   227   759   569   522   566   821   793   177     0 
  252   210   526   373   428   399   194   298   724   588   404   646   265   588   353   573   611     0   319   481   545   200   598    95   535   585   224   322   206   258   392   569   380   692   649   562   277   359   199   480   798   100   253   416   251   292   767     0 
  408   166   214   360   120   118   191   193   407   788   143   341   218   359   337   703   497   319     0   679   795   518   520   230   240   318   542   510   522   104   510   262   260   481   656   772   596   295   402   282   486   373    68   631   565   609   674     0 
  272   513   882   391   796   794   489   512   995   111   813   885   472   710   400   162   561   481   679     0   169   461   503   548   780   995   404   171   390   681   199   832   513   749   396    94   448   454   656   620  1139   381   641    69   504   410   615     0 
  395   630  1006   546   915   904   605   648  1140   150   919  1033   605   869   552   310   729   545   795   169     0   460   671   628   924  1104   397   295   393   778   359   974   662   914   559   120   418   604   688   774  1271   450   748   176   485   375   782     0 
  338   403   721   514   624   590   383   482   924   550   591   845   443   773   499   597   761   200   518   461   460     0   734   289   734   765    62   353    71   449   458   769   555   870   740   518    81   521   240   664   992   194   451   392    60   109   898     0 
  400   434   631   225   589   622   433   348   624   568   653   510   354   291   245   398    67   598   520   503   671   734     0   584   445   787   709   435   685   597   328   495   263   270   189   576   776   250   788   268   815   546   537   512   794   758   169     0 
  294   159   432   367   336   305   153   253   638   658   310   565   232   530   344   622   587    95   230   548   628   289   584     0   457   491   318   381   300   164   431   487   342   642   662   635   368   336   209   428   705   178   163   487   335   385   753     0 
  533   334   205   395   212   264   358   281   216   880   295   113   326   178   381   753   394   535   240   780   924   734   445   457     0   365   746   629   724   343   585    54   268   290   622   873   807   327   642   183   378   562   305   749   786   813   558     0 
  724   482   160   667   208   202   506   503   345  1105   185   377   534   542   645  1019   747   585   318   995  1104   765   787   491   365     0   804   825   789   330   827   331   551   652   948  1088   846   598   571   520   268   663   356   945   798   870   918     0 
  309   412   750   495   653   623   390   483   944   490   626   859   442   772   482   544   741   224   542   404   397    62   709   318   746   804     0   308    25   481   418   785   549   862   702   458    67   510   299   662  1022   188   477   336   101    68   869     0 
  102   344   716   262   628   624   320   353   845   281   642   738   310   584   263   255   481   322   510   171   295   353   435   381   629   825   308     0   287   510   114   679   370   644   396   263   368   313   510   484   978   224   471   122   407   341   581     0 
  285   389   731   470   634   605   367   459   922   479   610   837   417   747   457   527   716   206   522   390   393    71   685   300   724   789    25   287     0   464   395   763   524   837   679   448    92   485   297   638  1004   164   458   321   120    89   845     0 
  411   185   274   411   179   142   202   251   494   791   146   438   260   461   387   728   581   258   104   681   778   449   597   164   343   330   481   510   464     0   532   359   334   582   715   771   529   356   304   377   543   334    59   626   490   548   757     0 
  140   350   701   192   622   627   330   328   799   295   650   688   293   512   203   196   379   392   510   199   359   458   328   431   585   827   418   114   395   532     0   637   317   556   284   289   480   258   589   421   951   303   484   188   514   454   468     0 
  582   375   176   448   207   262   399   329   166   932   289    79   373   219   434   807   443   569   262   832   974   769   495   487    54   331   785   679   763   359   637     0   321   322   675   925   844   380   663   236   324   603   329   800   820   852   602     0 
  282   184   407   127   345   369   191    91   483   612   399   372   115   225   113   489   250   380   260   513   662   555   263   342   268   551   549   370   524   334   317   321     0   315   399   605   615    59   551   118   639   363   275   486   614   610   424     0 
  576   486   493   384   494   542   499   395   399   826   575   299   428   122   389   664   203   692   481   749   914   870   270   642   290   652   862   644   837   582   556   322   315     0   455   831   929   353   849   214   603   677   529   744   929   922   307     0 
  408   535   797   304   743   768   525   466   811   431   797   696   456   478   329   254   254   649   656   396   559   740   189   662   622   948   702   396   679   715   284   675   399   455     0   448   764   362   848   441   998   573   658   429   798   737   227     0 
  365   606   976   482   890   887   582   606  1088    34   905   977   567   798   492   195   638   562   772    94   120   518   576   635   873  1088   458   263   448   771   289   925   605   831   448     0   492   546   728   711  1234   463   734   147   554   451   674     0 
  376   474   801   562   704   671   452   548  1001   526   672   919   507   837   550   596   808   277   596   448   418    81   776   368   807   846    67   368    92   529   480   844   615   929   764   492     0   577   312   728  1072   253   530   382    70    43   935     0 
  229   185   458    71   390   409   184   105   542   553   438   431   105   275    54   432   253   359   295   454   604   521   250   336   327   598   510   313   485   356   258   380    59   353   362   546   577     0   542   172   696   328   298   428   581   569   418     0 
  450   367   567   566   478   432   361   461   797   758   421   742   440   734   544   765   794   199   402   656   688   240   788   209   642   571   299   510   297   304   589   663   551   849   848   728   312   542     0   634   822   288   337   588   249   348   957     0 
  399   272   363   229   328   367   287   183   386   714   399   271   221   109   222   577   227   480   282   620   774   664   268   428   183   520   662   484   638   377   421   236   118   214   441   711   728   172   634     0   560   475   321   598   722   725   402     0 
  877   644   274   766   370   401   670   627   204  1244   404   308   668   528   750  1127   759   798   486  1139  1271   992   815   705   378   268  1022   978  1004   543   951   324   639   603   998  1234  1072   696   822   560     0   859   547  1101  1032  1090   905     0 
  166   228   586   323   490   469   204   295   764   488   479   675   254   584   307   477   569   100   373   381   450   194   546   178   562   663   188   224   164   334   303   603   363   677   573   463   253   328   288   475   859     0   314   316   254   253   712     0 
  370   134   273   355   176   156   154   193   475   752   172   408   204   409   330   680   522   253    68   641   748   451   537   163   305   356   477   471   458    59   484   329   275   529   658   734   530   298   337   321   547   314     0   589   498   545   698     0 
  224   465   838   371   750   744   440   475   965   172   761   857   433   695   376   217   566   416   631    69   176   392   512   487   749   945   336   122   321   626   188   800   486   744   429   147   382   428   588   598  1101   316   589     0   436   345   639     0 
  398   458   763   575   667   631   439   539   972   587   629   897   501   831   560   646   821   251   565   504   485    60   794   335   786   798   101   407   120   490   514   820   614   929   798   554    70   581   249   722  1032   254   498   436     0   112   957     0 
  358   479   817   549   720   690   456   547  1011   485   693   926   505   834   538   560   793   292   609   410   375   109   758   385   813   870    68   341    89   548   454   852   610   922   737   451    43   569   348   725  1090   253   545   345   112     0   914     0 
  560   601   758   393   730   768   601   513   704   658   800   598   522   384   414   481   177   767   674   615   782   898   169   753   558   918   869   581   845   757   468   602   424   307   227   674   935   418   957   402   905   712   698   639   957   914     0     0 
    0     0     0     0     0     0     0     0     0     0     0     0     0     0     0     0     0     0     0     0     0     0     0     0     0     0     0     0     0     0     0     0     0     0     0     0     0     0     0     0     0     0     0     0     0     0     0     0 
