DIMENSION: 37
N: 15
M: 10
K: 2

SERVICE: 
74 705 379 27 260 128 387 104 67 334 122 301 326 101 97 

DIST MATRIX: 
    0   422   412   659   512   429   703   426   426   435   665   505   483   360   381    92   679   377   133   192   159   476   472    92   416   116   561   467   226   339   219   293   480   334   695    71   442     0 
  397     0   688   979   647   652  1005   668   733   663   969   812   804   584   596   337  1002   684   386   474   452   693   798   364   652   435   884   793   526   601   546   539   805   214   906   256   385     0 
   87   392     0   656   451   380   685   382   410   387   648   489   511   309   329    29   680   417   196   157   214   536   488   155   369   116   562   487   275   299   235   353   485   370   646    96   492     0 
  606   361   388     0   692   516   176   471   285   501   163   221   324   535   545   669    28   456   682   540   609   712   256   677   490   566   120   277   557   465   465   648   205   990   552   750  1037     0 
  221   237   215   558     0   174   543   185   299   184   510   368   525   104   122   180   594   486   377   106   361   679   469   340   169   199   484   478   393   126   272   502   429   573   440   302   700     0 
  410   289   262   618    72     0   551   174   384   143   528   427   670   133   112   356   662   656   565   292   550   865   599   527   156   388   570   613   578   214   448   690   539   732   310   474   873     0 
  541   437   462   230   781   599     0   555   339   587   364   323   139   592   609   626   199   285   566   524   491   511   138   574   569   509   180   138   424   510   390   485   181   874   714   674   889     0 
  276    94    76   417   303   133   400     0   161   128   367   225   434   105   124   283   455   433   423   149   381   667   362   394   105   237   350   376   386    23   241   506   307   672   371   399   779     0 
  332   161   182   255   497   316   310   273     0   306   272   119   250   305   323   391   282   297   428   265   361   562   168   416   286   291   165   186   328   224   202   441   107   727   480   476   794     0 
  131   360   344   649   384   325   662   333   394     0   627   472   538   254   272    40   678   459   263   133   273   598   505   222   318   141   561   506   327   258   259   415   490   423   591   155   554     0 
  470   175   201   161   505   328   160   283   119   313     0    40   342   349   358   516   206   429   577   379   512   698   252   563   302   428   136   276   478   283   352   588   166   872   399   613   944     0 
  292   162   137   496   224    85   461    90   244    91   431     0   516    22    46   270   536   503   448   161   419   723   447   413    75   261   434   460   437    62   299   554   392   665   351   391   786     0 
  735   717   741   500  1055   876   659   833   619   865   641   610     0   859   879   831   456   407   702   758   637   487   393   725   845   715   468   378   564   777   598   563   461   979  1003   844   942     0 
  272   100    81   423   300   132   406   104   166   128   373   231   437     0   121   278   461   434   420   145   379   666   366   390   105   234   356   380   386    19   241   505   311   668   373   394   775     0 
  349   281   254   615   131   139   566   178   368   155   539   421   636   108     0   291   657   611   503   237   491   810   570   464   157   330   558   583   523   188   399   633   518   667   365   409   807     0 
   98   373   358   646   422   353   669   356   397   361   633   476   516   282   301     0   672   429   223   138   235   560   489   182   344   117   555   488   293   276   238   376   480   395   619   122   521     0 
  606   376   403    50   711   534   204   488   296   519   191   236   306   550   561   672     0   441   676   546   603   694   242   673   507   567   118   262   548   477   463   635   201   986   577   750  1028     0 
  332   441   455   448   727   566   569   532   363   560   534   408   145   525   549   429   441     0   301   382   231   269   201   319   537   318   349   179   158   451   214   201   272   599   772   437   604     0 
  157   489   486   666   635   532   737   520   466   535   699   542   431   466   489   223   676   301     0   287    75   347   445    41   513   188   562   434   144   427   226   168   476   311   792   160   368     0 
  132   235   223   516   363   245   531   236   261   249   495   339   433   180   203   138   546   382   287     0   260   574   387   253   228   100   430   392   287   147   168   399   362   523   507   250   632     0 
  146   437   438   593   621   500   671   483   404   501   633   477   358   439   463   235   603   231    75   260     0   326   371    88   479   162   490   359    73   389   162   144   404   386   752   209   433     0 
  472   694   704   708   937   797   837   770   625   794   802   676   388   744   768   560   694   269   347   574   326     0   464   386   771   482   614   440   287   680   426   183   540   534  1025   505   463     0 
  405   328   350   247   663   483   375   441   230   473   342   243    91   467   486   489   242   201   445   387   371   464     0   448   453   373   150    25   310   385   254   393    85   756   635   542   788     0 
  121   464   459   659   596   498   723   488   449   501   685   526   443   431   454   182   673   319    41   253    88   386   448     0   481   157   557   439   161   396   214   205   472   313   760   125   388     0 
  360   134   108   463   212    30   408    21   231    23   381   271   530    68    63   344   507   537   513   228   479   771   453   481     0   325   415   469   489    91   345   608   388   739   280   465   858     0 
   43   311   304   545   459   344   586   332   309   347   549   389   399   280   303   117   567   318   188   100   162   482   373   157   325     0   449   372   198   240   121   303   370   448   604   186   543     0 
  488   281   308   104   625   444   227   398   190   430   196   150   233   450   464   555   118   349   562   430   490   614   150   557   415   449     0   174   439   373   345   535    86   871   535   632   919     0 
  402   346   368   270   678   500   399   458   250   490   366   266    67   481   500   488   262   179   434   392   359   440    25   439   469   372   174     0   296   399   252   374   109   744   657   537   771     0 
  196   428   433   543   650   513   634   490   379   512   596   446   288   458   482   293   548   158   144   287    73   287   310   161   489   198   439   296     0   398   147   121   353   450   754   281   480     0 
  277   111    89   439   281   117   417    93   183   114   384   245   456    82   102   276   477   451   427   147   389   680   385   396    91   240   373   399   398     0   254   517   330   668   364   394   779     0 
  151   282   286   446   519   371   512   345   243   368   474   316   279   321   345   238   463   214   226   168   162   426   254   214   345   121   345   252   147   254     0   268   262   527   607   290   593     0 
  289   548   554   637   762   632   741   610   496   631   704   559   346   574   599   376   635   201   168   399   144   183   393   205   608   303   535   374   121   517   268     0   451   416   874   327   404     0 
  408   257   281   190   600   418   297   374   158   406   262   158   176   411   428   480   201   272   476   362   404   540    85   472   388   370    86   109   353   330   262   451     0   785   552   551   833     0 
  405   755   745   973   788   747  1032   751   755   756   994   834   737   676   695   395   986   599   311   523   386   534   756   313   739   448   871   744   450   668   527   416   785     0  1013   274   171     0 
  639   332   322   528   293   267   395   272   413   260   392   395   724   337   319   619   577   772   792   507   752  1025   635   760   280   604   535   657   754   364   607   874   552  1013     0   742  1137     0 
  144   484   472   730   537   475   770   477   494   483   733   573   550   404   424   122   750   437   160   250   209   505   542   125   465   186   632   537   281   394   290   327   551   274   742     0   399     0 
  503   852   847  1023   934   871  1104   868   834   877  1066   909   749   801   821   521  1028   604   368   632   433   463   788   388   858   543   919   771   480   779   593   404   833   171  1137   399     0     0 
    0     0     0     0     0     0     0     0     0     0     0     0     0     0     0     0     0     0     0     0     0     0     0     0     0     0     0     0     0     0     0     0     0     0     0     0     0     0 
