DIMENSION: 37
N: 15
M: 10
K: 2

SERVICE: 
318 395 85 77 343 324 256 452 281 175 189 141 456 68 131 

DIST MATRIX: 
    0   749   926   534   432  1059   702   888   872   282   406   688   324   810   575   668   791   859   696   693   260   506   643  1001   680   759   874   739   759   783   541   672   764   743   429   545   290     0 
  449     0   407   142   203   615   273   375   402   272   232   382   323   397   106   168   327   397   290   390   366   160   229   488   399   263   522   344   239   392   721   156   393   223   181   191   305     0 
  732   415     0   364   473   427   305    94   240   590   507   458   614   341   293   201   233   256   324   464   674   394   314   182   488   161   483   348    88   367   973   178   394   103   460   382   610     0 
  467   495   479     0   256   716   248   457   500   198   276   476   344   500   208   265   428   497   392   484   280   242   330   568   491   359   624   446   312   494   619   242   494   296   232   280   312     0 
  564   137   296   456     0   290   500   228   109   585   371   191   472    71   232   185    49    90    83   196   685   268   131   305   222   128   216    74   249    88  1054   230   115   253   345   228   490     0 
  508    46   469   578   358     0   654   400   253   643   375    85   451   125   335   331   224   230   158    81   745   313   213   461   100   301   100   113   420    91  1135   381    62   421   372   268   484     0 
  913   864   592   379   705   958     0   625   758   561   728   872   793   825   594   579   720   769   753   880   567   671   704   689   895   631   970   799   513   838   624   530   853   506   681   698   757     0 
  993   782   395   470   744   772   297     0   611   717   775   815   867   713   580   520   604   628   681   822   760   682   653   472   844   524   856   713   408   738   910   473   763   411   723   690   845     0 
  621   164   506   690   485   254   749   441     0   769   501   210   574   179   449   429   288   261   266   205   871   438   327   473   217   376    34   213   497   168  1260   476   162   502   499   392   609     0 
  315   431   549   229   125   706   396   509   505     0   134   392   191   465   198   290   424   495   348   399   277   156   287   623   399   382   564   399   384   448   669   295   438   368   103   202   163     0 
  123   381   719   537   216   709   691   658   573   431     0   309   143   469   382   464   501   553   382   310   512   278   359   758   289   517   484   403   585   433   904   499   404   575   239   282   192     0 
  303   201   522   433   142   523   558   459   372   434   152     0   227   276   218   280   299   353   180   146   533   134   161   557   139   320   326   206   401   243   930   323   219   394   161   108   258     0 
  549   133   303   445   326   306   493   235   124   569   355   182     0    80   217   175    57   106    68   188   670   252   114   317   214   127   222    66   247    90  1040   221   113   249   328   211   474     0 
  616   162   278   496   397   238   525   209    63   636   426   228   526     0   280   222    58    41   136   231   736   322   185   270   258   146   206   113   264   103  1100   262   137   271   399   282   545     0 
  439   418   434   128   202   644   275   403   430   244   228   401   313   424     0   197   355   426   315   409   337   171   252   516   417   292   546   369   265   417   693   184   417   249   178   206   291     0 
  532   285   267   274   273   452   323   220   236   438   307   302   415   255    96     0   166   233   174   309   534   193   134   333   328    96   395   220   122   261   883    50   274   113   262   182   415     0 
  597   186   248   439   364   289   468   179    81   588   395   239   499   110   231   166     0    71   120   244   687   285   152   260   270    90   255   122   209   134  1047   204   163   215   363   250   513     0 
  654   202   247   506   430   218   521   180    23   659   460   268   562   105   302   233    71     0   173   271   758   353   217   231   298   147   231   154   256   142  1116   268   176   265   431   315   578     0 
  481   112   358   424   264   363   496   291   192   522   291   135   390   117   184   174   120   173     0   141   623   195    63   380   164   163   233    54   273   102  1002   224   104   271   269   151   410     0 
  427    74   491   531   284   399   625   423   294   573   298     8   370   172   290   309   244   271   141     0   674   249   177   499    27   303   181   122   414   133  1068   359   100   412   300   205   404     0 
  445   708   759   320   391   974   470   736   765   102   385   667   369   740   456   534   687   758   623   674     0   433   561   848   671   629   841   675   592   724   399   519   715   576   374   479   320     0 
  339   275   459   299    82   557   429   406   366   332   116   241   224   312   104   193   285   353   195   249   433     0   137   515   252   266   408   244   311   292   822   222   282   300    78    46   230     0 
  448   168   361   365   213   420   449   299   232   459   243   169   347   179   123   134   152   217    63   177   561   137     0   400   195   159   294   117   249   166   939   184   165   244   214    98   361     0 
  846   432   100   543   597   303   481   114   208   759   630   495   738   336   428   333   260   231   380   499   848   515   400     0   526   249   449   378   256   373  1155   332   407   272   590   490   744     0 
  408   100   517   541   280   422   641   448   321   571   291    31   357   198   303   328   270   298   164    27   671   252   195   526     0   327   197   149   436   160  1067   378   126   433   297   211   393     0 
  599   258   202   361   348   362   378   142   144   534   382   297   490   197   184    96    90   147   163   303   629   266   159   249   327     0   343   190   121   216   975   122   239   126   341   242   495     0 
  604   133   478   656   457   250   715   411   252   739   475   186   551   146   416   395   255   231   233   181   841   408   294   449   197   343     0   179   464   134  1229   442   130   468   470   362   584     0 
  509    68   369   477   308   321   543   301   175   573   333   118   427    71   238   220   122   154    54   122   675   244   117   378   149   190   179     0   307    49  1056   270    53   308   315   199   451     0 
  649   376   169   290   389   456   267   148   246   506   423   407   529   318   208   122   209   256   273   414   592   311   249   256   436   121   464   307     0   337   906    91   358    16   375   304   524     0 
  544    61   378   523   354   280   582   309   165   622   378   131   468    39   285   261   134   142   102   133   724   292   166   373   160   216   134    49   337     0  1105   309    34   339   362   247   494     0 
  821  1096  1057   618   788  1334   691  1053  1118   496   783  1061   764  1115   823   883  1047  1116  1002  1068   399   822   939  1155  1067   975  1229  1056   906  1105     0   854  1100   890   770   868   715     0 
  559   335   255   239   298   483   273   219   266   428   332   351   438   300   118    50   204   268   224   359   519   222   184   332   378   122   442   270    91   309   854     0   323    78   284   220   432     0 
  517    26   409   528   338   306   596   340   199   613   359    98   446    73   287   274   163   176   104   100   715   282   165   407   126   239   130    53   358    34  1100   323     0   360   348   236   474     0 
  637   376   185   274   376   468   256   164   256   489   411   405   516   323   196   113   215   265   271   412   576   300   244   272   433   126   468   308    16   339   890    78   360     0   362   295   510     0 
  276   338   529   302    24   632   453   479   444   274    52   293   154   385   167   262   363   431   269   300   374    78   214   590   297   341   470   315   375   362   770   284   348   362     0   118   154     0 
  357   229   441   333   115   515   451   384   330   378   145   198   251   268   110   182   250   315   151   205   479    46    98   490   211   242   362   199   304   247   868   220   236   295   118     0   263     0 
  156   458   682   389   149   771   558   633   593   241   119   399    49   522   319   415   513   578   410   404   320   230   361   744   393   495   584   451   524   494   715   432   474   510   154   263     0     0 
    0     0     0     0     0     0     0     0     0     0     0     0     0     0     0     0     0     0     0     0     0     0     0     0     0     0     0     0     0     0     0     0     0     0     0     0     0     0 
