DIMENSION: 27
N: 15
M: 5
K: 2

SERVICE: 
318 395 85 77 343 324 256 452 281 175 189 141 456 68 131 

DIST MATRIX: 
    0   749   926   534   432  1059   702   888   872   282   406   688   324   810   575   475   758    81   363   463  1014   659    22   615   224   545    89     0 
  449     0   407   142   203   615   273   375   402   272   232   382   323   397   106    50   411   512   501   218   523   461   498   554   311   191   488     0 
  732   415     0   364   473   427   305    94   240   590   507   458   614   341   293   373   429   835   780   471   268   585   825   740   633   382   811     0 
  467   495   479     0   256   716   248   457   500   198   276   476   344   500   208    66   510   478   403   116   615   544   449   455   288   280   455     0 
  564   137   296   456     0   290   500   228   109   585   371   191   472    71   232   379   150   736   832   549   259   322   752   877   550   228   713     0 
  508    46   469   578   358     0   654   400   253   643   375    85   451   125   335   474    30   721   906   655   383   180   754   993   563   268   699     0 
  913   864   592   379   705   958     0   625   758   561   728   872   793   825   594   507   880   864   542   384   796   968   809   337   712   698   847     0 
  993   782   395   470   744   772   297     0   611   717   775   815   867   713   580   568   797  1016   789   538   594   934   979   627   830   690   995     0 
  621   164   506   690   485   254   749   441     0   769   501   210   574   179   449   593   150   842  1031   773   370   269   878  1109   689   392   821     0 
  315   431   549   229   125   706   396   509   505     0   134   392   191   465   198   115   444   364   438   238   641   430   356   562   162   202   340     0 
  123   381   719   537   216   709   691   658   573   431     0   309   143   469   382   411   384   361   680   550   723   238   416   857   279   282   344     0 
  303   201   522   433   142   523   558   459   372   434   152     0   227   276   218   309   209   498   700   484   522   170   529   820   338   108   476     0 
  549   133   303   445   326   306   493   235   124   569   355   182     0    80   217   365   147   720   818   536   275   313   736   866   534   211   696     0 
  616   162   278   496   397   238   525   209    63   636   426   228   526     0   280   426   172   790   880   592   210   356   806   916   604   282   767     0 
  439   418   434   128   202   644   275   403   430   244   228   401   313   424     0    21   433   490   473   194   552   474   474   531   290   206   466     0 
  427   431   455   128   198   663   284   424   450   223   222   410   302   440   148     0   446   471   454   181   573   479   453   520   272   214   447     0 
  500    16   445   548   337   325   624   376   234   619   356    75   436   106   306   446     0   707   881   627   369   189   738   964   544   243   685     0 
  244   699   912   547   394  1017   719   868   839   306   365   635   271   767   552   471   707     0   432   489   984   596    78   676   201   509    24     0 
  606   867   865   416   557  1117   526   852   902   265   553   830   538   891   601   454   881   432     0   308  1016   857   356   262   401   639   426     0 
  532   611   557   108   357   823   245   545   606   183   371   592   418   614   324   181   627   489   308     0   711   654   444   339   328   395   470     0 
  823   364   206   605   591   179   572   176   150   794   622   434   727   264   443   573   369   984  1016   711     0   558   992  1003   790   477   960     0 
  361   195   615   602   305   502   718   547   419   592   304   130   341   294   375   479   189   596   857   654   558     0   643   989   473   271   577     0 
  306   729   904   513   411  1038   682   866   850   262   386   669   305   789   553   453   738    78   356   444   992   643     0   605   203   524    80     0 
  810   949   819   421   686  1136   439   827   920   428   694   930   715   945   659   520   964   676   262   339  1003   989   605     0   593   733   666     0 
  217   534   710   362   210   837   536   668   648   166   188   479   138   589   353   272   544   201   401   328   790   473   203   593     0   323   178     0 
  357   229   441   333   115   515   451   384   330   378   145   198   251   268   110   214   243   509   639   395   477   271   524   733   323     0   485     0 
  230   677   888   525   371   994   698   844   815   287   341   614   249   744   528   447   685    24   426   470   960   577    80   666   178   485     0     0 
    0     0     0     0     0     0     0     0     0     0     0     0     0     0     0     0     0     0     0     0     0     0     0     0     0     0     0     0 
