DIMENSION: 27
N: 15
M: 5
K: 2

SERVICE: 
318 231 131 268 316 143 335 279 175 130 185 104 300 207 356 

DIST MATRIX: 
    0   107   344   338   247   223   118   192   544   698   234   471   188   449   313   390   563   846   346   514   230   587   517   148   408   474   450     0 
  366     0   444   446   351   310   229   325   665   718   307   604   308   592   422   525   688   978   407   580   360   697   591   225   551   394   349     0 
  486   245     0   418    42    72   271   254   335   864   105   283   287   350   396   211   359   802   495   324    62   372   634   326   307   690   664     0 
  462   406   507     0   484   525   415   312   471   703   558   358   338   138   276   333   453   353   423   699   391   565   411   445   165   814   836     0 
  490   340   326   322     0   364   358   260   301   806   396   186   302    58   315   148   292   516   469   514   231   392   524   407    20   807   810     0 
  571   337    60   475    90     0   363   324   230   942   167   195   363   324   456   141   256   782   574   263   108   266   694   420   286   795   770     0 
  332   353   653   491   557   522     0   437   862   592   521   787   402   729   474   705   881  1048   384   796   548   902   556   293   693   181   134     0 
  516   354   301   353   300   350   373     0   267   838   382   152   322    81   345   117   258   538   496   485   221   358   557   424    53   826   826     0 
  851   620   252   737   349   383   646   600     0  1217   388   278   642   497   722   314   206   910   851   184   390    86   956   702   477  1069  1038     0 
  421   659  1034   563   944   935   634   672  1162     0   951  1054   630   885   571   983  1164   951   424  1225   883  1236   395   581   873   416   500     0 
  723   486   216   686   235   211   508   520   419  1105     0   443   545   594   664   408   455  1052   743   164   329   388   897   553   555   838   788     0 
  718   504   203   584   281   331   529   464    38  1069   350     0   509   324   571   153    70   741   710   287   279   106   799   586   305   976   956     0 
  365   379   577   179   532   564   379   291   582   572   596   467     0   251   197   426   569   378   320   779   438   674   281   393   263   724   756     0 
  316   176   358   175   299   325   189    85   439   657   356   330   124     0   159   259   440   585   301   564   207   516   395   231   175   629   636     0 
  435   562   820   332   768   793   553   493   828   442   823   714   483   495     0   674   813   385   384  1024   675   921   221   544   511   761   816     0 
  569   367   193   431   217   271   390   316   179   916   300    81   361   198   418     0   185   650   559   368   166   259   646   447   168   845   833     0 
  753   550   272   606   346   398   574   501    38  1092   418   110   546   318   595   185     0   705   741   347   333   122   815   631   309  1026  1011     0 
  733   747   839   557   830   874   751   655   735   827   907   644   672   458   575   650   705     0   683  1013   740   827   577   770   498  1089  1128     0 
   52   258   620   157   536   538   236   250   738   369   559   631   210   477   155   559   741   683     0   819   466   812   184   198   459   406   447     0 
  809   567   206   734   283   291   592   576   310  1188   281   372   611   566   714   368   347  1013   819     0   361   252   953   644   534   971   928     0 
  463   231   156   374    95   135   257   217   315   835   167   244   256   288   354   166   333   740   466   361     0   366   592   314   245   697   678     0 
  818   596   254   689   347   389   621   564    95  1173   401   207   607   427   675   259   122   827   812   252   366     0   904   679   411  1060  1035     0 
  231   418   748   220   675   687   401   379   820   291   712   706   352   511   239   646   815   577   184   953   592   904     0   374   508   540   597     0 
  171    83   457   223   364   355    57   147   619   552   372   527   109   438   200   447   631   770   198   644   314   679   374     0   405   402   404     0 
  482   341   345   310   332   379   359   258   320   792   412   204   299    43   304   168   309   498   459   534   245   411   508   405     0   804   809     0 
  358   479   817   549   720   690   456   547  1011   485   693   926   505   834   538   845  1026  1089   406   971   697  1060   540   402   804     0    84     0 
  396   473   787   578   690   655   453   551   993   565   655   915   512   842   564   833  1011  1128   447   928   678  1035   597   404   809    84     0     0 
    0     0     0     0     0     0     0     0     0     0     0     0     0     0     0     0     0     0     0     0     0     0     0     0     0     0     0     0 
