DIMENSION: 37
N: 15
M: 10
K: 2

SERVICE: 
318 395 85 77 343 324 256 452 281 175 189 141 456 68 131 

DIST MATRIX: 
    0   749   926   534   432  1059   702   888   872   282   406   688   324   810   575   363   225   367   410   355  1000   339   609   377   305   393   579   481   775   687  1137   345   389   297   560   545   733     0 
  449     0   407   142   203   615   273   375   402   272   232   382   323   397   106   447   296   160   135   197   482   182   559   475   219   173   159    78   504   426   697   181   565   552   606   191   346     0 
  732   415     0   364   473   427   305    94   240   590   507   458   614   341   293   724   622   482   446   509   160   508   749   748   544   479   324   374   551   517   515   504   841   850   828   382   372     0 
  467   495   479     0   256   716   248   457   500   198   276   476   344   500   208   348   250   159   164   210   555   142   459   375   168    85   258   150   598   516   690   171   467   461   504   280   304     0 
  564   137   296   456     0   290   500   228   109   585   371   191   472    71   232   779   573   425   377   421   338   478   884   807   515   503   201   320   272   249   794   445   896   874   938   228   581     0 
  508    46   469   578   358     0   654   400   253   643   375    85   451   125   335   857   606   474   429   451   501   536   998   886   568   587   280   396    96   110   970   490   968   930  1038   268   735     0 
  913   864   592   379   705   958     0   625   758   561   728   872   793   825   594   505   650   609   616   661   644   575   350   510   584   481   654   585   991   924   371   617   578   644   457   698   175     0 
  993   782   395   470   744   772   297     0   611   717   775   815   867   713   580   741   788   692   677   737   419   684   640   754   708   609   633   620   918   873   154   708   836   885   744   690   274     0 
  621   164   506   690   485   254   749   441     0   769   501   210   574   179   449   981   732   600   554   578   521   661  1114  1010   694   710   399   518   144   215  1026   617  1094  1056  1159   392   830     0 
  315   431   549   229   125   706   396   509   505     0   134   392   191   465   198   391   160    11    40    58   622    68   564   420   101   142   215   103   507   419   834    33   500   465   585   202   456     0 
  123   381   719   537   216   709   691   658   573   431     0   309   143   469   382   646   350   310   299   258   779   359   857   673   368   451   340   341   363   285  1112   308   732   664   857   282   760     0 
  303   201   522   433   142   523   558   459   372   434   152     0   227   276   218   654   386   268   229   235   579   331   823   683   359   400   162   225   245   155   949   280   760   714   849   108   635     0 
  549   133   303   445   326   306   493   235   124   569   355   182     0    80   217   765   557   409   361   405   347   462   872   793   499   489   185   304   269   241   796   429   882   859   926   211   574     0 
  616   162   278   496   397   238   525   209    63   636   426   228   526     0   280   827   626   478   430   475   308   530   923   854   567   551   254   371   288   282   791   498   944   925   981   282   604     0 
  439   418   434   128   202   644   275   403   430   244   228   401   313   424     0   419   271   141   123   183   509   156   537   446   192   145   181    81   522   442   706   160   537   523   581   206   344     0 
  580   818   809   360   512  1062   473   796   848   222   510   783   503   839   548     0   296   386   429   422   883   324   246    29   296   276   587   466   898   809   856   374   119   144   214   589   468     0 
  291   573   703   319   247   863   491   667   664    94   234   524   207   619   359   296     0   150   197   155   777   115   517   323    82   180   373   263   630   539   932   128   386   330   509   351   533     0 
  308   438   560   236   127   715   404   520   515   169   133   397   185   474   209   386   150     0    48    52   633    63   563   415    94   143   224   114   512   423   843    22   495   457   582   210   463     0 
  316   391   522   237    95   667   397   479   468   215   112   354   190   426   165   429   197    48     0    64   594   107   595   458   141   172   176    73   470   382   829    69   539   504   620   163   462     0 
  258   418   584   287    94   710   452   539   518   200    89   371   134   464   223   422   155    52    64     0   655   105   609   450   126   193   224   135   481   390   889    51   525   480   623   196   514     0 
  861   470    75   524   607   357   447   121   249   749   642   529   750   376   433   883   777   633   594   655     0   664   896   907   700   639   451   522   596   586   532   655  1000  1010   980   504   504     0 
  339   498   589   216   190   768   389   555   563   108   192   460   223   530   254   324   115    63   107   105   664     0   504   352    38    95   278   160   575   485   831    54   433   398   520   269   440     0 
  808   954   829   428   689  1145   449   837   928   428   696   935   715   952   665   246   517   563   595   609   896   504     0   233   489   423   717   606  1056   972   721   558   261   349   107   738   403     0 
  605   846   833   385   541  1090   491   822   875   250   538   812   530   867   576    29   323   415   458   450   907   352   233     0   325   304   615   494   927   838   866   403    94   135   191   618   482     0 
  335   532   626   238   216   805   411   592   601    75   214   491   228   566   292   296    82    94   141   126   700    38   489   325     0   104   315   197   604   514   853    78   402   363   498   304   457     0 
  433   546   564   141   266   788   311   540   575   115   276   518   318   563   272   276   180   143   172   193   639    95   423   304   104     0   312   192   637   551   752   144   393   380   452   321   354     0 
  411   237   385   300   158   491   402   330   293   385   192   223   300   253    60   587   373   224   176   224   451   278   717   615   315   312     0   122   345   271   787   245   702   675   760    59   481     0 
  376   354   449   209   125   609   351   407   404   265   155   329   252   375    95   466   263   114    73   135   522   160   606   494   197   192   122     0   450   367   773   136   581   555   643   131   422     0 
  486   136   565   645   387   388   735   496   348   679   396   122   453   221   404   898   630   512   470   481   596   575  1056   927   604   637   345   450     0    91  1064   525  1005   959  1089   318   816     0 
  406   120   544   568   297   434   670   476   345   589   305    59   364   220   331   809   539   423   382   390   586   485   972   838   514   551   271   367    91     0  1024   435   915   868  1002   236   750     0 
 1146   928   523   615   897   889   442   586   746   856   928   965  1020   855   735   856   932   843   829   889   532   831   721   866   853   752   787   773  1064  1024     0   858   942  1000   828   844   404     0 
  297   455   582   248   138   736   418   542   536   154   139   412   176   493   231   374   128    22    69    51   655    54   558   403    78   144   245   136   525   435   858     0   480   440   573   228   475     0 
  652   930   926   478   618  1181   581   915   966   326   612   892   591   955   665   119   386   495   539   525  1000   433   261    94   402   393   702   581  1005   915   942   480     0    96   181   701   567     0 
  576   895   935   487   573  1163   613   917   953   290   563   850   528   928   645   144   330   457   504   480  1010   398   349   135   363   380   675   555   959   868  1000   440    96     0   277   667   611     0 
  794   996   910   487   709  1209   536   913   992   428   711   970   714  1003   712   214   509   582   620   623   980   520   107   191   498   452   760   643  1089  1002   828   573   181   277     0   772   498     0 
  357   229   441   333   115   515   451   384   330   378   145   198   251   268   110   589   351   210   163   196   504   269   738   618   304   321    59   131   318   236   844   228   701   667   772     0   528     0 
  771   689   443   227   545   795    81   466   589   454   571   698   647   651   421   468   533   463   462   514   504   440   403   482   457   354   481   422   816   750   404   475   567   611   498   528     0     0 
    0     0     0     0     0     0     0     0     0     0     0     0     0     0     0     0     0     0     0     0     0     0     0     0     0     0     0     0     0     0     0     0     0     0     0     0     0     0 
