DIMENSION: 27
N: 15
M: 5
K: 2

SERVICE: 
318 231 131 268 316 143 335 279 175 130 185 104 300 207 356 

DIST MATRIX: 
    0   107   344   338   247   223   118   192   544   698   234   471   188   449   313   756   362   634    81   290   521   510   597    56   276   474   180     0 
  366     0   444   446   351   310   229   325   665   718   307   604   308   592   422   755   470   777   167   420   464   583   740   103   402   394   298     0 
  486   245     0   418    42    72   271   254   335   864   105   283   287   350   396   937   146   517   280   321   734   314   501   270   326   690    36     0 
  462   406   507     0   484   525   415   312   471   703   558   358   338   138   276   811   482   212   477   223   798   675   147   534   248   814   450     0 
  490   340   326   322     0   364   358   260   301   806   396   186   302    58   315   904   299   234   411   221   815   490   210   450   247   807   299     0 
  571   337    60   475    90     0   363   324   230   942   167   195   363   324   456  1021    48   467   381   368   835   245   464   376   380   795   141     0 
  332   353   653   491   557   522     0   437   862   592   521   787   402   729   474   601   676   911   282   514   265   799   862   263   488   181   496     0 
  516   354   301   353   300   350   373     0   267   838   382   152   322    81   345   935   272   238   424   249   837   460   223   458   274   826   291     0 
  851   620   252   737   349   383   646   600     0  1217   388   278   642   497   722  1300   237   556   661   627  1115   157   587   649   644  1069   417     0 
  421   659  1034   563   944   935   634   672  1162     0   951  1054   630   885   571    49  1039  1013   639   668   314  1217   947   682   644   416   871     0 
  723   486   216   686   235   211   508   520   419  1105     0   443   545   594   664  1165   250   733   490   593   906   183   734   446   597   838   292     0 
  718   504   203   584   281   331   529   464    38  1069   350     0   509   324   571  1159   168   391   557   474  1009   257   416   562   494   976   330     0 
  365   379   577   179   532   564   379   291   582   572   596   467     0   251   197   681   558   340   441   194   696   757   274   506   208   724   483     0 
  316   176   358   175   299   325   189    85   439   657   356   330   124     0   159   747   348   388   248    66   636   547   343   300    82   629   244     0 
  435   562   820   332   768   793   553   493   828   442   823   714   483   495     0   557   804   538   607   409   702  1004   473   676   410   761   711     0 
  451   692  1065   582   977   970   667   700  1186   115   987  1076   658   901   591     0  1069  1021   675   689   363  1250   955   721   666   466   904     0 
  618   384    38   521   119   165   409   372   206   990   182   196   411   353   503  1069     0   483   424   414   879   200   487   416   426   836   182     0 
  664   562   518   473   534   586   577   473   382   912   617   300   510   185   477  1021   483     0   634   404  1000   643    67   680   432  1007   529     0 
  238    73   411   280   315   298    63   165   592   616   313   509   142   450   256   675   424   634     0   257   455   584   591    69   236   419   244     0 
  271   189   423   111   361   384   194    98   498   596   414   387   116   234    98   689   414   404   257     0   601   612   350   318    28   604   302     0 
  337   505   864   530   767   743   480   560  1042   388   750   950   515   835   524   363   879  1000   455   601     0  1029   941   471   573   103   698     0 
  799   558   190   718   273   287   583   563   279  1177   280   344   599   541   699  1250   200   643   584   612  1029     0   660   558   624   972   346     0 
  605   518   519   412   523   572   531   427   413   845   604   317   460   153   418   955   487    67   591   350   941   660     0   640   378   952   509     0 
  297   129   397   349   300   272   128   222   599   669   280   526   206   494   325   721   416   680    69   318   471   558   640     0   300   420   235     0 
  243   171   434    95   366   386   173    86   520   575   415   410    94   262    77   666   426   432   236    28   573   624   378   300     0   576   304     0 
  358   479   817   549   720   690   456   547  1011   485   693   926   505   834   538   466   836  1007   419   604   103   972   952   420   576     0   654     0 
  453   212   167   395    73    82   237   229   368   833   113   309   258   356   372   904   182   529   244   302   698   346   509   235   304   654     0     0 
    0     0     0     0     0     0     0     0     0     0     0     0     0     0     0     0     0     0     0     0     0     0     0     0     0     0     0     0 
