DIMENSION: 27
N: 15
M: 5
K: 2

SERVICE: 
318 395 85 77 343 324 256 452 281 175 189 141 456 68 131 

DIST MATRIX: 
    0   749   926   534   432  1059   702   888   872   282   406   688   324   810   575   145   806   824   776   601   357   889   916   523   737   545   962     0 
  449     0   407   142   203   615   273   375   402   272   232   382   323   397   106   386   384   430   506   105   610   483   524   396   489   191   442     0 
  732   415     0   364   473   427   305    94   240   590   507   458   614   341   293   710   322   382   569   263   899   392   435   605   563   382   116     0 
  467   495   479     0   256   716   248   457   500   198   276   476   344   500   208   351   487   533   436   134   515   586   627   296   580   280   509     0 
  564   137   296   456     0   290   500   228   109   585   371   191   472    71   232   629    53   112   775   360   936   151   195   723   287   228   339     0 
  508    46   469   578   358     0   654   400   253   643   375    85   451   125   335   635   142    96   923   496   996   148   154   834   119   268   510     0 
  913   864   592   379   705   958     0   625   758   561   728   872   793   825   594   752   807   867    72   423   654   897   942   317   985   698   588     0 
  993   782   395   470   744   772   297     0   611   717   775   815   867   713   580   891   694   755   371   439   909   764   807   562   925   690   372     0 
  621   164   506   690   485   254   749   441     0   769   501   210   574   179   449   760   198   138  1023   601  1123   128    95   951   187   392   543     0 
  315   431   549   229   125   706   396   509   505     0   134   392   191   465   198   239   457   489   583   248   530   551   586   407   481   202   587     0 
  123   381   719   537   216   709   691   658   573   431     0   309   143   469   382   319   474   466   897   523   734   530   543   710   321   282   763     0 
  303   201   522   433   142   523   558   459   372   434   152     0   227   276   218   409   278   281   800   385   782   347   369   663   217   108   566     0 
  549   133   303   445   326   306   493   235   124   569   355   182     0    80   217   612    64   119   767   349   921   163   206   710   282   211   347     0 
  616   162   278   496   397   238   525   209    63   636   426   228   526     0   280   683    51   106   801   395   986   120   166   763   311   282   318     0 
  439   418   434   128   202   644   275   403   430   244   228   401   313   424     0   363   411   456   496   117   581   510   550   373   506   206   468     0 
  229   608   788   422   288   915   594   747   727   191   263   550   192   666   432     0   662   681   712   474   417   746   774   475   606   401   825     0 
  581   112   327   509   375   252   553   259   113   629   401   180   498    19   280   662     0    61   828   413   982    99   141   775   260   262   369     0 
  579    85   384   560   395   243   612   316   161   663   418   159   507    42   325   681    61     0   886   467  1018    66    96   824   215   288   424     0 
  885   877   636   368   692   993   276   663   788   521   712   879   769   846   597   712   828   886     0   428   587   921   966   258   990   697   636     0 
  554   450   348   107   307   618   174   332   401   332   337   451   428   429   171   474   413   467   428     0   638   510   554   370   563   277   376     0 
  644   960   984   535   640  1224   649   969  1012   354   631   917   597   992   706   417   982  1018   587   638     0  1078  1114   348   995   732  1009     0 
  644   149   379   607   460   179   645   314   154   724   483   221   573    86   378   746    99    66   921   510  1078     0    45   873   260   351   415     0 
  661   168   419   650   490   173   690   355   196   760   511   236   597   127   419   774   141    96   966   554  1114    45     0   916   255   384   454     0 
  673   791   687   267   531   988   319   689   771   292   541   772   571   789   502   475   775   824   258   370   348   873   916     0   874   575   704     0 
  444   150   583   631   359   428   730   514   372   651   365   113   415   244   393   606   260   215   990   563   995   260   255   874     0   300   625     0 
  357   229   441   333   115   515   451   384   330   378   145   198   251   268   110   401   262   288   697   277   732   351   384   575   300     0   484     0 
  839   475    44   474   581   400   391   112   264   706   616   529   724   386   403   825   369   424   636   376  1009   415   454   704   625   484     0     0 
    0     0     0     0     0     0     0     0     0     0     0     0     0     0     0     0     0     0     0     0     0     0     0     0     0     0     0     0 
