DIMENSION: 27
N: 15
M: 5
K: 2

SERVICE: 
371 389 429 179 213 749 115 62 245 409 304 235 329 86 426 

DIST MATRIX: 
    0   423   438   306    43   187    75   148   395   462   225   468   381   475   125   255   544   216   388   307   781   480   211   574    21   113   193     0 
  443     0   537   855   798   721   744   796   570   545   659   522   547   574   821   563   753  1022   822   555   531   899   989   677   831   754  1000     0 
  432   399     0   763   769   663   719   813   645   640   600   406   616   674   771   568   862   986   711   498   701   982   940   523   813   760   966     0 
  552   611   361     0   441   331   451   625   774   832   352   375   745   858   359   558   985   496   105   407  1117   957   418   273   494   573   494     0 
  357   420   263    96     0    91   214   390   541   601   127   291   514   626   144   329   746   346   137   216   900   720   279   334   272   336   334     0 
  460   397   646   912   782     0   727   722   442   394   693   642   434   412   829   532   562   999   907   604   284   733   985   826   798   696   975     0 
  188   246   275   309   168   130     0   246   324   384   101   303   296   409   198   113   538   391   346   128   686   541   361   449   209   184   370     0 
  377   421   489   392   127   259   129     0   337   403   283   518   329   412   211   245   463   262   471   346   722   393   278   642    82    55   238     0 
  491   453   734   874   653   695   610   513     0   183   663   746   270   160   728   456   196   826   910   619   178   383   841   939   639   521   802     0 
  730   696   972  1078   834   903   800   667   459     0   879   986   491   378   916   676   264   971  1126   849   303   410  1002  1177   807   693   949     0 
  415   461   514   388   129   271   148    89   377   443     0   543   370   450   207   286   491   224   472   375   761   407   247   658    71    97   201     0 
  347   408   209   126   272   134   264   442   562   619   140     0   532   646   210   345   779   413   110   200   906   766   345   267   332   384   401     0 
  298   351   378   304    66   150    21   158   348   414   171   408     0   431   138   186   523   285   372   240   731   485   269   530    92   101   262     0 
  279   249   522   668   469   490   420   369    79    51   452   536    78     0   536   247   275   667   699   405   329   400   669   727   469   355   643     0 
  258   291    52   383   452   317   415   563   545   580   264    24   509   614     0   356   787   645   329   190   801   835   587   202   508   502   629     0 
  137   175   325   421   250   243   196   244   217   274   206   347   187   301   301     0   446   471   454   181   573   479   453   520   272   194   447     0 
  531   515   764   825   574   655   544   403   243   224   639   783   278   190   658   446     0   707   881   627   369   189   738   964   544   432   685     0 
  579   635   593   332   224   330   279   313   599   665   389   623   589   673   219   471   707     0   432   489   984   596    78   676   201   312    24     0 
  455   515   286   100   345   227   351   526   670   728   248   306   640   754   267   454   881   432     0   308  1016   857   356   262   401   472   426     0 
  147   208   149   310   276   168   232   374   392   441   104   176   359   471   274   181   627   489   308     0   711   654   444   339   328   312   470     0 
  569   517   802   993   796   816   748   675   387   320   774   808   402   311   865   573   369   984  1016   711     0   558   992  1003   790   674   960     0 
  596   600   802   784   519   633   506   333   337   354   636   826   366   327   604   479   189   596   857   654   558     0   643   989   473   385   577     0 
  548   607   535   256   203   278   258   336   606   673   340   564   592   685   170   453   738    78   356   444   992   643     0   605   203   320    80     0 
  448   489   205   354   532   387   513   685   726   768   360   195   692   801   476   520   964   676   262   339  1003   989   605     0   593   623   666     0 
  390   442   458   316    60   206    95   144   404   471   245   489   391   482   135   272   544   201   401   328   790   473   203   593     0   118   178     0 
  328   369   458   402   142   250   122    62   287   354   263   487   277   365   227   194   432   312   472   312   674   385   320   623   118     0   288     0 
  557   612   577   326   202   312   256   290   575   641   371   607   565   650   203   447   685    24   426   470   960   577    80   666   178   288     0     0 
    0     0     0     0     0     0     0     0     0     0     0     0     0     0     0     0     0     0     0     0     0     0     0     0     0     0     0     0 
