DIMENSION: 47
N: 15
M: 15
K: 2

SERVICE: 
99 251 65 260 150 184 221 136 204 170 220 144 383 196 317 

DIST MATRIX: 
    0   591   820   359   624   537   600   388   678   584   624  1207   428   390   699   786   544   195   719   263   266   569   558   328  1166   252   381   591   566   698   487   548   305   697   513   254   764   485   215  1201   128   303   771   551  1015   178   940     0 
  286     0   465     1   305   272   262    86   331   229   318   887   110   291   420   478   256   163   370   129   176   282   226   281   842   208   201   268   246   352   270   404   105   356   188   106   586   175   375   898   358   247   415   196   657   242   731     0 
  786   321     0   501   311   433   287   482   207   276   335   499   444   665   381   302   398   665   167   607   630   390   328   699   447   659   583   319   374   192   505   610   567   260   397   607   630   432   848   553   840   682   128   309   165   732   653     0 
  522    28   285     0   296   365   229   286   227   143   326   765   264   372   432   426   328   415   241   387   428   340   235   407   714   461   291   268    85   241   412   553   356    97   106   355   670   140   563   801   618   392   176   152   424   458   765     0 
  674   465   325   432     0   173   217   354   232   304   124   509   322   712    13   111   176   549   247   455   442   150   228   711   476   457   617   185   513   230   225   255   418   500   487   513   244   507   796   494   634   678   426   308   535   658   321     0 
  323   319   461   109   253     0   233    35   313   238   256   839    65   395   344   420   180   195   355   108   121   206   190   377   797   151   308   221   330   333   166   296    66   417   275   160   485   270   442   839   331   341   446   205   672   303   636     0 
  328   298   447    94   246   187     0    14   300   220   251   833    49   384   344   415   179   199   342   118   138   205   178   369   791   169   294   212   309   320   177   311    76   396   254   159   494   251   441   835   347   333   427   187   655   303   643     0 
  201   331   551    88   376   319   341     0   413   315   384   962   173   280   478   547   313    76   454    74   129   339   301   251   919   156   207   340   318   434   298   414    84   437   260    25   614   239   307   967   277   213   502   282   745   169   770     0 
  590   407   329   349    98    89   161   270     0   247    67   586   239   633    75   169    92   464   232   371   360    67   159   629   549   376   538   121   451   210   149   218   333   457   419   428   281   436   711   576   556   596   404   244   551   573   391     0 
  575    73   258   313   316   397   251   336   231     0   347   741   311   413   446   427   359   469   235   440   480   368   265   452   690   513   337   293   120   240   450   588   408    48   155   409   692   188   612   783   672   440   132   187   377   510   775     0 
  368   251   395    99   209   177   174    42   250   166     0   795    16   384   322   381   159   240   292   168   192   184   134   379   751   223   291   173   268   271   190   331   127   346   217   191   498   220   470   802   400   345   373   133   602   334   636     0 
 1114   802   511   856   550   614   601   787   557   668   539     0   751  1113   451   378   612   987   535   896   885   586   632  1125   164   899  1019   588   859   540   666   653   857   783   855   947   490   884  1229    65  1073  1096   659   689   577  1092   351     0 
  186   594   780   346   561   459   551   345   632   553   556  1131     0   465   617   712   474   203   674   222   199   496   508   409  1094   173   431   534   581   652   399   438   260   700   524   258   653   502   331  1117    13   376   754   520   989   253   831     0 
  180   512   803   366   672   626   626   440   686   576   684  1250   473     0   783   844   618   261   722   357   396   643   591   138  1204   404   248   634   468   707   602   705   386   606   431   282   914   397    45  1264   370   145   713   548   961   145  1076     0 
  397   213   358   115   194   189   147    84   218   125   210   772    54   383     0   365   162   270   258   206   234   185   112   384   728   265   287   155   235   239   215   358   167   304   187   217   512   195   489   784   440   353   330    92   561   357   641     0 
  742   451   240   478   172   254   225   411   199   300   164   420   374   739   110     0   242   614   194   526   522   218   254   748   382   541   644   210   504   187   318   366   486   462   490   571   332   516   851   421   723   718   365   316   435   715   358     0 
  503   341   339   257    92    39   119   178   192   189    81   662   147   542   165   242     0   376   231   285   281    26    94   537   623   302   447    81   378   206   107   231   245   406   340   337   353   354   620   659   486   504   379   176   562   482   479     0 
  129   401   627   164   445   377   414   204   488   391   450  1032   243   285   539   614   376     0   529    97   136   401   373   241   989   149   233   410   382   509   344   444   131   507   326    60   653   301   252  1034   216   203   577   358   820   116   817     0 
  655   268   109   369   144   266   124   332    42   146   170   535   293   588   236   194   231   529     0   459   475   222   167   608   487   503   496   152   324    25   338   446   418   268   322   475   491   353   737   563   686   584   179   175   332   611   549     0 
  219   379   563   130   361   283   338   127   417   332   363   946   166   353   446   526   285    97   459     0    55   310   296   319   905    83   281   328   374   438   247   351    42   484   316    90   557   300   349   944   235   281   532   299   768   213   720     0 
  242   422   582   177   364   271   352   150   433   358   361   942   186   406   434   522   281   136   475    55     0   304   309   370   903    33   336   336   422   453   223   310    72   525   364   143   522   350   383   935   211   331   564   325   793   251   690     0 
  528   355   329   282    79    44   121   204   186   198    62   638   172   566   139   218    26   401   222   310   304     0   104   562   599   324   471    79   394   198   118   229   271   415   358   363   335   373   646   634   508   529   379   189   553   508   456     0 
  501   251   275   226    83   133    43   170   125    95   105   662   131   489   215   254    94   373   167   296   309   104     0   494   618   336   393    45   292   144   192   325   254   312   260   324   437   279   600   672   520   464   291    85   493   467   547     0 
  232   381   682   280   577   553   524   365   576   463   594  1142   391    64   699   748   537   241   608   319   370   562   494     0  1094   388   116   539   334   596   544   665   335   471   301   230   862   267   175  1162   419    38   582   439   828   157  1011     0 
 1118   742   432   842   545   635   580   785   519   631   543    52   747  1074   480   382   623   989   487   905   903   599   618  1094     0   923   982   579   799   498   698   718   864   703   806   942   592   838  1217   130  1105  1069   572   657   442  1084   485     0 
  241   455   610   209   388   288   379   182   461   389   383   961   216   427   449   541   302   149   503    83    33   324   336   388   923     0   362   360   454   480   234   307   105   558   396   167   521   382   388   951   185   350   596   356   823   260   693     0 
  283   266   567   200   477   468   419   287   465   353   496  1031   305    96   604   644   447   233   496   281   336   471   393   116   982   362     0   438   220   485   471   604   283   358   186   195   787   152   278  1054   443   104   467   330   714   205   926     0 
  539   286   261   268    38   118    42   206   112   126    61   622   167   534   172   210    81   410   152   328   336    79    45   539   579   360   438     0   331   127   188   308   287   338   302   363   402   322   642   630   545   509   300   124   483   507   505     0 
  475    57   369   245   363   412   295   296   306   209   391   849   284   293   500   504   378   382   324   374   422   394   292   334   799   454   220   331     0   321   449   592   350   138    58   324   729    81   497   885   594   324   251   207   495   405   834     0 
  636   266   134   352   120   241   101   311    21   133   147   546   272   578   219   187   206   509    25   438   453   198   144   596   498   480   485   127   321     0   313   422   396   276   315   456   474   345   722   571   664   571   197   159   356   593   538     0 
  463   421   445   271   196    73   225   184   299   284   178   733   174   561   218   318   107   344   338   247   223   118   192   544   698   234   471   188   449   313     0   143   216   499   402   321   318   408   596   719   409   507   483   263   669   459   474     0 
  548   563   547   405   303   192   349   320   413   419   276   745   315   689   256   366   231   444   446   351   310   229   325   665   718   307   604   308   592   422   143     0   330   636   545   436   216   551   693   713   444   627   608   402   769   561   394     0 
  257   350   522   106   320   245   297    86   376   293   322   905   125   362   408   486   245   131   418    42    72   271   254   335   864   105   283   287   350   396   216   330     0   453   292   107   531   280   382   905   273   297   496   259   729   244   690     0 
  609   107   274   355   360   445   297   382   269   217   391   755   359   426   488   462   406   507   268   484   525   415   312   471   703   558   358   338   138   276   499   636   453     0   185   448   736   216   636   801   713   462   132   235   361   541   814     0 
  423    83   383   187   337   372   272   241   298   190   363   855   233   270   474   490   340   326   322   316   364   358   260   301   806   396   186   302    58   315   402   545   292   185     0   267   692    34   457   885   537   286   282   179   530   356   807     0 
  180   341   571   106   400   344   363   160   435   334   408   986   197   263   502   571   337    60   475    90   143   363   324   230   942   167   195   363   324   456   321   436   107   448   267     0   638   244   282   992   271   192   517   302   761   145   795     0 
  762   687   566   587   377   323   442   500   474   527   346   606   483   878   255   332   353   653   491   557   522   335   437   862   592   521   787   402   729   474   318   216   531   736   692   638     0   706   905   554   659   825   670   523   767   770   181     0 
  394   116   417   174   359   383   294   238   326   216   383   887   236   237   494   516   354   301   353   300   350   373   279   267   838   382   152   322    81   345   408   551   280   216    34   244   706     0   423   915   515   252   316   202   564   325   826     0 
  153   539   823   375   679   625   637   443   701   592   689  1262   477   236   785   851   620   252   737   349   383   646   600   175  1217   388   278   642   497   722   596   693   382   636   457   282   905   423     0  1272   336   174   738   563   987   138  1069     0 
 1162   828   528   898   593   664   639   832   589   702   584    94   795  1148   502   421   659  1034   563   944   935   634   672  1162   130   951  1054   630   885   571   719   713   905   801   885   992   554   915  1272     0  1127  1134   674   724   567  1136   416     0 
  194   607   793   359   573   470   563   358   644   566   567  1141   396   475   627   723   486   216   686   235   211   508   520   419  1105   185   443   545   594   664   409   444   273   713   537   271   659   515   336  1127     0   387   768   533  1002   262   838     0 
  204   368   662   247   547   518   495   330   551   438   562  1116   357    89   667   718   504   203   584   281   331   529   464    38  1069   350   104   509   324   571   507   627   297   462   286   192   825   252   174  1134   387     0   568   412   816   127   976     0 
  691   201   148   414   308   417   260   414   200   210   338   624   381   545   415   365   379   577   179   532   564   379   291   582   572   596   467   300   251   197   483   608   496   132   282   517   670   316   738   674   768   568     0   241   249   630   724     0 
  482   166   269   196   158   213    93   175   139    33   185   704   141   425   295   316   176   358   175   299   325   189    85   439   657   356   330   124   207   159   263   402   259   235   179   302   523   202   563   724   533   412   241     0   469   436   629     0 
  937   448   224   656   474   597   453   644   372   436   497   492   607   787   529   435   562   820   332   768   793   553   493   828   442   823   714   483   495   356   669   769   729   361   530   761   767   564   987   567  1002   816   249   469     0   879   761     0 
   79   438   701   242   544   487   504   305   572   467   553  1129   341   216   647   715   482   116   611   213   251   508   467   157  1084   260   205   507   405   593   459   561   244   541   356   145   770   325   138  1136   262   127   630   436   879     0   933     0 
  931   786   594   731   471   459   539   646   545   625   444   486   622  1020   334   358   479   817   549   720   690   456   547  1011   485   693   926   505   834   538   474   394   690   814   807   795   181   826  1069   416   838   976   724   629   761   933     0     0 
    0     0     0     0     0     0     0     0     0     0     0     0     0     0     0     0     0     0     0     0     0     0     0     0     0     0     0     0     0     0     0     0     0     0     0     0     0     0     0     0     0     0     0     0     0     0     0     0 
