DIMENSION: 37
N: 15
M: 10
K: 2

SERVICE: 
278 62 567 203 365 122 430 140 299 30 314 161 210 118 343 

DIST MATRIX: 
    0   395   533   387   566   478   529   702   530   729    93   655   423   562   529   401   402   368   438   400   482   520   281   481   483   617   643   343   494   680   424   371   494   585   578   355   691     0 
  101     0   436    69   718   543   209   700   703   705   380   654   480   429   405   162   574   402   759   199   556   592   155   781   262   548   492   629   787   359   718   288   133   774   216   716   797     0 
  365   261     0   260   935   742   223   840   931   830   657   800   686   535   527   333   812   615  1031   337   757   788   391  1047   325   670   564   895  1050   195   984   484   153  1003    65   992   987     0 
  273   318   705     0   978   812   412   972   959   975   577   926   749   692   671   428   827   670   955   120   825   862   242   992    43   817   747   844  1002   193   931   561   280  1028   281   835  1066     0 
  476   397    59   510     0   168   376   260   378   267   422   214   143   111    91   288   304   138   624   632   184   203   540   600   702   124   177   479   591   758   545   158   473   446   542   762   391     0 
  533   462   110   572   310     0   443   199   328   213   444   152   123   160   149   353   274   156   602   691   136   146   595   570   764   103   206   461   560   825   520   216   540   393   609   764   325     0 
  424   396   204   487   300   127     0   334   293   359   287   287    63   251   222   305   183    22   483   590   138   176   480   467   669   257   324   336   462   771   409   154   494   366   575   614   379     0 
  771   670   287   790   437   340   601     0   478    94   706   163   374   295   316   560   489   419   810   919   344   322   836   762   983   178   252   684   746   999   724   456   723   517   772  1011   356     0 
  418   464   405   513   334   273   552   501     0   535   139   458   234   449   418   411   171   215   313   575   273   307   452   322   661   457   525   171   326   817   259   298   572   357   660   411   462     0 
  746   666   282   781   316   248   624    21   359     0   634    65   297   310   321   556   385   358   697   903   249   219   808   646   974   175   298   578   628  1018   610   428   735   395   795   914   235     0 
  118    86   369   151   632   460   219   625   618   633     0   578   396   369   342   115   489   318   686   266   472   509   184   703   338   480   439   551   708   443   640   210   193   689   281   667   714     0 
  772   725   375   828   173   222   715   153   222   197   592     0   286   418   416   620   296   363   569   937   212   173   829   508  1014   295   432   470   488  1094   483   472   809   240   880   816    68     0 
  546   451    64   568   394   213   403   215   416   209   507   177     0    91   100   340   365   221   692   696   227   232   611   662   762    49   116   549   651   797   610   232   514   478   574   843   389     0 
  403   322    89   434   415   217   311   335   420   341   382   289   171     0    85   213   326   128   629   557   232   259   468   614   627   191   198   481   608   686   556    87   401   491   472   737   457     0 
  789   696   309   814   399   324   636   104   442    62   702   139   366   325     0   586   466   419   781   941   326   299   853   730  1008   197   292   660   712  1034   694   471   755   477   808   994   308     0 
  231   110   277   229   603   414   142   546   598   547   379   502   356   267   244     0   480   283   724   361   428   461   297   730   422   389   331   580   730   475   667   153   191   670   271   747   664     0 
  554   560   363   635   164   157   611   364   134   404   309   328   161   415   391   480     0   205   330   718   147   167   598   297   802   372   476   195   288   932   246   334   664   202   748   530   292     0 
  409   376   191   469   321   143   408   341   315   363   289   293    79   236   206   283   205     0   502   573   155   192   466   487   652   252   310   353   482   750   428   131   473   388   553   624   396     0 
  698   770   683   802   396   486   865   677   347   721   383   648   483   733   705   724   330   502     0   836   476   490   714    77   920   701   800   148   101  1105    87   607   878   346   967   298   531     0 
  166   257   633   136   873   716   384   890   852   898   458   843   652   628   603   361   718   573   836     0   727   766   124   873    86   744   691   727   884   296   813   475   262   919   300   719   968     0 
  562   527   240   623   183    16   541   229   194   265   392   187    76   292   275   428   147   155   476   727     0    39   617   439   807   227   342   342   427   901   392   276   620   262   697   668   241     0 
  601   562   255   660   164    50   570   199   184   238   429   161   114   306   293   461   167   192   490   766    39     0   656   448   844   224   348   362   433   935   404   310   653   247   729   695   205     0 
   66   215   550   133   756   607   364   794   732   806   335   746   543   553   525   297   598   466   714   124   617   656     0   750   209   659   624   603   761   400   690   382   272   799   339   615   856     0 
  728   786   659   829   336   450   870   626   289   671   415   600   457   710   685   730   297   487    77   873   439   448   750     0   958   666   773   152    25  1133    63   602   894   278   982   374   466     0 
  248   313   698   193   956   795   421   962   935   967   544   915   731   689   666   422   802   652   920    86   807   844   209   958     0   811   747   812   969   236   898   548   290  1003   304   794  1048     0 
  594   499   112   617   381   216   449   171   407   161   541   138   226   135   147   389   372   252   701   744   227   224   659   666   811     0   136   562   654   844   618   278   562   466   620   868   360     0 
  557   435   120   557   510   328   350   299   532   277   580   272   317    81   114   331   476   310   800   691   342   348   624   773   747   136     0   655   764   748   720   273   476   594   521   932   496     0 
  577   634   537   677   304   350   721   557   256   599   269   523   340   586   558   580   195   353   148   727   342   362   603   152   812   562   655     0   159   982    89   459   742   284   831   347   446     0 
  736   790   651   836   316   439   870   609   270   654   426   584   449   702   678   730   288   482   101   884   427   433   761    25   969   654   764   159     0  1140    71   600   898   255   986   399   444     0 
  407   375   736   305  1071   887   398  1011  1059  1005   722   969   827   710   698   475   932   750  1105   296   901   935   400  1133   236   844   748   982  1140     0  1071   625   285  1131   227  1013  1139     0 
  666   723   605   766   310   402   807   590   262   634   355   561   403   655   629   667   246   428    87   813   392   404   690    63   898   618   720    89    71  1071     0   541   831   266   919   359   448     0 
  318   253   174   357   451   262   277   415   447   425   316   368   203   193   160   153   334   131   607   475   276   310   382   602   548   278   273   459   600   625   541     0   344   519   423   682   514     0 
  230   109   453   142   794   605   132   727   786   723   506   684   547   430   415   191   664   473   878   262   620   653   272   894   290   562   476   742   898   285   831   344     0   858    88   849   855     0 
  755   757   500   836    85   277   794   377    72   423   495   364   321   552   536   670   202   388   346   919   262   247   799   278  1003   466   594   284   255  1131   266   519   858     0   941   622   190     0 
  307   197   515   206   874   682   172   789   868   781   593   748   626   486   475   271   748   553   967   300   697   729   339   982   304   620   521   831   986   227   919   423    88   941     0   932   929     0 
  627   750   813   735   651   672   881   893   602   932   370   855   643   854   822   747   530   624   298   719   668   695   615   374   794   868   932   347   399  1013   359   682   849   622   932     0   793     0 
  802   766   432   865   142   254   767   222   190   265   598   228   318   477   473   664   292   396   531   968   241   205   856   466  1048   360   496   446   444  1139   448   514   855   190   929   793     0     0 
    0     0     0     0     0     0     0     0     0     0     0     0     0     0     0     0     0     0     0     0     0     0     0     0     0     0     0     0     0     0     0     0     0     0     0     0     0     0 
