30	5	60	30
0	  22.1339	   1.3557	3	931	931
1	  28.9961	  32.8292	3	863	863
2	  13.6771	  45.8053	3	815	815
3	  46.0392	   9.7427	3	958	958
4	  26.3511	  19.4833	3	1005	1005
5	  47.8907	   3.0610	3	771	771
6	  32.2529	  24.7992	3	929	929
7	  19.0860	  15.1120	3	889	889
8	  44.0528	  25.5249	3	875	875
9	  42.4209	  15.7665	3	760	760
10	  12.8361	  10.9644	3	794	794
11	   1.5505	   5.3182	3	832	832
12	  24.0630	   0.9832	3	980	980
13	   6.8348	  46.1969	3	921	921
14	   2.3388	  35.8309	3	1006	1006
15	  43.1801	  42.7032	3	634	634
16	  15.8875	  39.2194	3	585	585
17	   2.4459	  42.2385	3	984	984
18	   8.7027	   0.3366	3	891	891
19	  45.2995	  40.9556	3	812	812
20	  25.1358	  14.3855	3	650	650
21	   6.0676	  14.7418	3	886	886
22	  40.2667	  24.5144	3	981	981
23	  15.8868	   3.1028	3	916	916
24	  35.4788	  17.4374	3	919	919
25	   8.4210	   9.5419	3	784	784
26	  18.4205	  15.2558	3	925	925
27	   5.7388	  20.7593	3	598	598
28	   1.0867	  34.7649	3	774	774
29	  27.4681	   6.7289	3	750	750
30	  48.9675	  42.1890	3	1013	1013
31	  30.2506	  44.2670	3	1018	1018
32	  33.1446	   5.3864	3	925	925
33	   8.6525	  39.2122	3	660	660
34	  20.1282	  40.7460	3	936	936
35	  15.2604	   5.2193	3	762	762
36	  13.4977	   0.7393	3	871	871
37	  10.2812	  41.0772	3	697	697
38	  11.8366	  38.2613	3	611	611
39	   0.7848	   2.6780	3	706	706
40	  32.5282	  28.2529	3	897	897
41	   9.4070	  16.0145	3	846	846
42	  43.8040	  11.2939	3	850	850
43	  30.5602	  13.9322	3	710	710
44	   2.0400	  19.8927	3	599	599
45	  24.3271	  17.3004	3	817	817
46	  25.1120	  37.8248	3	656	656
47	  18.0396	  47.7687	3	624	624
48	   9.7435	  28.3208	3	633	633
49	  38.8459	  46.9181	3	988	988
50	  44.3407	   0.6825	3	876	876
51	  35.1794	  45.1255	3	595	595
52	  19.9629	  23.7834	3	834	834
53	  33.2735	  13.7668	3	689	689
54	  27.6990	  37.1173	3	951	951
55	  39.8508	  22.4573	3	585	585
56	   6.6071	  49.5943	3	913	913
57	  46.5124	  45.1188	3	836	836
58	  12.2634	  33.1213	3	975	975
59	  45.1682	  33.4054	3	1000	1000
60	  20.4281	   5.3515	-3	931	931
61	  33.4863	  29.9140	-3	863	863
62	  14.0257	  46.7267	-3	815	815
63	  47.1016	   9.9623	-3	958	958
64	  29.0261	  20.0821	-3	1005	1005
65	  46.1385	   2.1032	-3	771	771
66	  33.7246	  26.9171	-3	929	929
67	  20.8863	  16.8129	-3	889	889
68	  40.8156	  22.8068	-3	875	875
69	  38.5110	  13.9592	-3	760	760
70	   9.5787	  11.5341	-3	794	794
71	   3.7901	   5.6953	-3	832	832
72	  24.7643	   0.7657	-3	980	980
73	   4.0820	  44.7085	-3	921	921
74	   0.5539	  37.1723	-3	1006	1006
75	  40.8415	  44.2669	-3	634	634
76	  16.3779	  36.8690	-3	585	585
77	   1.8165	  36.9175	-3	984	984
78	  14.2173	   2.1564	-3	891	891
79	  46.3192	  44.7481	-3	812	812
80	  23.3785	  12.7675	-3	650	650
81	   7.5341	  14.3140	-3	886	886
82	  41.1951	  30.3091	-3	981	981
83	  22.1540	   6.5969	-3	916	916
84	  35.0773	  13.8337	-3	919	919
85	   8.1669	   8.3745	-3	784	784
86	  20.1944	  10.4394	-3	925	925
87	   9.0975	  20.9575	-3	598	598
88	   1.5619	  36.1687	-3	774	774
89	  28.2444	   7.9026	-3	750	750
90	  49.0151	  37.1860	-3	1013	1013
91	  26.2723	  42.3997	-3	1018	1018
92	  33.7264	   2.0261	-3	925	925
93	   8.2035	  38.4175	-3	660	660
94	  21.1419	  41.9255	-3	936	936
95	  17.9119	   1.0664	-3	762	762
96	  10.8424	   9.0256	-3	871	871
97	  12.7971	  39.5447	-3	697	697
98	  11.1819	  37.5615	-3	611	611
99	   7.7341	   0.3244	-3	706	706
100	  33.0329	  28.0376	-3	897	897
101	  11.2509	  21.3346	-3	846	846
102	  49.3993	  13.6228	-3	850	850
103	  30.5304	  15.7776	-3	710	710
104	   3.3605	  17.7076	-3	599	599
105	  23.0168	  12.2988	-3	817	817
106	  25.5637	  42.6856	-3	656	656
107	  20.1458	  48.0587	-3	624	624
108	  13.9828	  27.3120	-3	633	633
109	  38.3413	  40.3096	-3	988	988
110	  41.6696	   0.9810	-3	876	876
111	  31.3330	  44.7405	-3	595	595
112	  16.7851	  30.8746	-3	834	834
113	  28.3997	  11.2846	-3	689	689
114	  25.6646	  32.9369	-3	951	951
115	  36.9772	  27.0353	-3	585	585
116	   0.7781	  45.4530	-3	913	913
117	  47.7077	  48.3020	-3	836	836
118	  10.4991	  37.5143	-3	975	975
119	  45.5840	  36.9878	-3	1000	1000
120	  25.0468	  15.1311	1	578	638
121	   7.1888	   8.3203	1	688	748
122	  28.8979	  42.2661	1	730	790
123	  29.3834	   5.8804	1	875	935
124	   8.6230	  33.8011	1	590	650
125	  14.7188	  48.4738	1	956	1016
126	   6.2584	  21.3259	1	637	697
127	  48.0681	   7.0365	1	791	851
128	  16.7790	  44.5805	1	925	985
129	   2.1553	  12.9144	1	619	679
130	  12.4104	  25.6716	1	630	690
131	   8.7929	   1.1907	1	673	733
132	  16.3217	  15.2680	1	957	1017
133	  42.1600	  45.2196	1	770	830
134	  20.7185	  34.9132	1	755	815
135	   8.9132	  26.9769	1	638	698
136	  35.9325	  27.8342	1	879	939
137	   3.5058	  34.5908	1	811	871
138	  35.7815	  31.0960	1	723	783
139	  46.3640	  38.2985	1	754	814
140	  47.3228	   3.8981	1	551	611
141	   2.6125	  49.1393	1	961	1021
142	  25.4733	  22.5244	1	639	699
143	   8.6931	  22.9098	1	577	637
144	   4.8695	  37.2614	1	623	683
145	  21.2527	   8.3753	1	941	1001
146	  21.8522	  44.2695	1	582	642
147	  20.6741	   7.6337	1	918	978
148	  27.9774	  38.2504	1	889	949
149	  34.2696	  16.4884	1	748	808
150	  25.3656	  16.8126	-1	646	1140
151	   2.2095	   9.7429	-1	760	1140
152	  28.5683	  48.3430	-1	802	1140
153	  30.5031	   8.0902	-1	946	1140
154	   8.0792	  33.8397	-1	663	1140
155	  12.0966	  41.6477	-1	1022	1140
156	   6.1989	  16.4433	-1	703	1140
157	  49.8277	   3.9867	-1	857	1140
158	  13.6431	  41.3045	-1	991	1140
159	   6.2391	   6.9814	-1	685	1140
160	   5.9672	  25.6876	-1	696	1140
161	   8.7792	  11.8161	-1	739	1140
162	  11.9772	  10.2443	-1	1023	1140
163	  46.9755	  47.0586	-1	836	1140
164	  16.7022	  34.6612	-1	821	1140
165	  16.7465	  27.4787	-1	704	1140
166	  38.6752	  32.8530	-1	945	1140
167	   0.3443	  37.4486	-1	877	1140
168	  34.9673	  33.3493	-1	789	1140
169	  47.4442	  44.9540	-1	820	1140
170	  49.0677	   8.8981	-1	617	1140
171	  10.5214	  34.0169	-1	1027	1140
172	  18.7414	  27.2225	-1	705	1140
173	  14.2264	  14.2449	-1	643	1140
174	   3.2262	  44.7625	-1	689	1140
175	  25.6277	   7.7235	-1	1007	1140
176	  25.0572	  38.7090	-1	648	1140
177	  18.9692	  14.2322	-1	984	1140
178	  28.2099	  42.9888	-1	955	1140
179	  34.6885	   8.7151	-1	814	1140
180	  34.0134	  23.0181	0	540	1140
181	   9.5611	   7.4568	0	540	1140
182	  24.7141	  42.6208	0	540	1140
183	  24.6023	  12.4404	0	540	1140
184	   2.6415	  41.3480	0	540	1140
185	  21.9425	  29.5162	0	540	1140
186	   5.1111	   7.0596	0	540	1140
187	  39.7564	  33.5861	0	540	1140
188	  47.0981	  28.4114	0	540	1140
189	  47.4766	  11.1098	0	540	1140
190	   7.7200	  18.4920	0	540	1140
191	  17.7433	   7.3492	0	540	1140
192	   4.6711	  35.1036	0	540	1140
193	   5.1487	  41.5108	0	540	1140
194	  39.6060	  17.7081	0	540	1140
195	  37.1746	  16.0199	0	540	1140
196	  10.1633	  30.1512	0	540	1140
197	   4.4177	   8.8384	0	540	1140
198	  31.7283	  49.3196	0	540	1140
199	  22.6567	  21.9187	0	540	1140
200	   9.7369	  21.7296	0	540	1140
201	  14.4532	   2.9844	0	540	1140
202	  33.7220	  31.5454	0	540	1140
203	  46.1355	  31.6918	0	540	1140
204	  40.2444	  49.4960	0	540	1140
205	  32.4020	   1.4723	0	540	1140
206	  37.5097	  24.1901	0	540	1140
207	  32.0935	   0.1203	0	540	1140
208	   6.0225	  24.6739	0	540	1140
209	  39.3325	  10.3949	0	540	1140
