39	5	40	70
0	   6.1685	  11.1836	3	1028	1028
1	  20.9584	  16.0757	3	702	702
2	   2.1430	   2.6264	3	923	923
3	   7.4195	   6.1561	3	871	871
4	  24.2054	   7.7940	3	578	578
5	  19.3560	  10.6831	3	921	921
6	   7.9461	  24.1679	3	834	834
7	  11.2404	  23.2669	3	958	958
8	  13.5409	   7.3116	3	835	835
9	   6.8904	  17.8048	3	720	720
10	  20.5475	  19.2015	3	845	845
11	   6.7537	   2.6897	3	605	605
12	  14.3348	   2.9985	3	673	673
13	  17.1325	   2.9867	3	954	954
14	   2.2866	  23.3009	3	768	768
15	  14.1704	  23.2450	3	772	772
16	   0.8714	  21.7962	3	709	709
17	  22.4695	   0.0768	3	812	812
18	   4.5902	  16.8255	3	882	882
19	  10.7599	  12.5363	3	896	896
20	  15.9933	  22.0003	3	858	858
21	  10.8032	   4.5343	3	1021	1021
22	   4.3119	  17.6936	3	862	862
23	  22.3391	  24.8594	3	890	890
24	  21.1594	  18.6488	3	873	873
25	  12.9020	  10.4942	3	1033	1033
26	  21.6473	   5.0345	3	606	606
27	  13.4810	  23.9339	3	645	645
28	   3.3355	   2.6513	3	795	795
29	  18.9646	  23.0503	3	633	633
30	  14.5083	  16.4341	3	974	974
31	  23.1271	  19.0985	3	655	655
32	   8.2596	   8.8869	3	648	648
33	   6.6349	  24.2529	3	729	729
34	   5.8872	  17.4381	3	966	966
35	  10.1317	   1.1263	3	1018	1018
36	  10.0585	  22.0268	3	963	963
37	  11.3386	   6.2178	3	761	761
38	  15.6756	  24.2406	3	936	936
39	  16.7120	  12.3229	3	758	758
40	   3.7872	  10.1991	-3	1028	1028
41	  18.9748	  16.4450	-3	702	702
42	   3.5537	   2.1988	-3	923	923
43	   9.3164	   5.6859	-3	871	871
44	  23.8681	   8.8744	-3	578	578
45	  17.4987	  11.5886	-3	921	921
46	   5.9719	  24.5796	-3	834	834
47	  12.8733	  21.3000	-3	958	958
48	  12.0114	   6.1578	-3	835	835
49	   6.8276	  17.3642	-3	720	720
50	  20.4765	  20.3283	-3	845	845
51	   7.7899	   2.3785	-3	605	605
52	  12.8522	   3.4567	-3	673	673
53	  18.1126	   1.4449	-3	954	954
54	   3.8617	  22.4057	-3	768	768
55	  14.4880	  23.2118	-3	772	772
56	   0.1417	  21.9323	-3	709	709
57	  23.9514	   2.2173	-3	812	812
58	   4.5863	  18.1343	-3	882	882
59	  12.8241	  12.4237	-3	896	896
60	  17.7663	  21.6136	-3	858	858
61	  11.0233	   3.0798	-3	1021	1021
62	   5.5597	  17.4922	-3	862	862
63	  20.9576	  22.9207	-3	890	890
64	  21.8296	  19.3316	-3	873	873
65	  10.3667	  11.6541	-3	1033	1033
66	  23.4335	   3.4497	-3	606	606
67	  15.2660	  24.7056	-3	645	645
68	   3.1340	   0.6120	-3	795	795
69	  18.8189	  24.8696	-3	633	633
70	  15.1611	  17.0076	-3	974	974
71	  24.7279	  20.0930	-3	655	655
72	   9.1524	   8.0210	-3	648	648
73	   5.1125	  24.1226	-3	729	729
74	   6.2913	  15.1904	-3	966	966
75	  10.8677	   1.3322	-3	1018	1018
76	  10.7771	  22.3989	-3	963	963
77	  12.3883	   6.5507	-3	761	761
78	  14.0179	  23.9554	-3	936	936
79	  19.9756	  11.8918	-3	758	758
80	   4.2751	   5.1930	1	893	953
81	  11.2568	   7.6106	1	622	682
82	   0.3227	   1.8090	1	823	883
83	   6.4860	  14.8311	1	916	976
84	  18.2431	   4.6131	1	608	668
85	   8.9296	   1.5027	1	543	603
86	  13.5000	  15.5644	1	839	899
87	   0.7556	  19.3872	1	869	929
88	  20.8626	   5.8367	1	735	795
89	  16.2482	  12.5747	1	883	943
90	  18.1596	  20.5234	1	975	1035
91	  17.7677	   4.4165	1	696	756
92	  18.2878	  20.6640	1	787	847
93	  22.1667	  12.4514	1	579	639
94	   6.8386	   0.7843	1	926	986
95	   2.4650	  11.4249	1	820	880
96	  18.9186	   8.1341	1	814	874
97	  14.9163	  16.3899	1	882	942
98	   9.5070	   8.0760	1	617	677
99	  11.9133	   2.2747	1	839	899
100	   2.8867	   0.3447	1	898	958
101	  18.5039	   5.3076	1	781	841
102	   0.9716	  18.6344	1	574	634
103	  14.0090	  23.1383	1	706	766
104	   6.0858	   6.7908	1	723	783
105	  21.0605	  12.9244	1	873	933
106	   7.5751	  23.5256	1	704	764
107	  24.3494	   1.4937	1	906	966
108	   6.6596	   0.4191	1	1006	1066
109	  10.5733	   6.8013	1	863	923
110	  22.3514	   0.4897	1	824	884
111	   8.5657	  10.1045	1	821	881
112	   9.1331	  21.0581	1	877	937
113	   0.1518	  12.0198	1	569	629
114	  21.4029	  18.6557	1	660	720
115	  17.3274	  16.0858	1	945	1005
116	   5.4474	  18.2990	1	573	633
117	   9.7202	  19.4564	1	891	951
118	  16.4372	  15.8060	1	804	864
119	   1.2472	  12.4978	1	700	760
120	   3.7304	   8.8223	1	696	756
121	   3.4989	  20.8894	1	701	761
122	  21.3791	  22.6756	1	856	916
123	   1.0029	   7.9318	1	943	1003
124	   1.5876	  21.1890	1	741	801
125	  13.4916	   7.0349	1	773	833
126	   1.4914	   5.9252	1	753	813
127	  14.0178	   2.7386	1	545	605
128	  22.1293	  24.3269	1	577	637
129	   0.1772	  14.1454	1	831	891
130	  19.0901	   2.0692	1	777	837
131	  24.7786	   5.9903	1	935	995
132	   4.2021	  20.1149	1	1004	1064
133	  20.1918	  18.2199	1	743	803
134	  22.8535	  13.6148	1	563	623
135	  10.9682	   9.4144	1	717	777
136	   6.1231	  24.0576	1	606	666
137	  11.8040	   6.3004	1	660	720
138	  14.1864	   7.2930	1	545	605
139	   8.1624	  13.9143	1	1004	1064
140	   0.8750	  23.3757	1	983	1043
141	  16.0614	   7.0497	1	829	889
142	  23.6070	  22.1845	1	816	876
143	   6.1073	  10.4109	1	850	910
144	  16.5040	  17.6713	1	791	851
145	   1.6032	  24.6664	1	936	996
146	  17.8298	  24.0894	1	785	845
147	   4.8261	  14.4481	1	756	816
148	  13.6004	  22.0405	1	817	877
149	  23.6218	   3.3760	1	981	1041
150	   6.5489	   5.0771	-1	964	1140
151	  11.1413	   6.5417	-1	689	1140
152	   1.8888	   2.1946	-1	889	1140
153	   5.7922	  15.0169	-1	983	1140
154	  18.0611	   6.7962	-1	676	1140
155	  10.0011	   3.5895	-1	609	1140
156	  13.2465	  18.1585	-1	908	1140
157	   2.4209	  19.3383	-1	939	1140
158	  21.2089	   5.4879	-1	803	1140
159	  17.0896	  15.6309	-1	949	1140
160	  17.5038	  19.8847	-1	1041	1140
161	  16.2070	   2.9838	-1	762	1140
162	  19.3354	  19.8947	-1	853	1140
163	  23.4367	  14.9567	-1	645	1140
164	   7.4514	   4.1192	-1	992	1140
165	   0.7773	  11.9120	-1	886	1140
166	  17.6608	   7.1963	-1	880	1140
167	  13.8439	  15.8608	-1	948	1140
168	  10.1978	   8.2792	-1	683	1140
169	  12.8027	   3.5397	-1	905	1140
170	   1.4200	   5.2995	-1	964	1140
171	  19.2892	   7.8860	-1	847	1140
172	   2.4654	  18.4844	-1	640	1140
173	  15.3672	  23.7286	-1	772	1140
174	   7.7088	   4.9447	-1	789	1140
175	  18.8704	  13.8674	-1	939	1140
176	   6.3987	  22.4814	-1	770	1140
177	  24.4843	   0.8503	-1	972	1140
178	   6.5856	   3.9892	-1	1072	1140
179	  11.5609	   4.4463	-1	929	1140
180	  24.4427	   2.3264	-1	890	1140
181	   8.0432	  10.9747	-1	887	1140
182	   9.9394	  19.1005	-1	943	1140
183	   3.2233	  11.8670	-1	635	1140
184	  21.6010	  20.3783	-1	726	1140
185	  18.4230	  17.7482	-1	1011	1140
186	   7.7801	  16.8419	-1	639	1140
187	  10.3160	  17.6830	-1	957	1140
188	  19.6104	  16.4516	-1	870	1140
189	   3.8234	  14.3353	-1	766	1140
190	   2.0854	   7.8561	-1	762	1140
191	   3.4849	  19.3102	-1	767	1140
192	  20.8280	  21.8769	-1	922	1140
193	   0.7584	   8.4166	-1	1009	1140
194	   0.6343	  19.7077	-1	807	1140
195	  15.1834	   5.8321	-1	839	1140
196	   3.5460	   9.3401	-1	819	1140
197	  15.2310	   0.3413	-1	611	1140
198	  20.5766	  24.5381	-1	643	1140
199	   0.4027	  16.3315	-1	897	1140
200	  18.2430	   6.0574	-1	843	1140
201	  24.6614	   3.1231	-1	1001	1140
202	   2.3860	  18.1634	-1	1070	1140
203	  23.2970	  16.3441	-1	809	1140
204	  24.4392	  16.4192	-1	629	1140
205	   9.3258	   9.5548	-1	783	1140
206	   4.4136	  24.1466	-1	672	1140
207	  13.2029	   6.0931	-1	726	1140
208	  14.6813	   4.7519	-1	611	1140
209	   6.4054	  15.5030	-1	1070	1140
210	   3.1985	  21.5227	-1	1051	1140
211	  18.2334	   9.9911	-1	898	1140
212	  23.8740	  22.5819	-1	885	1140
213	   7.6756	  13.8284	-1	918	1140
214	  16.3679	  20.0304	-1	859	1140
215	   1.6238	  23.9778	-1	1004	1140
216	  14.4544	  21.3539	-1	852	1140
217	   6.1550	  15.7312	-1	824	1140
218	  15.8151	  21.4208	-1	885	1140
219	  23.9973	   0.3201	-1	1049	1140
220	   2.4874	  17.9108	0	540	1140
221	   5.9857	  16.9937	0	540	1140
222	   7.8574	  14.7611	0	540	1140
223	  23.0974	  15.4654	0	540	1140
224	  23.1912	   6.8584	0	540	1140
225	   9.9185	  11.2115	0	540	1140
226	  14.2499	  14.6358	0	540	1140
227	  14.6822	  21.2379	0	540	1140
228	  12.4925	  15.0472	0	540	1140
229	  24.2852	  18.2359	0	540	1140
230	  16.1460	   9.3832	0	540	1140
231	   9.6862	  15.9975	0	540	1140
232	  14.3767	  16.3133	0	540	1140
233	  16.3717	  24.7490	0	540	1140
234	  22.4817	  12.3125	0	540	1140
235	   9.4490	  15.2435	0	540	1140
236	  15.3555	   9.2652	0	540	1140
237	   8.0026	   4.5428	0	540	1140
238	  17.7818	  22.9223	0	540	1140
239	  21.8413	  12.4268	0	540	1140
240	  14.4336	   3.2913	0	540	1140
241	   7.8443	   8.4357	0	540	1140
242	  20.5038	   0.6766	0	540	1140
243	  20.0902	   9.3614	0	540	1140
244	   4.7521	  17.2824	0	540	1140
245	   1.0697	   9.0796	0	540	1140
246	  19.6830	  11.7917	0	540	1140
247	  23.3902	  24.4059	0	540	1140
248	  11.8951	  10.2123	0	540	1140
249	   1.1826	   5.2314	0	540	1140
250	  18.4906	   1.7407	0	540	1140
251	  21.7741	   9.1081	0	540	1140
252	  18.6236	  14.2666	0	540	1140
253	  22.1789	  17.7121	0	540	1140
254	   3.8486	  10.6263	0	540	1140
255	  24.3029	  23.3506	0	540	1140
256	   5.6690	  14.6448	0	540	1140
257	  13.3196	  24.3834	0	540	1140
258	  21.7904	  15.6212	0	540	1140
