19	5	20	50
0	  22.5149	  19.6779	3	983	983
1	   3.5475	  15.6971	3	567	567
2	  17.0216	   6.1939	3	982	982
3	   8.0026	   7.7065	3	680	680
4	  15.2883	   7.1384	3	748	748
5	  11.7312	   2.6044	3	603	603
6	   2.1137	   1.1671	3	928	928
7	   8.0856	  12.9895	3	872	872
8	  17.6769	  22.1305	3	1035	1035
9	  13.1323	   1.2883	3	757	757
10	  11.6240	  22.7681	3	746	746
11	  16.6576	   4.1234	3	726	726
12	   3.4250	   8.1569	3	1029	1029
13	   2.0848	   0.9398	3	644	644
14	   2.8348	   5.6323	3	865	865
15	  16.6369	  19.8564	3	682	682
16	  11.8263	  24.6395	3	1026	1026
17	   6.7779	  14.2941	3	600	600
18	   4.7190	   8.8916	3	669	669
19	  21.8811	   8.1381	3	735	735
20	  23.3082	  19.7513	-3	983	983
21	   4.1554	  17.5454	-3	567	567
22	  15.0536	   7.0794	-3	982	982
23	   6.7691	   6.4400	-3	680	680
24	  12.6367	   5.2523	-3	748	748
25	  12.8909	   1.8006	-3	603	603
26	   2.5629	   2.1146	-3	928	928
27	   8.9723	  11.2303	-3	872	872
28	  18.1633	  21.2345	-3	1035	1035
29	  13.5293	   2.3348	-3	757	757
30	  13.4845	  22.6492	-3	746	746
31	  17.7780	   2.1538	-3	726	726
32	   3.4993	   8.6599	-3	1029	1029
33	   3.7716	   1.1628	-3	644	644
34	   2.6340	   4.8804	-3	865	865
35	  16.2037	  18.4122	-3	682	682
36	   9.4265	  21.5592	-3	1026	1026
37	   7.6162	  16.9753	-3	600	600
38	   5.3309	   9.8638	-3	669	669
39	  23.0783	   6.7703	-3	735	735
40	   9.9351	  10.0133	1	621	681
41	   7.7814	  18.3988	1	993	1053
42	  22.5222	  12.8234	1	981	1041
43	   1.0122	   0.9471	1	868	928
44	  20.9803	   3.0970	1	737	797
45	   1.8869	  23.8152	1	1002	1062
46	   8.7294	  18.5239	1	967	1027
47	  18.6716	  20.5556	1	586	646
48	  22.6703	  24.9412	1	925	985
49	  10.5287	   2.3892	1	971	1031
50	  15.1938	   5.7138	1	748	808
51	   9.1280	   0.1289	1	640	700
52	  15.7272	  18.5545	1	638	698
53	  21.6881	  23.5086	1	830	890
54	  22.9476	   9.4754	1	640	700
55	  17.3010	  23.9598	1	839	899
56	  10.4225	  13.2813	1	643	703
57	   2.0569	  12.3095	1	600	660
58	  12.0965	  10.7862	1	841	901
59	   5.8333	   5.7681	1	768	828
60	   6.3419	  23.9967	1	958	1018
61	   2.0027	   4.0121	1	579	639
62	  21.7241	   4.2117	1	836	896
63	   2.7203	   3.1570	1	739	799
64	  22.8897	   0.6679	1	875	935
65	  12.6324	  15.1906	1	653	713
66	  24.6277	  23.0549	1	942	1002
67	  12.4708	  16.1977	1	811	871
68	  21.3366	  18.8127	1	614	674
69	  15.1943	  23.3393	1	733	793
70	  22.8248	  14.1322	1	959	1019
71	  10.8706	   4.2262	1	695	755
72	  16.4018	  13.8472	1	717	777
73	  17.9872	   4.0341	1	930	990
74	   4.0379	  17.6149	1	955	1015
75	   2.0890	   7.5099	1	846	906
76	  19.2995	  12.4534	1	923	983
77	   3.6510	  19.4149	1	844	904
78	   0.5830	  18.8454	1	892	952
79	   7.9776	   3.6248	1	770	830
80	  15.2678	   0.0577	1	805	865
81	   1.0007	   4.8668	1	562	622
82	   8.7384	   9.8434	1	870	930
83	   7.7883	  10.8274	1	836	896
84	  17.3533	   2.0878	1	852	912
85	  23.2808	  15.4316	1	902	962
86	   8.8581	   1.9318	1	665	725
87	   8.6352	   9.2421	1	955	1015
88	  13.9382	  23.9031	1	962	1022
89	   3.7699	  22.6023	1	898	958
90	  10.3932	   8.3037	-1	687	1140
91	   7.4936	  20.2252	-1	1061	1140
92	  22.6337	  10.3077	-1	1047	1140
93	   3.4720	   1.6846	-1	936	1140
94	  23.1129	   3.7260	-1	805	1140
95	   3.8094	  24.3783	-1	1070	1140
96	  10.8491	  18.8934	-1	1033	1140
97	  21.0781	  21.7201	-1	654	1140
98	  21.9029	  24.3918	-1	994	1140
99	   8.8328	   0.9899	-1	1040	1140
100	  11.9532	   4.4775	-1	816	1140
101	  11.2478	   1.6837	-1	709	1140
102	  15.9576	  17.3193	-1	706	1140
103	  22.0411	  22.5454	-1	897	1140
104	  23.9379	  12.5313	-1	707	1140
105	  17.7542	  23.4078	-1	906	1140
106	   9.2998	  14.9389	-1	710	1140
107	   6.9006	  14.0718	-1	668	1140
108	  14.5990	  13.2448	-1	909	1140
109	   3.6786	   7.0706	-1	838	1140
110	   5.9320	  21.9967	-1	1029	1140
111	   2.9110	   3.6078	-1	647	1140
112	  19.1886	   4.9686	-1	903	1140
113	   3.4975	   2.4118	-1	808	1140
114	  24.4224	   1.7877	-1	943	1140
115	  13.3025	  16.9583	-1	720	1140
116	  22.3450	  22.1919	-1	1010	1140
117	  12.3798	  15.7754	-1	877	1140
118	  19.3049	  17.8623	-1	683	1140
119	  17.3908	  21.5523	-1	803	1140
120	  23.8837	  15.7456	-1	1027	1140
121	  10.4969	   3.2770	-1	762	1140
122	  16.9025	  13.8256	-1	784	1140
123	  20.5249	   3.8901	-1	998	1140
124	   5.8055	  15.1734	-1	1030	1140
125	   6.2254	  10.4829	-1	917	1140
126	  16.1295	  11.0450	-1	989	1140
127	   4.9601	  17.2791	-1	911	1140
128	   8.2818	  22.1656	-1	965	1140
129	   6.8972	   0.9561	-1	838	1140
130	  16.4221	   1.2112	-1	876	1140
131	   7.8489	   3.7548	-1	629	1140
132	  11.7053	  10.8280	-1	936	1140
133	   9.8465	   9.4411	-1	903	1140
134	  20.7772	   2.6006	-1	920	1140
135	  22.0851	  15.1774	-1	968	1140
136	   5.0846	   1.8823	-1	734	1140
137	  16.3864	   9.8230	-1	1025	1140
138	  15.1477	  23.4111	-1	1030	1140
139	   7.1773	  18.6378	-1	964	1140
140	  13.5212	  21.5952	0	540	1140
141	   6.4013	   7.7707	0	540	1140
142	   3.0166	   3.4553	0	540	1140
143	   0.8570	   6.2824	0	540	1140
144	  20.4683	  16.4971	0	540	1140
145	  24.6536	   0.5447	0	540	1140
146	  14.4316	  15.6990	0	540	1140
147	  15.2650	  20.1007	0	540	1140
148	   5.0340	   1.5732	0	540	1140
149	   9.1725	  23.6561	0	540	1140
150	   0.8213	  10.3874	0	540	1140
151	  15.4612	  12.8046	0	540	1140
152	   7.7895	  24.4390	0	540	1140
153	  10.4723	  11.8456	0	540	1140
154	   2.3066	  12.7027	0	540	1140
155	  10.3644	  15.5685	0	540	1140
156	   6.2566	   7.0894	0	540	1140
157	  22.1862	   4.7043	0	540	1140
158	  16.3036	  11.7766	0	540	1140
