39	5	40	70
0	  18.4913	   2.9555	3	583	583
1	  17.9997	  23.1447	3	944	944
2	  24.5563	  14.1162	3	749	749
3	   8.3620	  19.0389	3	565	565
4	  10.3243	  22.1007	3	601	601
5	   0.8747	   1.7340	3	947	947
6	   0.9485	  13.1084	3	804	804
7	   4.8667	   5.0935	3	581	581
8	   1.8188	  20.3557	3	613	613
9	   2.3943	   7.6599	3	868	868
10	  13.9900	  18.3529	3	926	926
11	  11.5516	   3.4501	3	965	965
12	  12.4360	  13.6516	3	589	589
13	  17.2460	   4.4634	3	806	806
14	  24.8339	  10.2457	3	609	609
15	   2.6082	  24.3902	3	937	937
16	  24.3618	  10.9701	3	832	832
17	  18.4291	   9.6862	3	688	688
18	  11.4202	   9.0193	3	811	811
19	   7.4122	  16.2869	3	1019	1019
20	  14.1128	   9.2310	3	809	809
21	  13.7045	  14.0370	3	902	902
22	   9.8054	   2.6945	3	883	883
23	   7.3899	  21.3570	3	1018	1018
24	   6.1445	  19.8259	3	769	769
25	  10.0086	  17.1167	3	853	853
26	  12.5003	  24.1883	3	665	665
27	  15.9284	  11.8621	3	761	761
28	  21.5482	  18.2292	3	639	639
29	   2.2485	  11.0735	3	591	591
30	  20.3045	  10.8979	3	679	679
31	  18.5068	   9.0089	3	662	662
32	  24.9349	   3.3122	3	975	975
33	  11.7034	   7.3248	3	740	740
34	  24.6692	  17.8480	3	1020	1020
35	   9.9647	  18.8550	3	1016	1016
36	  10.3932	  24.4327	3	648	648
37	   5.7330	   1.3216	3	784	784
38	  11.2948	  15.8914	3	1037	1037
39	   9.1206	  14.3404	3	701	701
40	  16.7043	   2.2546	-3	583	583
41	  18.0472	  23.4719	-3	944	944
42	  23.1445	  14.8997	-3	749	749
43	   8.0708	  19.3038	-3	565	565
44	  10.9722	  21.8784	-3	601	601
45	   1.3223	   1.5277	-3	947	947
46	   2.1632	  11.5787	-3	804	804
47	   4.0309	   4.7906	-3	581	581
48	   2.7303	  20.7184	-3	613	613
49	   2.8488	   7.4243	-3	868	868
50	  14.2068	  18.9208	-3	926	926
51	  11.6426	   2.1455	-3	965	965
52	  11.2196	  13.4161	-3	589	589
53	  17.1522	   4.9384	-3	806	806
54	  24.8862	  10.5033	-3	609	609
55	   1.7105	  23.9792	-3	937	937
56	  24.1408	   8.8246	-3	832	832
57	  18.7682	   8.8559	-3	688	688
58	  11.5929	   9.0565	-3	811	811
59	   7.8870	  16.3868	-3	1019	1019
60	  13.7900	  11.3791	-3	809	809
61	  13.4643	  13.4575	-3	902	902
62	   8.7487	   3.7918	-3	883	883
63	   5.9957	  20.0517	-3	1018	1018
64	   5.4298	  19.2913	-3	769	769
65	   9.6952	  16.7211	-3	853	853
66	  11.4241	  23.7601	-3	665	665
67	  14.9231	  12.0563	-3	761	761
68	  21.6236	  18.9407	-3	639	639
69	   2.1507	   9.6778	-3	591	591
70	  20.4911	  10.3338	-3	679	679
71	  18.1689	   8.1993	-3	662	662
72	  22.4125	   1.6240	-3	975	975
73	  11.9324	   6.5448	-3	740	740
74	  24.2837	  17.5038	-3	1020	1020
75	   9.7563	  18.4781	-3	1016	1016
76	  10.1231	  23.5679	-3	648	648
77	   6.0048	   0.5547	-3	784	784
78	  11.5726	  15.5314	-3	1037	1037
79	   9.6351	  15.2027	-3	701	701
80	  15.8114	  11.3690	1	644	704
81	   0.4139	  15.0667	1	744	804
82	   4.7273	   0.8996	1	958	1018
83	  24.5492	  16.4307	1	843	903
84	   9.2787	  10.3751	1	612	672
85	   8.8963	  19.2433	1	807	867
86	   4.2300	  20.8287	1	572	632
87	  20.2614	   6.5211	1	624	684
88	  15.9449	   6.5561	1	905	965
89	  14.3991	   6.5331	1	956	1016
90	  17.9021	  16.3784	1	885	945
91	  20.2773	  20.6324	1	727	787
92	  12.0967	  21.2420	1	868	928
93	   8.2547	   5.3659	1	648	708
94	  15.6371	  17.5334	1	545	605
95	  15.7410	  24.5334	1	829	889
96	  11.7767	  19.9710	1	973	1033
97	  20.3621	  12.5648	1	782	842
98	   9.5943	  15.6234	1	960	1020
99	  19.0859	   0.5391	1	604	664
100	  23.0316	  18.1276	1	933	993
101	  16.7893	  15.9337	1	782	842
102	   9.5060	  12.0666	1	847	907
103	   8.3086	   3.4356	1	670	730
104	  19.8543	  21.6814	1	882	942
105	  14.2148	   1.5570	1	979	1039
106	  10.0248	   0.9915	1	657	717
107	  21.5280	   5.3869	1	882	942
108	  13.5563	   6.1223	1	633	693
109	  21.0103	   7.6423	1	934	994
110	   6.6614	  18.1899	1	823	883
111	   1.9522	  21.5579	1	737	797
112	   8.6245	  24.6722	1	600	660
113	   8.0608	  16.9331	1	704	764
114	  22.3833	  22.9620	1	972	1032
115	   8.4534	   7.3837	1	604	664
116	   8.3752	   6.2843	1	971	1031
117	  23.8650	  21.9315	1	936	996
118	  12.4066	  19.8753	1	620	680
119	   4.5738	  19.0680	1	799	859
120	  13.0652	   3.7146	1	882	942
121	   2.8926	  17.8338	1	965	1025
122	   0.8869	   4.8447	1	986	1046
123	  14.3917	  13.9930	1	673	733
124	  14.7349	  14.0201	1	1005	1065
125	  20.5320	  23.1882	1	923	983
126	  16.6664	   4.7790	1	962	1022
127	   9.9989	  20.9397	1	968	1028
128	   0.7845	   5.6974	1	627	687
129	   3.7137	  13.5440	1	845	905
130	  16.4510	  18.6631	1	563	623
131	  18.2400	  22.7261	1	551	611
132	   6.3847	   7.1391	1	617	677
133	  19.8075	  15.6775	1	802	862
134	   2.9797	   9.6919	1	613	673
135	   2.0280	  18.0356	1	891	951
136	  23.3224	   4.5331	1	771	831
137	   9.6045	  19.2486	1	730	790
138	  14.7474	  20.5614	1	764	824
139	  19.5429	  21.1321	1	796	856
140	   2.7006	   0.8623	1	587	647
141	   2.3957	   1.9270	1	979	1039
142	   3.5388	   4.2424	1	925	985
143	   6.4473	  14.9629	1	579	639
144	   3.0025	  15.1960	1	673	733
145	  18.7548	  12.6071	1	819	879
146	   6.5279	  24.1920	1	644	704
147	  19.9231	   0.7551	1	635	695
148	  21.3393	   1.7040	1	677	737
149	  12.2073	  15.6746	1	724	784
150	  17.3677	  10.8444	-1	715	1140
151	   0.0361	  15.4123	-1	811	1140
152	   3.6962	   0.1244	-1	1024	1140
153	  24.8788	  17.0873	-1	910	1140
154	  10.8160	  10.4914	-1	680	1140
155	   9.3163	  20.4988	-1	873	1140
156	   5.0256	  19.3691	-1	641	1140
157	  20.3242	   6.2235	-1	694	1140
158	  15.9645	   5.2106	-1	973	1140
159	  13.4267	   5.4501	-1	1022	1140
160	  16.8695	  16.8240	-1	951	1140
161	  21.3691	  20.6736	-1	793	1140
162	  11.5661	  21.6027	-1	934	1140
163	   9.6626	   6.2572	-1	714	1140
164	  14.9494	  16.7729	-1	611	1140
165	  14.8072	  22.8241	-1	895	1140
166	  10.8619	  19.0316	-1	1039	1140
167	  20.8512	  12.3326	-1	848	1140
168	  10.2853	  15.8261	-1	1026	1140
169	  19.3900	   0.1050	-1	670	1140
170	  22.7305	  19.3578	-1	999	1140
171	  17.5995	  17.2092	-1	848	1140
172	  10.3201	  10.4401	-1	913	1140
173	   5.9199	   1.9142	-1	736	1140
174	  19.0297	  21.1776	-1	948	1140
175	  14.9646	   3.9837	-1	1045	1140
176	   6.3547	   0.6220	-1	723	1140
177	  21.4038	   5.2883	-1	948	1140
178	  12.9739	   5.3650	-1	699	1140
179	  19.3663	   5.9354	-1	1000	1140
180	   6.4016	  17.6669	-1	889	1140
181	   1.9331	  22.7199	-1	803	1140
182	   7.9056	  24.6037	-1	666	1140
183	   7.4253	  17.0544	-1	770	1140
184	  22.9783	  22.8693	-1	1038	1140
185	  10.3939	   7.0822	-1	670	1140
186	  10.4067	   6.2843	-1	1037	1140
187	  22.3277	  20.5842	-1	1002	1140
188	  13.6034	  19.1729	-1	686	1140
189	   4.3657	  19.0099	-1	865	1140
190	  13.1740	   5.6280	-1	948	1140
191	   2.5051	  18.3885	-1	1031	1140
192	   0.4377	   4.2156	-1	1052	1140
193	  12.8783	  15.0167	-1	739	1140
194	  16.9890	  13.4948	-1	1071	1140
195	  19.5921	  24.8568	-1	989	1140
196	  19.1815	   4.8851	-1	1028	1140
197	  10.8955	  22.2032	-1	1034	1140
198	   1.5139	   5.2734	-1	693	1140
199	   5.3169	  12.3022	-1	911	1140
200	  16.9007	  19.1669	-1	629	1140
201	  17.7018	  23.0877	-1	617	1140
202	   6.3195	   6.2635	-1	683	1140
203	  21.3691	  13.2048	-1	868	1140
204	   1.0774	  10.3073	-1	679	1140
205	   2.4203	  17.2508	-1	957	1140
206	  22.5433	   5.6825	-1	837	1140
207	   9.7546	  21.2255	-1	796	1140
208	  14.9334	  20.7984	-1	830	1140
209	  22.0917	  21.4906	-1	862	1140
210	   3.4956	   0.3731	-1	655	1140
211	   2.5736	   1.2511	-1	1048	1140
212	   2.4443	   2.8672	-1	994	1140
213	   8.1506	  12.8286	-1	647	1140
214	   1.9032	  16.1521	-1	741	1140
215	  21.0415	  11.9658	-1	887	1140
216	   5.7090	  22.9195	-1	711	1140
217	  20.1178	   1.5146	-1	703	1140
218	  20.3798	   2.5626	-1	745	1140
219	  12.0758	  17.8454	-1	792	1140
220	  17.6045	  14.5917	0	540	1140
221	   8.6601	  10.0194	0	540	1140
222	   6.8159	   9.9063	0	540	1140
223	  23.7148	  14.6126	0	540	1140
224	  19.6531	  14.1995	0	540	1140
225	  24.1597	  19.4985	0	540	1140
226	   3.6613	   7.9684	0	540	1140
227	   7.7299	   2.3775	0	540	1140
228	  21.4637	   0.3223	0	540	1140
229	  24.2265	  10.0332	0	540	1140
230	  12.8590	  17.2596	0	540	1140
231	  10.4999	  10.4149	0	540	1140
232	  19.1440	   9.9901	0	540	1140
233	   0.9647	  21.2371	0	540	1140
234	  13.0327	   4.4735	0	540	1140
235	   0.4743	  11.2922	0	540	1140
236	  13.5998	  19.6396	0	540	1140
237	   4.7686	  22.1724	0	540	1140
238	  20.1762	   4.3020	0	540	1140
239	  16.3029	  23.0163	0	540	1140
240	  22.1415	  16.4187	0	540	1140
241	  10.1584	   9.3575	0	540	1140
242	  24.2553	  16.3613	0	540	1140
243	  13.1061	  11.4581	0	540	1140
244	   3.0063	   1.9882	0	540	1140
245	   9.4446	   7.9615	0	540	1140
246	   0.7881	  14.6233	0	540	1140
247	   3.1077	  21.4875	0	540	1140
248	  19.7831	  24.4638	0	540	1140
249	  21.5801	  16.5382	0	540	1140
250	   6.2832	  19.2597	0	540	1140
251	  22.1796	  16.4985	0	540	1140
252	  13.6652	  24.3637	0	540	1140
253	  16.3057	  10.8859	0	540	1140
254	   8.6376	  22.4167	0	540	1140
255	  12.4801	   1.5194	0	540	1140
256	   8.2244	  24.2184	0	540	1140
257	   3.5229	   1.0708	0	540	1140
258	  10.6791	   7.8430	0	540	1140
