49	5	50	50
0	   6.1685	  11.1836	3	1014	1014
1	  20.9584	  16.0757	3	660	660
2	   2.1430	   2.6264	3	588	588
3	   7.4195	   6.1561	3	599	599
4	  24.2054	   7.7940	3	597	597
5	  19.3560	  10.6831	3	982	982
6	   7.9461	  24.1679	3	660	660
7	  11.2404	  23.2669	3	974	974
8	  13.5409	   7.3116	3	737	737
9	   6.8904	  17.8048	3	933	933
10	  20.5475	  19.2015	3	719	719
11	  12.8733	  21.3000	3	1023	1023
12	   6.7537	   2.6897	3	973	973
13	  14.3348	   2.9985	3	586	586
14	   2.2866	  23.3009	3	735	735
15	  14.3767	  16.3133	3	939	939
16	   0.8714	  21.7962	3	865	865
17	   4.5902	  16.8255	3	796	796
18	  10.7599	  12.5363	3	1014	1014
19	  15.9933	  22.0003	3	560	560
20	  22.3391	  24.8594	3	786	786
21	  11.8951	  10.2123	3	657	657
22	  21.1594	  18.6488	3	632	632
23	  12.9020	  10.4942	3	674	674
24	  21.6473	   5.0345	3	752	752
25	  22.1789	  17.7121	3	567	567
26	  18.9646	  23.0503	3	820	820
27	  14.5083	  16.4341	3	1002	1002
28	  23.1271	  19.0985	3	763	763
29	   8.2596	   8.8869	3	609	609
30	   6.6349	  24.2529	3	623	623
31	   3.7872	  10.1991	3	609	609
32	  10.1317	   1.1263	3	581	581
33	  10.0585	  22.0268	3	652	652
34	  15.6756	  24.2406	3	649	649
35	  16.7120	  12.3229	3	618	618
36	  11.2568	   7.6106	3	946	946
37	   0.3227	   1.8090	3	749	749
38	   6.4860	  14.8311	3	1032	1032
39	  18.2431	   4.6131	3	644	644
40	  13.5000	  15.5644	3	994	994
41	   0.7556	  19.3872	3	584	584
42	   8.0026	   4.5428	3	979	979
43	   4.5863	  18.1343	3	927	927
44	  16.2482	  12.5747	3	962	962
45	  17.7677	   4.4165	3	1027	1027
46	  12.8522	   3.4567	3	826	826
47	   2.4209	  19.3383	3	659	659
48	  18.2878	  20.6640	3	783	783
49	  23.9514	   2.2173	3	672	672
50	   3.8486	  10.6263	-3	1014	1014
51	  18.9748	  16.4450	-3	660	660
52	   3.3355	   2.6513	-3	588	588
53	   9.3164	   5.6859	-3	599	599
54	  23.8681	   8.8744	-3	597	597
55	  17.4987	  11.5886	-3	982	982
56	   5.1125	  24.1226	-3	660	660
57	  14.0090	  23.1383	-3	974	974
58	  14.1864	   7.2930	-3	737	737
59	   7.7801	  16.8419	-3	933	933
60	  20.4765	  20.3283	-3	719	719
61	  14.1704	  23.2450	-3	1023	1023
62	   6.5489	   5.0771	-3	973	973
63	  14.6813	   4.7519	-3	586	586
64	   1.1796	  24.0967	-3	735	735
65	  13.8439	  15.8608	-3	939	939
66	   0.8750	  23.3757	-3	865	865
67	   4.3119	  17.6936	-3	796	796
68	  10.3667	  11.6541	-3	1014	1014
69	  14.4880	  23.2118	-3	560	560
70	  21.3791	  22.6756	-3	786	786
71	  12.7258	  10.8911	-3	657	657
72	  21.6010	  20.3783	-3	632	632
73	   9.9185	  11.2115	-3	674	674
74	  23.4335	   3.4497	-3	752	752
75	  21.8296	  19.3316	-3	567	567
76	  18.8189	  24.8696	-3	820	820
77	  16.4372	  15.8060	-3	1002	1002
78	  23.6766	  19.9192	-3	763	763
79	   7.8443	   8.4357	-3	609	609
80	   5.9719	  24.5796	-3	623	623
81	   2.4650	  11.4249	-3	609	609
82	   8.9296	   1.5027	-3	581	581
83	   9.7202	  19.4564	-3	652	652
84	  15.8151	  21.4208	-3	649	649
85	  18.2334	   9.9911	-3	618	618
86	  11.8040	   6.3004	-3	946	946
87	   2.8867	   0.3447	-3	749	749
88	   5.7922	  15.0169	-3	1032	1032
89	  15.6714	   5.1776	-3	644	644
90	  14.2499	  14.6358	-3	994	994
91	   1.8872	  20.3631	-3	584	584
92	   6.5856	   3.9892	-3	979	979
93	   3.4849	  19.3102	-3	927	927
94	  18.6236	  14.2666	-3	962	962
95	  18.1126	   1.4449	-3	1027	1027
96	  14.0178	   2.7386	-3	826	826
97	   1.9101	  17.6549	-3	659	659
98	  17.7663	  21.6136	-3	783	783
99	  22.3514	   0.4897	-3	672	672
100	  22.1667	  12.4514	1	829	889
101	  18.9186	   8.1341	1	750	810
102	   1.0697	   9.0796	1	949	1009
103	  14.9163	  16.3899	1	551	611
104	   9.5070	   8.0760	1	704	764
105	  11.9133	   2.2747	1	764	824
106	  12.4925	  15.0472	1	818	878
107	  18.5039	   5.3076	1	666	726
108	  19.6830	  11.7917	1	756	816
109	   0.9716	  18.6344	1	923	983
110	   6.0858	   6.7908	1	835	895
111	   7.5751	  23.5256	1	689	749
112	  24.3494	   1.4937	1	543	603
113	   6.6596	   0.4191	1	886	946
114	  10.5733	   6.8013	1	883	943
115	  23.1912	   6.8584	1	912	972
116	   8.5657	  10.1045	1	836	896
117	   9.1331	  21.0581	1	650	710
118	   0.1518	  12.0198	1	983	1043
119	  21.4029	  18.6557	1	638	698
120	   5.4474	  18.2990	1	1006	1066
121	   1.2472	  12.4978	1	759	819
122	   3.7304	   8.8223	1	574	634
123	  11.0233	   3.0798	1	907	967
124	  10.3160	  17.6830	1	597	657
125	   3.4989	  20.8894	1	816	876
126	   3.8617	  22.4057	1	774	834
127	  13.4916	   7.0349	1	865	925
128	   1.4914	   5.9252	1	975	1035
129	  18.4230	  17.7482	1	870	930
130	  20.8280	  21.8769	1	848	908
131	   0.1772	  14.1454	1	795	855
132	  24.7279	  20.0930	1	542	602
133	  10.0011	   3.5895	1	719	779
134	  20.1918	  18.2199	1	738	798
135	  22.8535	  13.6148	1	638	698
136	  10.9682	   9.4144	1	875	935
137	   6.2913	  15.1904	1	547	607
138	   8.1624	  13.9143	1	764	824
139	   2.3860	  18.1634	1	621	681
140	  17.5038	  19.8847	1	862	922
141	   4.7521	  17.2824	1	991	1051
142	  23.2970	  16.3441	1	703	763
143	  15.3555	   9.2652	1	865	925
144	   0.7584	   8.4166	1	799	859
145	  16.0614	   7.0497	1	576	636
146	   1.6032	  24.6664	1	699	759
147	  17.8298	  24.0894	1	625	685
148	  23.8740	  22.5819	1	618	678
149	  16.3717	  24.7490	1	604	664
150	  22.4148	  10.0008	-1	895	1140
151	  19.2892	   7.8860	-1	816	1140
152	   0.0667	   8.4740	-1	1015	1140
153	  17.3274	  16.0858	-1	617	1140
154	   9.1524	   8.0210	-1	770	1140
155	  12.4829	   4.6398	-1	830	1140
156	  12.8241	  12.4237	-1	884	1140
157	  18.0611	   6.7962	-1	732	1140
158	  21.0605	  12.9244	-1	822	1140
159	   0.5128	  17.7912	-1	989	1140
160	   3.5460	   9.3401	-1	901	1140
161	   4.3840	  22.8192	-1	755	1140
162	  24.4843	   0.8503	-1	609	1140
163	   7.7088	   4.9447	-1	952	1140
164	  11.7821	   4.8696	-1	949	1140
165	  24.7293	   6.9386	-1	978	1140
166	   6.1073	  10.4109	-1	902	1140
167	  11.4239	  18.3273	-1	716	1140
168	   0.7773	  11.9120	-1	1049	1140
169	  19.3354	  19.8947	-1	704	1140
170	   5.5597	  17.4922	-1	1072	1140
171	   4.8261	  14.4481	-1	825	1140
172	   1.4200	   5.2995	-1	640	1140
173	  11.5609	   4.4463	-1	973	1140
174	  10.2882	  15.4766	-1	663	1140
175	   4.2021	  20.1149	-1	882	1140
176	   1.5876	  21.1890	-1	840	1140
177	  13.2029	   6.0931	-1	931	1140
178	   0.2767	   5.2031	-1	1041	1140
179	  16.5040	  17.6713	-1	936	1140
180	  23.6070	  22.1845	-1	914	1140
181	   2.4874	  17.9108	-1	861	1140
182	  24.3329	  19.6925	-1	608	1140
183	  11.1413	   6.5417	-1	785	1140
184	  21.2269	  16.0918	-1	804	1140
185	  23.4367	  14.9567	-1	704	1140
186	   8.0432	  10.9747	-1	941	1140
187	   7.8574	  14.7611	-1	613	1140
188	   6.4054	  15.5030	-1	830	1140
189	   3.1985	  21.5227	-1	687	1140
190	  14.0335	  18.8371	-1	930	1140
191	   6.8276	  17.3642	-1	1060	1140
192	  19.6104	  16.4516	-1	772	1140
193	  15.1834	   5.8321	-1	933	1140
194	   2.7509	   9.6855	-1	867	1140
195	  18.2430	   6.0574	-1	644	1140
196	   6.3987	  22.4814	-1	766	1140
197	  23.3902	  24.4059	-1	693	1140
198	  24.4392	  16.4192	-1	686	1140
199	  20.5766	  24.5381	-1	672	1140
200	   6.1231	  24.0576	0	540	1140
201	  19.9756	  11.8918	0	540	1140
202	   1.0029	   7.9318	0	540	1140
203	  10.7771	  22.3989	0	540	1140
204	   0.1417	  21.9323	0	540	1140
205	  23.6218	   3.3760	0	540	1140
206	  14.0179	  23.9554	0	540	1140
207	  18.1596	  20.5234	0	540	1140
208	  15.1611	  17.0076	0	540	1140
209	  14.6822	  21.2379	0	540	1140
210	  13.6004	  22.0405	0	540	1140
211	   3.1340	   0.6120	0	540	1140
212	  10.8032	   4.5343	0	540	1140
213	  19.0901	   2.0692	0	540	1140
214	  22.4695	   0.0768	0	540	1140
215	  24.4427	   2.3264	0	540	1140
216	  21.9405	  19.3397	0	540	1140
217	  20.8626	   5.8367	0	540	1140
218	  18.4906	   1.7407	0	540	1140
219	   3.2233	  11.8670	0	540	1140
220	  14.4336	   3.2913	0	540	1140
221	  23.9973	   0.3201	0	540	1140
222	   5.8872	  17.4381	0	540	1140
223	  22.1293	  24.3269	0	540	1140
224	   7.4514	   4.1192	0	540	1140
225	  22.1308	   4.1148	0	540	1140
226	   6.1550	  15.7312	0	540	1140
227	  11.4501	  19.5668	0	540	1140
228	   5.6690	  14.6448	0	540	1140
229	   8.3168	  18.5645	0	540	1140
230	  13.3196	  24.3834	0	540	1140
231	  13.4810	  23.9339	0	540	1140
232	  20.9576	  22.9207	0	540	1140
233	   1.1766	  16.4488	0	540	1140
234	   4.2751	   5.1930	0	540	1140
235	  24.7786	   5.9903	0	540	1140
236	   1.2182	   0.5353	0	540	1140
237	  18.8846	  18.1775	0	540	1140
238	  10.8677	   1.3322	0	540	1140
239	  17.1325	   2.9867	0	540	1140
240	  15.3672	  23.7286	0	540	1140
241	  17.7818	  22.9223	0	540	1140
242	  20.0839	  17.9055	0	540	1140
243	  11.3386	   6.2178	0	540	1140
244	   6.8386	   0.7843	0	540	1140
245	  16.1460	   9.3832	0	540	1140
246	   8.8782	   4.1097	0	540	1140
247	  14.4544	  21.3539	0	540	1140
248	   8.1050	  19.3691	0	540	1140
