39	5	40	70
0	  20.9584	  16.0757	3	657	657
1	   2.1430	   2.6264	3	1029	1029
2	   7.4195	   6.1561	3	570	570
3	  24.2054	   7.7940	3	738	738
4	  19.3560	  10.6831	3	841	841
5	   7.9461	  24.1679	3	1033	1033
6	  13.5409	   7.3116	3	1008	1008
7	   6.8904	  17.8048	3	651	651
8	  20.5475	  19.2015	3	729	729
9	  12.8733	  21.3000	3	692	692
10	  14.3348	   2.9985	3	982	982
11	  17.1325	   2.9867	3	822	822
12	   2.2866	  23.3009	3	827	827
13	  14.1704	  23.2450	3	576	576
14	  14.3767	  16.3133	3	781	781
15	   0.8714	  21.7962	3	701	701
16	  22.4695	   0.0768	3	733	733
17	  10.7599	  12.5363	3	744	744
18	  15.9933	  22.0003	3	648	648
19	  10.8032	   4.5343	3	928	928
20	   4.3119	  17.6936	3	862	862
21	  22.3391	  24.8594	3	610	610
22	  11.8951	  10.2123	3	962	962
23	  21.1594	  18.6488	3	917	917
24	  12.9020	  10.4942	3	576	576
25	  21.6473	   5.0345	3	598	598
26	   3.3355	   2.6513	3	727	727
27	  22.1789	  17.7121	3	764	764
28	  14.5083	  16.4341	3	855	855
29	  23.1271	  19.0985	3	607	607
30	   8.2596	   8.8869	3	1027	1027
31	   6.6349	  24.2529	3	824	824
32	   5.8872	  17.4381	3	948	948
33	  10.1317	   1.1263	3	910	910
34	  10.0585	  22.0268	3	1002	1002
35	  11.3386	   6.2178	3	622	622
36	  15.6756	  24.2406	3	775	775
37	  16.7120	  12.3229	3	970	970
38	   4.2751	   5.1930	3	585	585
39	  11.2568	   7.6106	3	816	816
40	   1.0029	   7.9318	-3	657	657
41	  14.6822	  21.2379	-3	1029	1029
42	  10.8677	   1.3322	-3	570	570
43	   6.4860	  14.8311	-3	738	738
44	   0.6343	  19.7077	-3	841	841
45	  15.2660	  24.7056	-3	1033	1033
46	   2.7509	   9.6855	-3	1008	1008
47	   4.8261	  14.4481	-3	651	651
48	   1.5876	  21.1890	-3	729	729
49	  22.6547	  10.1005	-3	692	692
50	  12.5172	  12.6430	-3	982	982
51	  16.0614	   7.0497	-3	822	822
52	   3.5537	   2.1988	-3	827	827
53	  13.5000	  15.5644	-3	576	576
54	  10.0011	   3.5895	-3	781	781
55	   4.2021	  20.1149	-3	701	701
56	   5.1125	  24.1226	-3	733	733
57	  13.6004	  22.0405	-3	744	744
58	  18.0611	   6.7962	-3	648	648
59	   4.7521	  17.2824	-3	928	928
60	   2.3860	  18.1634	-3	862	862
61	  20.4765	  20.3283	-3	610	610
62	  23.4612	  24.3689	-3	962	962
63	  23.9514	   2.2173	-3	917	917
64	   0.4027	  16.3315	-3	576	576
65	   9.7202	  19.4564	-3	598	598
66	   1.4914	   5.9252	-3	727	727
67	  16.3679	  20.0304	-3	764	764
68	  24.3329	  19.6925	-3	855	855
69	  21.2269	  16.0918	-3	607	607
70	   3.5460	   9.3401	-3	1027	1027
71	  24.7786	   5.9903	-3	824	824
72	  20.8626	   5.8367	-3	948	948
73	   2.0854	   7.8561	-3	910	910
74	  14.4544	  21.3539	-3	1002	1002
75	   1.0697	   9.0796	-3	622	622
76	   2.4650	  11.4249	-3	775	775
77	  16.2070	   2.9838	-3	970	970
78	  11.9133	   2.2747	-3	585	585
79	   6.1550	  15.7312	-3	816	816
80	   7.8443	   8.4357	1	693	753
81	   0.3227	   1.8090	1	738	798
82	  18.2431	   4.6131	1	749	809
83	   8.9296	   1.5027	1	622	682
84	   0.7556	  19.3872	1	764	824
85	   8.0026	   4.5428	1	890	950
86	   4.5863	  18.1343	1	933	993
87	   5.6690	  14.6448	1	557	617
88	  15.1611	  17.0076	1	736	796
89	  16.2482	  12.5747	1	863	923
90	  18.1596	  20.5234	1	1007	1067
91	  17.7677	   4.4165	1	919	979
92	   3.1340	   0.6120	1	853	913
93	  12.8522	   3.4567	1	870	930
94	   2.4209	  19.3383	1	986	1046
95	  18.2878	  20.6640	1	710	770
96	  22.1667	  12.4514	1	758	818
97	  17.7818	  22.9223	1	606	666
98	   6.8386	   0.7843	1	766	826
99	  18.9186	   8.1341	1	855	915
100	   0.1417	  21.9323	1	815	875
101	   9.5070	   8.0760	1	634	694
102	  12.4925	  15.0472	1	830	890
103	   2.8867	   0.3447	1	633	693
104	  18.5039	   5.3076	1	786	846
105	  19.6830	  11.7917	1	544	604
106	  14.0090	  23.1383	1	967	1027
107	   6.0858	   6.7908	1	771	831
108	   7.5751	  23.5256	1	615	675
109	   6.6596	   0.4191	1	783	843
110	  22.3514	   0.4897	1	617	677
111	   8.5657	  10.1045	1	700	760
112	  21.4029	  18.6557	1	981	1041
113	  17.3274	  16.0858	1	826	886
114	   5.4474	  18.2990	1	782	842
115	  16.4372	  15.8060	1	667	727
116	   1.2472	  12.4978	1	707	767
117	   3.7304	   8.8223	1	638	698
118	  11.0233	   3.0798	1	616	676
119	  10.3160	  17.6830	1	903	963
120	   3.4989	  20.8894	1	961	1021
121	  24.4843	   0.8503	1	613	673
122	  21.3791	  22.6756	1	744	804
123	   7.7088	   4.9447	1	805	865
124	   7.7801	  16.8419	1	943	1003
125	   3.8617	  22.4057	1	653	713
126	  14.4880	  23.2118	1	907	967
127	  14.0178	   2.7386	1	624	684
128	  11.5609	   4.4463	1	651	711
129	  20.8280	  21.8769	1	595	655
130	  22.1293	  24.3269	1	939	999
131	  19.2892	   7.8860	1	926	986
132	  24.7279	  20.0930	1	689	749
133	  17.4987	  11.5886	1	691	751
134	   6.1231	  24.0576	1	951	1011
135	  13.2029	   6.0931	1	935	995
136	   8.1624	  13.9143	1	696	756
137	  17.5038	  19.8847	1	909	969
138	   0.8750	  23.3757	1	696	756
139	   6.5489	   5.0771	1	703	763
140	  15.3555	   9.2652	1	614	674
141	  23.6070	  22.1845	1	774	834
142	   6.1073	  10.4109	1	795	855
143	  16.5040	  17.6713	1	585	645
144	   1.6032	  24.6664	1	992	1052
145	   6.5856	   3.9892	1	969	1029
146	  17.8298	  24.0894	1	644	704
147	  16.3717	  24.7490	1	621	681
148	  24.6614	   3.1231	1	597	657
149	  12.3883	   6.5507	1	720	780
150	  21.9405	  19.3397	-1	764	1140
151	  15.2443	  19.2081	-1	805	1140
152	  11.4501	  19.5668	-1	815	1140
153	  22.1308	   4.1148	-1	689	1140
154	  14.9163	  16.3899	-1	832	1140
155	  21.0605	  12.9244	-1	956	1140
156	   9.9185	  11.2115	-1	1002	1140
157	  17.0207	   0.3825	-1	627	1140
158	  23.2970	  16.3441	-1	804	1140
159	  14.0335	  18.8371	-1	929	1140
160	  24.7293	   6.9386	-1	1073	1140
161	  13.4916	   7.0349	-1	985	1140
162	  16.1460	   9.3832	-1	919	1140
163	   1.6238	  23.9778	-1	936	1140
164	   0.5128	  17.7912	-1	1052	1140
165	  17.0896	  15.6309	-1	776	1140
166	  18.8189	  24.8696	-1	824	1140
167	  17.6608	   7.1963	-1	672	1140
168	  15.6714	   5.1776	-1	832	1140
169	   6.2913	  15.1904	-1	921	1140
170	  21.8413	  12.4268	-1	881	1140
171	   2.4654	  18.4844	-1	700	1140
172	  17.7663	  21.6136	-1	896	1140
173	  19.3354	  19.8947	-1	699	1140
174	  24.4392	  16.4192	-1	852	1140
175	  20.9136	   7.6073	-1	610	1140
176	   9.1331	  21.0581	-1	1033	1140
177	   9.9394	  19.1005	-1	837	1140
178	  14.0179	  23.9554	-1	681	1140
179	   3.8234	  14.3353	-1	849	1140
180	   1.8872	  20.3631	-1	683	1140
181	  23.6218	   3.3760	-1	766	1140
182	  21.7824	   9.5419	-1	1047	1140
183	  11.8040	   6.3004	-1	892	1140
184	  14.1864	   7.2930	-1	848	1140
185	  10.9682	   9.4144	-1	733	1140
186	  18.4482	   7.3141	-1	773	1140
187	  24.4427	   2.3264	-1	704	1140
188	   9.1524	   8.0210	-1	682	1140
189	   7.4514	   4.1192	-1	969	1140
190	  18.9748	  16.4450	-1	1027	1140
191	  11.7821	   4.8696	-1	679	1140
192	  15.1834	   5.8321	-1	810	1140
193	   9.6862	  15.9975	-1	871	1140
194	   3.1985	  21.5227	-1	1009	1140
195	  22.8535	  13.6148	-1	719	1140
196	  23.4134	  24.6133	-1	973	1140
197	   4.1169	  21.8540	-1	690	1140
198	   1.1796	  24.0967	-1	717	1140
199	   7.6756	  13.8284	-1	661	1140
200	   6.3987	  22.4814	-1	1005	1140
201	  12.7258	  10.8911	-1	992	1140
202	   3.4849	  19.3102	-1	755	1140
203	  17.3191	   7.5139	-1	757	1140
204	  14.4336	   3.2913	-1	1017	1140
205	   9.4490	  15.2435	-1	1001	1140
206	   5.9719	  24.5796	-1	762	1140
207	  22.4817	  12.3125	-1	975	1140
208	  12.8241	  12.4237	-1	762	1140
209	   6.4054	  15.5030	-1	769	1140
210	   1.9101	  17.6549	-1	682	1140
211	  20.9576	  22.9207	-1	843	1140
212	  14.2499	  14.6358	-1	864	1140
213	   5.7922	  15.0169	-1	653	1140
214	  11.4239	  18.3273	-1	1060	1140
215	  14.2527	  15.8251	-1	1037	1140
216	  10.7771	  22.3989	-1	711	1140
217	  23.4335	   3.4497	-1	689	1140
218	  10.1978	   8.2792	-1	665	1140
219	  18.4748	  10.5156	-1	788	1140
220	  11.2404	  23.2669	0	540	1140
221	  24.3494	   1.4937	0	540	1140
222	   0.1772	  14.1454	0	540	1140
223	  18.8846	  18.1775	0	540	1140
224	  24.8781	  14.3321	0	540	1140
225	  13.3196	  24.3834	0	540	1140
226	   5.5597	  17.4922	0	540	1140
227	  21.6010	  20.3783	0	540	1140
228	   6.7537	   2.6897	0	540	1140
229	  23.1912	   6.8584	0	540	1140
230	  18.6236	  14.2666	0	540	1140
231	  23.8740	  22.5819	0	540	1140
232	  19.0901	   2.0692	0	540	1140
233	  10.5733	   6.8013	0	540	1140
234	  20.5038	   0.6766	0	540	1140
235	  18.9646	  23.0503	0	540	1140
236	   1.2182	   0.5353	0	540	1140
237	  21.7904	  15.6212	0	540	1140
238	  21.8296	  19.3316	0	540	1140
239	   5.9857	  16.9937	0	540	1140
240	  14.6813	   4.7519	0	540	1140
241	  18.4906	   1.7407	0	540	1140
242	   4.5902	  16.8255	0	540	1140
243	  20.1918	  18.2199	0	540	1140
244	  18.4230	  17.7482	0	540	1140
245	  21.2089	   5.4879	0	540	1140
246	  23.3902	  24.4059	0	540	1140
247	   3.7872	  10.1991	0	540	1140
248	  10.3667	  11.6541	0	540	1140
249	   0.9716	  18.6344	0	540	1140
250	  13.4810	  23.9339	0	540	1140
251	   6.1685	  11.1836	0	540	1140
252	   0.7584	   8.4166	0	540	1140
253	   1.1826	   5.2314	0	540	1140
254	   0.1518	  12.0198	0	540	1140
255	  23.6766	  19.9192	0	540	1140
256	  19.0428	   0.4421	0	540	1140
257	  20.0839	  17.9055	0	540	1140
258	   8.0432	  10.9747	0	540	1140
