39	5	40	40
0	  18.8678	  24.8980	3	736	736
1	   9.4868	  24.7221	3	722	722
2	   4.2537	  20.2293	3	987	987
3	  21.4874	  10.9428	3	917	917
4	   7.2120	   8.4233	3	812	812
5	  24.0156	   1.7060	3	948	948
6	   8.2135	  10.0731	3	663	663
7	  10.9006	  13.2915	3	989	989
8	   7.0017	  18.7307	3	795	795
9	   9.3997	   5.6799	3	950	950
10	   0.1637	   8.0643	3	969	969
11	   6.4020	   4.6025	3	580	580
12	  11.0148	   0.2698	3	632	632
13	   4.5006	   2.2576	3	977	977
14	   9.6084	  13.9874	3	847	847
15	   1.9797	  13.8620	3	651	651
16	   9.2168	  23.4671	3	729	729
17	  24.8049	   4.5216	3	799	799
18	  23.6015	   5.2355	3	924	924
19	   8.7793	   5.8135	3	796	796
20	  13.6588	   7.7949	3	903	903
21	   7.5195	  21.8722	3	736	736
22	  17.8680	  18.4201	3	778	778
23	  10.1637	  24.8697	3	873	873
24	  12.1508	  19.5634	3	997	997
25	   5.5496	  12.3145	3	826	826
26	   2.6277	  11.9516	3	1022	1022
27	  16.9171	  13.6424	3	764	764
28	  15.9001	  21.8298	3	790	790
29	  10.4051	  17.8798	3	883	883
30	  10.6918	  19.6218	3	840	840
31	  24.1434	  14.9484	3	839	839
32	  15.7322	   7.9228	3	917	917
33	  20.7619	   4.3910	3	659	659
34	  15.7177	   3.2814	3	716	716
35	   1.2632	   8.5857	3	689	689
36	  21.7014	  11.4270	3	568	568
37	   8.4554	   8.8522	3	819	819
38	  21.1668	   8.6180	3	638	638
39	   0.9567	  13.0839	3	675	675
40	  16.1186	  22.0453	-3	736	736
41	   3.6183	  19.3152	-3	722	722
42	  16.3469	  10.4967	-3	987	987
43	  24.9603	  17.8913	-3	917	917
44	  12.2215	  21.4177	-3	812	812
45	  22.2605	  13.1782	-3	948	948
46	  14.0099	   4.3535	-3	663	663
47	  12.0151	  15.1969	-3	989	989
48	  14.4649	   9.7941	-3	795	795
49	  21.0422	  13.3597	-3	950	950
50	   4.0824	  13.4731	-3	969	969
51	   6.5257	  11.7900	-3	580	580
52	  16.0463	   2.6226	-3	632	632
53	  15.7668	  14.8927	-3	977	977
54	  11.3790	   2.5829	-3	847	847
55	  15.7050	   6.0602	-3	651	651
56	   9.7687	  19.4678	-3	729	729
57	   6.6729	  20.1542	-3	799	799
58	  17.8861	  14.0059	-3	924	924
59	   7.0854	  13.0907	-3	796	796
60	   6.3116	  19.3628	-3	903	903
61	   5.9904	  14.0050	-3	736	736
62	  24.1923	  11.2495	-3	778	778
63	  22.7689	  13.5698	-3	873	873
64	  24.7116	  18.4171	-3	997	997
65	  10.6483	  11.9185	-3	826	826
66	  22.6169	  12.8032	-3	1022	1022
67	   9.9236	  22.4914	-3	764	764
68	  18.9267	   0.3639	-3	790	790
69	   0.1120	  19.0216	-3	883	883
70	   7.5813	  12.4950	-3	840	840
71	  18.3746	  20.5600	-3	839	839
72	   9.5015	  13.1606	-3	917	917
73	  16.1116	  21.0538	-3	659	659
74	  14.1380	   1.1746	-3	716	716
75	  21.5600	  24.9571	-3	689	689
76	   5.5005	  15.1219	-3	568	568
77	  19.0610	   1.0898	-3	819	819
78	  23.6779	  19.9468	-3	638	638
79	   7.9031	  14.3100	-3	675	675
80	  10.0080	  19.9066	1	542	602
81	   6.0404	  20.6998	1	777	837
82	   6.1965	  13.6719	1	765	825
83	  12.3357	  21.9287	1	766	826
84	  21.5947	   8.0976	1	957	1017
85	   1.3197	  12.3124	1	745	805
86	  20.8981	   8.0804	1	1007	1067
87	  16.9326	  20.0002	1	738	798
88	   1.1833	   0.8788	1	604	664
89	  14.0394	  17.5014	1	592	652
90	   5.5915	  20.0797	1	736	796
91	  13.2012	  20.1199	1	888	948
92	  17.4670	  19.3977	1	640	700
93	   8.7919	   4.8027	1	676	736
94	  12.9004	  17.6461	1	873	933
95	  17.6989	  24.2793	1	877	937
96	  20.2291	  13.5970	1	952	1012
97	   7.3597	   9.2389	1	855	915
98	  17.9505	  24.2923	1	933	993
99	  12.3917	   7.8575	1	715	775
100	  24.2598	  22.7756	1	850	910
101	   5.6190	   4.8513	1	703	763
102	  17.8553	  18.8202	1	694	754
103	  15.1251	   4.5443	1	597	657
104	  20.4455	   9.6645	1	695	755
105	  24.7050	  21.3486	1	970	1030
106	  13.7551	   5.3293	1	956	1016
107	  20.2670	  24.0659	1	813	873
108	  23.4447	   6.1040	1	752	812
109	   0.2583	  14.2125	1	927	987
110	   2.6085	  12.5214	1	900	960
111	   7.6429	  18.7936	1	754	814
112	   0.1557	  17.0117	1	626	686
113	  24.1458	   3.7865	1	655	715
114	  17.6329	   9.4720	1	980	1040
115	  23.6845	   3.5248	1	975	1035
116	  19.8081	   1.2930	1	860	920
117	  12.3393	  21.6870	1	909	969
118	  10.9268	   4.6826	1	635	695
119	  23.5027	   0.3917	1	857	917
120	   6.0176	   0.8951	-1	613	1140
121	  14.5285	  22.3873	-1	844	1140
122	   8.9569	   5.8977	-1	831	1140
123	  14.0347	  13.1223	-1	833	1140
124	   3.5646	   1.9168	-1	1025	1140
125	  14.8772	   0.8526	-1	811	1140
126	  13.2179	   8.7631	-1	1076	1140
127	  11.2259	   5.3511	-1	808	1140
128	  18.7670	  18.9001	-1	672	1140
129	   8.8700	  21.5696	-1	658	1140
130	  12.4220	   0.2607	-1	802	1140
131	  14.1496	   3.0255	-1	954	1140
132	   8.1151	   5.1028	-1	706	1140
133	   2.4504	  18.0418	-1	742	1140
134	  11.7014	  15.6364	-1	939	1140
135	   8.7363	  13.1176	-1	943	1140
136	  13.2855	  20.0324	-1	1018	1140
137	   4.2392	  11.3090	-1	921	1140
138	   2.9770	  14.3280	-1	999	1140
139	  13.4082	   5.6842	-1	781	1140
140	  14.5750	   2.5955	-1	916	1140
141	   2.3048	  17.4195	-1	769	1140
142	  17.8633	  21.4870	-1	760	1140
143	   0.0009	  22.3643	-1	663	1140
144	  13.1024	  23.8959	-1	761	1140
145	  18.1756	   2.4742	-1	1036	1140
146	  17.5932	  12.3948	-1	1022	1140
147	  13.7638	  23.0381	-1	879	1140
148	   6.8834	  22.7506	-1	818	1140
149	  11.8794	   9.4010	-1	993	1140
150	   7.3202	  16.0705	-1	966	1140
151	  23.6997	  16.9283	-1	820	1140
152	  21.8509	  17.6974	-1	692	1140
153	   6.2774	  22.9787	-1	721	1140
154	  13.6987	  10.0317	-1	1046	1140
155	   9.0187	  22.9006	-1	1041	1140
156	  20.1533	  11.1018	-1	926	1140
157	   6.4519	   7.1096	-1	975	1140
158	   3.7211	  13.8023	-1	701	1140
159	  13.3476	   4.9953	-1	923	1140
160	  17.6974	  12.7164	0	540	1140
161	  22.0311	  13.3065	0	540	1140
162	  23.7532	   4.3990	0	540	1140
163	   7.4934	  10.6848	0	540	1140
164	   5.4307	   4.2577	0	540	1140
165	  22.1905	   6.8485	0	540	1140
166	   7.5739	  10.5573	0	540	1140
167	   5.8440	  23.0041	0	540	1140
168	  20.3048	   0.1343	0	540	1140
169	   5.5368	  19.7163	0	540	1140
170	  16.2429	   9.3385	0	540	1140
171	   8.9178	  10.6562	0	540	1140
172	   3.6066	  24.9163	0	540	1140
173	  18.7100	  18.2533	0	540	1140
174	  16.5953	   7.8388	0	540	1140
175	  14.6140	  22.8663	0	540	1140
176	   3.1623	  16.8470	0	540	1140
177	  21.1525	  21.6122	0	540	1140
178	  16.3264	   5.3865	0	540	1140
179	  11.1757	   3.2380	0	540	1140
180	   4.9201	  16.3629	0	540	1140
181	   0.6999	  19.2798	0	540	1140
182	   7.8145	   2.3136	0	540	1140
183	   7.4834	   2.6140	0	540	1140
184	   5.6243	  13.5750	0	540	1140
185	  18.3585	  13.0994	0	540	1140
186	  21.4333	   7.2071	0	540	1140
187	  17.3670	   0.5668	0	540	1140
188	   9.2545	   6.8148	0	540	1140
189	  24.9712	  10.3224	0	540	1140
190	   8.8853	  14.1903	0	540	1140
191	   4.0520	  22.2530	0	540	1140
192	   5.3532	  12.6176	0	540	1140
193	   5.4566	  19.6078	0	540	1140
194	   9.9370	  19.8090	0	540	1140
195	  11.2851	   1.6847	0	540	1140
196	  18.4469	   9.1834	0	540	1140
197	   1.6585	  13.3960	0	540	1140
198	   1.6019	  21.0386	0	540	1140
