39	5	40	40
0	  22.0574	  12.0967	3	615	615
1	  18.7354	   9.7442	3	692	692
2	   6.3138	   5.5194	3	1034	1034
3	  20.9373	  14.5000	3	833	833
4	   0.0267	   1.2708	3	836	836
5	  21.9723	   5.6930	3	961	961
6	  16.1972	  14.2786	3	1008	1008
7	  10.2994	   7.0274	3	587	587
8	  21.7185	  18.9492	3	563	563
9	   8.0741	  20.7442	3	627	627
10	  20.1164	   7.9115	3	807	807
11	   7.4273	  19.5645	3	824	824
12	  17.5969	   5.8474	3	844	844
13	   5.9954	   6.8604	3	961	961
14	  23.4391	   3.0528	3	682	682
15	  12.7969	   0.2710	3	621	621
16	  22.6939	   8.7343	3	565	565
17	  14.7710	  22.7206	3	814	814
18	  10.0051	  11.7433	3	671	671
19	   3.4137	   1.2023	3	1008	1008
20	   1.0219	  24.5875	3	887	887
21	   4.9872	  11.3212	3	941	941
22	   6.6149	   1.7057	3	669	669
23	   5.2705	  14.6890	3	694	694
24	  22.4499	   0.3869	3	957	957
25	  10.7245	   0.9469	3	670	670
26	  22.0579	   9.1636	3	971	971
27	   3.9996	  16.0150	3	726	726
28	   1.3381	  16.7965	3	866	866
29	  16.2860	  24.0321	3	682	682
30	  17.8002	   0.1664	3	930	930
31	  11.7382	  18.8221	3	793	793
32	   5.1434	   6.3688	3	815	815
33	  18.4312	  10.4138	3	796	796
34	  10.8008	  18.6584	3	939	939
35	  20.7582	   5.7522	3	611	611
36	   6.6991	   5.9138	3	717	717
37	  15.6463	  10.6987	3	907	907
38	  21.9288	  16.9845	3	638	638
39	   2.4953	  13.2148	3	720	720
40	  22.6249	  13.2396	-3	615	615
41	  19.0584	  10.4568	-3	692	692
42	   5.6420	   5.0603	-3	1034	1034
43	  21.0578	  15.8810	-3	833	833
44	   0.3364	   2.9178	-3	836	836
45	  21.1738	   3.7849	-3	961	961
46	  14.5547	  13.8687	-3	1008	1008
47	   8.8559	   6.4827	-3	587	587
48	  20.5015	  19.8740	-3	563	563
49	   7.8703	  21.7463	-3	627	627
50	  19.2430	   6.2978	-3	807	807
51	   7.0169	  19.7951	-3	824	824
52	  18.2311	   6.9823	-3	844	844
53	   6.5722	   6.9261	-3	961	961
54	  24.6454	   2.2284	-3	682	682
55	  12.9357	   0.3002	-3	621	621
56	  22.2229	  10.1902	-3	565	565
57	  14.3515	  21.8252	-3	814	814
58	  10.7426	  11.7796	-3	671	671
59	   2.1116	   2.5652	-3	1008	1008
60	   0.7021	  23.6714	-3	887	887
61	   5.1682	  10.9487	-3	941	941
62	   8.6879	   2.2261	-3	669	669
63	   4.1051	  15.9165	-3	694	694
64	  21.0876	   1.1739	-3	957	957
65	  10.9235	   2.9597	-3	670	670
66	  20.4449	   7.8626	-3	971	971
67	   4.8682	  16.8691	-3	726	726
68	   1.6795	  17.3255	-3	866	866
69	  18.3749	  24.7449	-3	682	682
70	  19.9882	   1.4859	-3	930	930
71	  11.8359	  18.8622	-3	793	793
72	   5.0936	   5.7976	-3	815	815
73	  20.0436	   9.8943	-3	796	796
74	  11.9416	  17.5980	-3	939	939
75	  19.9071	   5.7188	-3	611	611
76	   5.3948	   6.8954	-3	717	717
77	  15.2791	  12.2139	-3	907	907
78	  22.2256	  17.1143	-3	638	638
79	   1.1167	  12.7259	-3	720	720
80	  16.0166	   3.0261	1	676	736
81	  19.2718	  12.7693	1	657	717
82	   5.8942	  12.6896	1	636	696
83	   1.3379	   7.2521	1	770	830
84	   8.7746	  22.0960	1	741	801
85	  13.0044	  17.6305	1	968	1028
86	   3.5787	  19.7035	1	913	973
87	  23.5442	  19.2251	1	776	836
88	   5.4022	  20.4731	1	792	852
89	  11.2096	   7.8974	1	945	1005
90	  14.9954	  24.4855	1	676	736
91	  15.0318	   2.9312	1	632	692
92	   6.9635	   9.6792	1	628	688
93	   2.2682	   3.4149	1	635	695
94	  24.7955	   3.6060	1	648	708
95	  23.5059	  23.7771	1	905	965
96	   6.6745	   3.9058	1	716	776
97	   8.6805	  24.7868	1	780	840
98	   3.2017	   4.9637	1	933	993
99	  13.5338	  15.2568	1	824	884
100	  12.5401	  14.7344	1	562	622
101	  19.5376	   5.9150	1	895	955
102	   4.6921	   9.6972	1	977	1037
103	  16.6375	  21.0480	1	909	969
104	  12.9172	  10.1892	1	651	711
105	  16.9946	  21.5977	1	816	876
106	   7.5463	  13.1776	1	741	801
107	   2.0464	  15.6603	1	1008	1068
108	  12.3578	  14.5865	1	635	695
109	   4.5712	   2.6978	1	561	621
110	  11.5602	  18.1743	1	588	648
111	  17.3982	  15.5247	1	772	832
112	  13.6428	   9.0357	1	679	739
113	  11.5727	   6.0087	1	617	677
114	   5.5413	  24.4899	1	934	994
115	  19.6987	   3.6339	1	812	872
116	   0.7350	  16.3979	1	575	635
117	   5.9844	  17.8802	1	838	898
118	  10.4997	  15.0231	1	578	638
119	  24.0587	  15.3371	1	760	820
120	  16.1291	   3.5176	-1	747	1140
121	  18.2916	  12.4221	-1	724	1140
122	   4.3867	  13.2913	-1	702	1140
123	   3.4262	   7.3791	-1	837	1140
124	   9.9760	  22.1628	-1	809	1140
125	  14.0124	  18.3057	-1	1034	1140
126	   3.9646	  20.4686	-1	982	1140
127	  23.6556	  15.8718	-1	846	1140
128	   5.3422	  22.9760	-1	860	1140
129	  10.6670	   8.5701	-1	1011	1140
130	  17.0835	  21.8973	-1	742	1140
131	  13.6196	   0.0383	-1	698	1140
132	   5.1812	   9.4181	-1	694	1140
133	   1.2006	   4.2808	-1	701	1140
134	  24.9389	   0.1936	-1	714	1140
135	  24.0254	  23.3645	-1	971	1140
136	   8.3735	   3.7126	-1	782	1140
137	  10.3393	  23.2837	-1	846	1140
138	   5.1513	   4.6000	-1	999	1140
139	  13.6030	  14.7004	-1	890	1140
140	  11.8452	  15.4443	-1	628	1140
141	  19.1758	   3.7491	-1	961	1140
142	   3.3762	   9.2568	-1	1043	1140
143	  17.3659	  21.5056	-1	975	1140
144	  12.2588	  10.8020	-1	717	1140
145	  19.1785	  20.3687	-1	882	1140
146	   8.5020	  11.6721	-1	807	1140
147	   2.9510	  16.0364	-1	1074	1140
148	  11.7267	  15.7871	-1	701	1140
149	   4.7629	   0.0258	-1	627	1140
150	  12.8886	  17.2247	-1	654	1140
151	  18.6597	  15.2834	-1	838	1140
152	  12.1746	   7.3989	-1	745	1140
153	   8.6105	   7.9008	-1	683	1140
154	   3.7643	  24.1426	-1	1000	1140
155	  19.8209	   4.5732	-1	878	1140
156	   2.3454	  19.1592	-1	641	1140
157	   6.1047	  16.7794	-1	904	1140
158	  12.5870	  13.1176	-1	644	1140
159	  19.5891	  17.2688	-1	826	1140
160	   6.8655	   1.9370	0	540	1140
161	  20.2179	   9.7154	0	540	1140
162	  20.5347	   6.8212	0	540	1140
163	  10.2394	  20.1264	0	540	1140
164	  15.4271	   1.6360	0	540	1140
165	  18.9571	  17.1745	0	540	1140
166	  11.2881	   9.0557	0	540	1140
167	  13.6868	  18.4765	0	540	1140
168	  20.1248	   6.4638	0	540	1140
169	  19.9515	  15.1975	0	540	1140
170	  13.7474	   4.9983	0	540	1140
171	  24.7539	  16.7255	0	540	1140
172	  15.6208	  16.8114	0	540	1140
173	  14.4793	  18.0434	0	540	1140
174	  22.6006	   4.8771	0	540	1140
175	   7.8158	   5.6806	0	540	1140
176	  13.5620	  12.0721	0	540	1140
177	   5.9395	   4.4260	0	540	1140
178	  23.5368	  20.1445	0	540	1140
179	  14.8270	  21.3492	0	540	1140
180	  18.9827	   2.8214	0	540	1140
181	   2.1265	  22.1011	0	540	1140
182	   2.7589	  11.3666	0	540	1140
183	  17.0257	  11.0375	0	540	1140
184	  16.1979	  22.5359	0	540	1140
185	  24.7857	  20.9260	0	540	1140
186	  24.6995	  19.3288	0	540	1140
187	  12.4855	  13.0928	0	540	1140
188	  19.7631	  18.8987	0	540	1140
189	   8.9091	  14.5418	0	540	1140
190	  21.4514	  15.1163	0	540	1140
191	  12.7543	  19.9271	0	540	1140
192	  17.8233	  20.4890	0	540	1140
193	   0.5308	   6.0570	0	540	1140
194	   3.2724	   6.1452	0	540	1140
195	  14.5484	  11.8745	0	540	1140
196	  21.7527	  10.5359	0	540	1140
197	   4.3524	   0.6741	0	540	1140
198	   0.6617	  14.6049	0	540	1140
