39	5	40	60
0	   6.1685	  11.1836	3	1014	1014
1	  20.9584	  16.0757	3	660	660
2	   2.1430	   2.6264	3	588	588
3	   7.4195	   6.1561	3	599	599
4	  24.2054	   7.7940	3	597	597
5	  19.3560	  10.6831	3	982	982
6	   7.9461	  24.1679	3	660	660
7	  11.2404	  23.2669	3	974	974
8	  13.5409	   7.3116	3	737	737
9	   6.8904	  17.8048	3	933	933
10	  20.5475	  19.2015	3	719	719
11	  12.8733	  21.3000	3	1023	1023
12	   6.7537	   2.6897	3	973	973
13	  14.3348	   2.9985	3	586	586
14	  17.1325	   2.9867	3	735	735
15	  14.3767	  16.3133	3	939	939
16	   0.8714	  21.7962	3	865	865
17	  22.4695	   0.0768	3	796	796
18	   4.5902	  16.8255	3	1014	1014
19	  15.9933	  22.0003	3	560	560
20	  10.8032	   4.5343	3	786	786
21	  22.3391	  24.8594	3	657	657
22	  11.8951	  10.2123	3	632	632
23	  21.1594	  18.6488	3	674	674
24	  21.6473	   5.0345	3	752	752
25	  13.4810	  23.9339	3	567	567
26	   3.3355	   2.6513	3	820	820
27	  22.1789	  17.7121	3	1002	1002
28	  18.9646	  23.0503	3	763	763
29	  14.5083	  16.4341	3	609	609
30	   8.2596	   8.8869	3	623	623
31	   6.6349	  24.2529	3	609	609
32	   5.8872	  17.4381	3	581	581
33	  10.1317	   1.1263	3	652	652
34	  11.3386	   6.2178	3	649	649
35	  15.6756	  24.2406	3	618	618
36	  16.7120	  12.3229	3	946	946
37	  11.2568	   7.6106	3	749	749
38	   6.4860	  14.8311	3	1032	1032
39	  18.2431	   4.6131	3	644	644
40	   8.5657	  10.1045	-3	1014	1014
41	  20.0839	  17.9055	-3	660	660
42	   2.8867	   0.3447	-3	588	588
43	   7.8443	   8.4357	-3	599	599
44	  22.6547	  10.1005	-3	597	597
45	  19.9756	  11.8918	-3	982	982
46	   6.1231	  24.0576	-3	660	660
47	  10.0585	  22.0268	-3	974	974
48	  11.8040	   6.3004	-3	737	737
49	   5.4474	  18.2990	-3	933	933
50	  20.4765	  20.3283	-3	719	719
51	  11.4501	  19.5668	-3	1023	1023
52	   6.5856	   3.9892	-3	973	973
53	  12.4829	   4.6398	-3	586	586
54	  18.1126	   1.4449	-3	735	735
55	  13.5000	  15.5644	-3	939	939
56	   0.6343	  19.7077	-3	865	865
57	  24.4843	   0.8503	-3	796	796
58	   4.3119	  17.6936	-3	1014	1014
59	  16.7578	  23.0594	-3	560	560
60	  11.0233	   3.0798	-3	786	786
61	  22.1293	  24.3269	-3	657	657
62	  10.1978	   8.2792	-3	632	632
63	  21.6010	  20.3783	-3	674	674
64	  20.8626	   5.8367	-3	752	752
65	  14.4880	  23.2118	-3	567	567
66	   0.3227	   1.8090	-3	820	820
67	  23.1271	  19.0985	-3	1002	1002
68	  17.7818	  22.9223	-3	763	763
69	  16.4372	  15.8060	-3	609	609
70	   8.0432	  10.9747	-3	623	623
71	   7.5751	  23.5256	-3	609	609
72	   7.7801	  16.8419	-3	581	581
73	   6.8386	   0.7843	-3	652	652
74	  10.5733	   6.8013	-3	649	649
75	  14.0179	  23.9554	-3	618	618
76	  17.4987	  11.5886	-3	946	946
77	  10.9682	   9.4144	-3	749	749
78	   6.2913	  15.1904	-3	1032	1032
79	  17.7677	   4.4165	-3	644	644
80	   8.9296	   1.5027	1	854	914
81	   0.7556	  19.3872	1	544	604
82	   8.0026	   4.5428	1	979	1039
83	   4.5863	  18.1343	1	847	907
84	   5.6690	  14.6448	1	782	842
85	  15.1611	  17.0076	1	877	937
86	  16.2482	  12.5747	1	876	936
87	  12.8522	   3.4567	1	699	759
88	   2.4209	  19.3383	1	703	763
89	  18.2878	  20.6640	1	992	1052
90	  23.9514	   2.2173	1	829	889
91	  22.1667	  12.4514	1	750	810
92	  18.9186	   8.1341	1	949	1009
93	   0.1417	  21.9323	1	551	611
94	  14.9163	  16.3899	1	704	764
95	   9.5070	   8.0760	1	764	824
96	  11.9133	   2.2747	1	818	878
97	  12.4925	  15.0472	1	666	726
98	  18.5039	   5.3076	1	756	816
99	  19.6830	  11.7917	1	923	983
100	  14.0090	  23.1383	1	835	895
101	   6.0858	   6.7908	1	689	749
102	  21.0605	  12.9244	1	543	603
103	   6.6596	   0.4191	1	886	946
104	  22.3514	   0.4897	1	883	943
105	   9.1331	  21.0581	1	912	972
106	   0.1518	  12.0198	1	836	896
107	  21.4029	  18.6557	1	650	710
108	  17.3274	  16.0858	1	983	1043
109	   9.7202	  19.4564	1	638	698
110	   1.2472	  12.4978	1	1006	1066
111	   3.7304	   8.8223	1	759	819
112	   3.4989	  20.8894	1	574	634
113	  21.3791	  22.6756	1	907	967
114	   1.0029	   7.9318	1	597	657
115	   3.8617	  22.4057	1	816	876
116	  13.4916	   7.0349	1	774	834
117	   1.4914	   5.9252	1	865	925
118	  18.4230	  17.7482	1	975	1035
119	  17.7663	  21.6136	1	870	930
120	   0.1772	  14.1454	1	848	908
121	  19.0901	   2.0692	1	795	855
122	  24.7279	  20.0930	1	542	602
123	  10.0011	   3.5895	1	719	779
124	  24.7786	   5.9903	1	738	798
125	  18.6236	  14.2666	1	638	698
126	   4.2021	  20.1149	1	875	935
127	  13.2029	   6.0931	1	547	607
128	   8.1624	  13.9143	1	764	824
129	   2.3860	  18.1634	1	621	681
130	  17.5038	  19.8847	1	862	922
131	   4.7521	  17.2824	1	991	1051
132	   0.8750	  23.3757	1	703	763
133	  18.4906	   1.7407	1	865	925
134	  15.3555	   9.2652	1	799	859
135	   0.7584	   8.4166	1	576	636
136	  16.0614	   7.0497	1	699	759
137	   6.1073	  10.4109	1	625	685
138	   1.6032	  24.6664	1	618	678
139	  17.8298	  24.0894	1	604	664
140	  10.8677	   1.3322	-1	925	1140
141	   1.5876	  21.1890	-1	611	1140
142	   7.7088	   4.9447	-1	1045	1140
143	   3.4849	  19.3102	-1	914	1140
144	   6.4361	  13.5709	-1	850	1140
145	  14.0335	  18.8371	-1	943	1140
146	  18.2334	   9.9911	-1	945	1140
147	  14.0178	   2.7386	-1	769	1140
148	   0.9716	  18.6344	-1	771	1140
149	  20.8280	  21.8769	-1	1058	1140
150	  24.3494	   1.4937	-1	895	1140
151	  22.8535	  13.6148	-1	816	1140
152	  18.0611	   6.7962	-1	1015	1140
153	   1.6238	  23.9778	-1	617	1140
154	  14.2527	  15.8251	-1	770	1140
155	  12.3883	   6.5507	-1	830	1140
156	  11.5609	   4.4463	-1	884	1140
157	  11.4239	  18.3273	-1	732	1140
158	  18.2430	   6.0574	-1	822	1140
159	  20.0902	   9.3614	-1	989	1140
160	  14.6822	  21.2379	-1	901	1140
161	   6.5489	   5.0771	-1	755	1140
162	  18.8704	  13.8674	-1	609	1140
163	  12.8027	   3.5397	-1	952	1140
164	  23.9973	   0.3201	-1	949	1140
165	   8.3168	  18.5645	-1	978	1140
166	   3.2233	  11.8670	-1	902	1140
167	  19.3354	  19.8947	-1	716	1140
168	  17.0896	  15.6309	-1	1049	1140
169	   9.9394	  19.1005	-1	704	1140
170	   2.7509	   9.6855	-1	1072	1140
171	   2.0854	   7.8561	-1	825	1140
172	   3.1985	  21.5227	-1	640	1140
173	  24.3029	  23.3506	-1	973	1140
174	   0.2767	   5.2031	-1	663	1140
175	   4.1169	  21.8540	-1	882	1140
176	  11.1413	   6.5417	-1	840	1140
177	   3.5537	   2.1988	-1	931	1140
178	  18.9748	  16.4450	-1	1041	1140
179	  15.8151	  21.4208	-1	936	1140
180	   0.4027	  16.3315	-1	914	1140
181	  22.1308	   4.1148	-1	861	1140
182	  20.9576	  22.9207	-1	608	1140
183	  12.0114	   6.1578	-1	785	1140
184	  24.6614	   3.1231	-1	804	1140
185	  21.2269	  16.0918	-1	704	1140
186	   4.3840	  22.8192	-1	941	1140
187	  11.7821	   4.8696	-1	613	1140
188	   6.4054	  15.5030	-1	830	1140
189	   0.5128	  17.7912	-1	687	1140
190	  16.5040	  17.6713	-1	928	1140
191	   2.4874	  17.9108	-1	1057	1140
192	   1.1796	  24.0967	-1	769	1140
193	  20.5038	   0.6766	-1	931	1140
194	  12.7258	  10.8911	-1	865	1140
195	   0.0667	   8.4740	-1	642	1140
196	  20.9136	   7.6073	-1	765	1140
197	   3.5460	   9.3401	-1	691	1140
198	   6.3987	  22.4814	-1	684	1140
199	  13.3196	  24.3834	-1	670	1140
200	   1.0697	   9.0796	0	540	1140
201	   2.4650	  11.4249	0	540	1140
202	  12.9020	  10.4942	0	540	1140
203	  23.3902	  24.4059	0	540	1140
204	   3.1340	   0.6120	0	540	1140
205	  18.4748	  10.5156	0	540	1140
206	  24.7293	   6.9386	0	540	1140
207	  23.2970	  16.3441	0	540	1140
208	   2.2866	  23.3009	0	540	1140
209	   8.3623	  13.3863	0	540	1140
210	  14.1704	  23.2450	0	540	1140
211	   7.8574	  14.7611	0	540	1140
212	  10.7599	  12.5363	0	540	1140
213	   4.2751	   5.1930	0	540	1140
214	  21.2089	   5.4879	0	540	1140
215	  22.4148	  10.0008	0	540	1140
216	   3.7872	  10.1991	0	540	1140
217	   7.4514	   4.1192	0	540	1140
218	   9.3164	   5.6859	0	540	1140
219	   1.1826	   5.2314	0	540	1140
220	  12.5172	  12.6430	0	540	1140
221	  21.7904	  15.6212	0	540	1140
222	  20.1918	  18.2199	0	540	1140
223	  24.3329	  19.6925	0	540	1140
224	  18.1596	  20.5234	0	540	1140
225	   1.1766	  16.4488	0	540	1140
226	  23.1912	   6.8584	0	540	1140
227	  19.2892	   7.8860	0	540	1140
228	  18.8846	  18.1775	0	540	1140
229	  13.8439	  15.8608	0	540	1140
230	  24.4392	  16.4192	0	540	1140
231	  14.1864	   7.2930	0	540	1140
232	  10.3160	  17.6830	0	540	1140
233	  23.6070	  22.1845	0	540	1140
234	   8.8782	   4.1097	0	540	1140
235	  13.2465	  18.1585	0	540	1140
236	  14.4336	   3.2913	0	540	1140
237	  14.2499	  14.6358	0	540	1140
238	   2.4654	  18.4844	0	540	1140
