11	5	60	30
0	  11.4933	   1.3419	3	860	860
1	   6.5045	  23.6770	3	765	765
2	  12.4309	  18.8701	3	819	819
3	  22.4510	  21.7899	3	715	715
4	  15.1888	  10.5212	3	740	740
5	  10.9245	  20.8486	3	1037	1037
6	  16.7665	  14.4149	3	710	710
7	  17.5080	  24.0830	3	826	826
8	  21.8063	  18.3133	3	664	664
9	   7.3919	  16.2810	3	799	799
10	   9.6849	  24.6393	3	720	720
11	  10.1561	   3.6099	3	892	892
12	  12.2012	  11.5354	3	1017	1017
13	  18.2183	  15.8025	3	615	615
14	   0.8806	  17.3979	3	614	614
15	  24.0508	  12.3739	3	869	869
16	  18.7398	   5.5553	3	566	566
17	  11.0508	   6.1707	3	945	945
18	  24.4254	   8.5019	3	680	680
19	   2.9606	  14.6142	3	959	959
20	  19.0231	  13.8851	3	882	882
21	  10.4628	  10.7896	3	1012	1012
22	   3.3000	   2.9708	3	866	866
23	  16.9037	   1.5434	3	988	988
24	   9.5789	   4.1050	3	582	582
25	  13.0788	   2.7972	3	1005	1005
26	  19.9074	  13.9594	3	672	672
27	  20.1951	  18.9582	3	578	578
28	   1.3332	  13.9349	3	997	997
29	  24.5135	  12.3841	3	997	997
30	  20.1056	  23.9389	3	885	885
31	  20.8860	  23.0662	3	817	817
32	  13.5531	  14.9090	3	595	595
33	  11.9513	  24.0159	3	1017	1017
34	   0.6986	  15.2513	3	844	844
35	   1.9866	  10.5711	3	775	775
36	  15.3577	  23.2707	3	1014	1014
37	   2.8356	   6.7450	3	866	866
38	   4.2396	  19.7393	3	913	913
39	   8.2884	  13.8185	3	990	990
40	  23.8443	  21.3671	3	626	626
41	  16.6156	  18.7517	3	593	593
42	  12.7099	  11.6597	3	842	842
43	   0.7457	  12.2235	3	955	955
44	  24.0438	  20.8513	3	1000	1000
45	  11.1624	  19.9297	3	768	768
46	  18.9175	  24.7155	3	784	784
47	   9.8388	   5.8688	3	878	878
48	  23.7314	  10.5374	3	673	673
49	  21.1201	   0.7180	3	776	776
50	  21.1085	  11.4778	3	798	798
51	  23.9887	  23.9441	3	996	996
52	  18.2228	   3.2283	3	748	748
53	  18.6835	   1.5111	3	624	624
54	  22.8783	   8.6624	3	816	816
55	  20.4731	  23.9894	3	771	771
56	  16.8564	  20.8221	3	941	941
57	   9.2142	  12.9765	3	928	928
58	  21.5401	   5.3227	3	789	789
59	  24.4543	  20.5288	3	898	898
60	   9.8725	   0.1063	-3	860	860
61	   4.4366	  23.1164	-3	765	765
62	  11.2129	  18.9083	-3	819	819
63	  21.9249	  20.0603	-3	715	715
64	  14.8513	  12.1888	-3	740	740
65	  10.7305	  19.6364	-3	1037	1037
66	  17.4297	  15.4996	-3	710	710
67	  17.2625	  24.8623	-3	826	826
68	  22.8061	  16.0638	-3	664	664
69	   6.7779	  18.4099	-3	799	799
70	  12.1977	  22.9493	-3	720	720
71	   9.5504	   3.0323	-3	892	892
72	  13.8380	  10.9876	-3	1017	1017
73	  19.1768	  15.8989	-3	615	615
74	   2.3892	  16.9226	-3	614	614
75	  24.8309	  12.1702	-3	869	869
76	  18.7060	   3.2812	-3	566	566
77	  10.9091	   4.3588	-3	945	945
78	  22.9086	   7.6870	-3	680	680
79	   3.4401	  14.5074	-3	959	959
80	  18.3511	  11.6925	-3	882	882
81	  10.3265	  11.8108	-3	1012	1012
82	   5.3770	   2.9814	-3	866	866
83	  19.6659	   1.2095	-3	988	988
84	   9.3352	   2.8820	-3	582	582
85	  16.8876	   2.2280	-3	1005	1005
86	  19.1882	  15.8038	-3	672	672
87	  19.8645	  21.2188	-3	578	578
88	   1.1645	  13.4571	-3	997	997
89	  23.2554	  11.8856	-3	997	997
90	  21.8201	  23.5765	-3	885	885
91	  21.9348	  24.3027	-3	817	817
92	  13.1411	  14.6325	-3	595	595
93	  12.8675	  24.5538	-3	1017	1017
94	   3.8220	  13.9308	-3	844	844
95	   2.4347	   8.3440	-3	775	775
96	  17.0701	  22.3753	-3	1014	1014
97	   2.3107	   8.3630	-3	866	866
98	   3.0633	  19.9691	-3	913	913
99	  10.6114	  12.8534	-3	990	990
100	  23.2026	  21.6049	-3	626	626
101	  17.0467	  17.5278	-3	593	593
102	  14.3163	  13.5648	-3	842	842
103	   1.9813	  11.2705	-3	955	955
104	  22.8927	  21.8273	-3	1000	1000
105	   9.0326	  18.9470	-3	768	768
106	  14.7118	  24.1370	-3	784	784
107	   8.8779	   8.7909	-3	878	878
108	  22.2697	   9.8931	-3	673	673
109	  20.4404	   3.8340	-3	776	776
110	  21.6028	   8.7112	-3	798	798
111	  22.0908	  23.6768	-3	996	996
112	  19.8978	   4.9945	-3	748	748
113	  16.2468	   4.6151	-3	624	624
114	  22.6223	  11.2511	-3	816	816
115	  21.3246	  19.7436	-3	771	771
116	  16.9620	  18.2203	-3	941	941
117	  11.3459	  14.6498	-3	928	928
118	  24.3797	   3.3227	-3	789	789
119	  22.8416	  19.4414	-3	898	898
120	   4.2668	  17.6771	1	947	1007
121	  23.7571	  22.9503	1	974	1034
122	  15.4781	  17.0665	1	607	667
123	  24.4662	   1.7576	1	902	962
124	   0.2712	  19.9393	1	621	681
125	   0.7470	  20.1357	1	742	802
126	  16.1581	  11.9599	1	808	868
127	  14.0440	   8.2282	1	928	988
128	  19.2157	   6.4260	1	908	968
129	   2.2481	  10.7730	1	563	623
130	  24.0486	  23.7882	1	750	810
131	  16.0956	  23.5029	1	826	886
132	  19.3170	  20.3625	1	759	819
133	  18.3128	  10.3682	1	833	893
134	  10.5485	   2.7059	1	601	661
135	   3.2833	  11.2955	1	949	1009
136	   7.9574	  16.2647	1	883	943
137	   2.0993	   7.0060	1	987	1047
138	  15.0530	  18.1950	1	570	630
139	   2.4440	   6.8702	1	707	767
140	   7.0571	  11.3219	1	784	844
141	  15.6611	   9.4918	1	898	958
142	  12.5050	  10.0393	1	865	925
143	   3.0189	  24.9030	1	862	922
144	   6.9091	  13.6854	1	1004	1064
145	  23.3131	  12.4180	1	733	793
146	  23.0554	  11.8706	1	735	795
147	   9.1069	   0.4995	1	578	638
148	  11.8214	   9.4018	1	941	1001
149	   0.6557	   6.4873	1	784	844
150	   4.4928	  16.2783	-1	1015	1140
151	  18.5007	  16.8334	-1	1051	1140
152	  14.0166	  16.3264	-1	681	1140
153	  23.6325	   5.1182	-1	981	1140
154	   0.5928	  24.4983	-1	687	1140
155	   1.9314	  24.5877	-1	808	1140
156	  16.5588	  10.5999	-1	874	1140
157	  14.1863	   9.4750	-1	994	1140
158	  17.3423	   3.6247	-1	974	1140
159	   5.5089	   9.3700	-1	629	1140
160	  21.0342	  15.0980	-1	816	1140
161	  14.7676	  21.8853	-1	892	1140
162	  16.1800	  18.0741	-1	825	1140
163	  16.9456	   7.3678	-1	899	1140
164	  13.1611	   4.5443	-1	667	1140
165	   3.6945	  12.8701	-1	1015	1140
166	   8.8769	  19.8176	-1	949	1140
167	   3.3341	   7.2900	-1	1053	1140
168	  13.5574	  21.6889	-1	636	1140
169	   2.3775	   4.9763	-1	773	1140
170	   6.9981	   9.1547	-1	850	1140
171	  17.3907	  10.7605	-1	964	1140
172	  13.7773	  13.5848	-1	931	1140
173	   7.6794	  21.9224	-1	928	1140
174	   5.4310	   8.9793	-1	1070	1140
175	  18.7408	  16.1640	-1	799	1140
176	  19.2803	   7.3037	-1	801	1140
177	   7.6400	   5.9586	-1	644	1140
178	   9.5957	   9.5290	-1	1007	1140
179	   2.9735	   3.9899	-1	850	1140
180	  12.7010	  24.0487	0	540	1140
181	  16.3873	   5.9689	0	540	1140
182	  21.9137	  12.9603	0	540	1140
183	  11.2795	   8.2048	0	540	1140
184	  23.4574	   3.0350	0	540	1140
185	   2.6696	   7.5907	0	540	1140
186	  21.2840	  17.2645	0	540	1140
187	  16.0500	   1.6824	0	540	1140
188	  14.2325	  18.2464	0	540	1140
189	  19.3951	  14.7707	0	540	1140
190	   1.5588	  11.0721	0	540	1140
