17	5	100	50
0	   3.9954	  18.0504	3	875	875
1	  17.5190	  11.9398	3	966	966
2	   3.2666	  11.0207	3	611	611
3	  15.3317	  14.4361	3	746	746
4	   9.9532	  14.8795	3	827	827
5	   0.4713	  14.9673	3	784	784
6	  10.4398	   3.1483	3	967	967
7	   6.3730	  11.3315	3	909	909
8	  17.9146	   9.6485	3	708	708
9	   7.5988	  14.0138	3	761	761
10	  13.6778	   2.7950	3	728	728
11	   6.2860	   4.6344	3	942	942
12	  17.4257	  22.2279	3	632	632
13	  16.9374	  16.1325	3	731	731
14	   4.3904	  20.9328	3	731	731
15	   9.1829	  21.9094	3	1006	1006
16	   7.8727	  12.4496	3	777	777
17	   1.8856	  17.8832	3	891	891
18	  13.0838	   2.3569	3	926	926
19	   7.8506	  23.5237	3	986	986
20	   5.5052	  14.2236	3	912	912
21	   9.8552	  23.4198	3	819	819
22	  23.8721	  17.4540	3	692	692
23	  12.4336	  12.5498	3	672	672
24	  17.1842	  19.9440	3	641	641
25	   1.0752	   9.6100	3	906	906
26	  17.1719	  18.0126	3	1009	1009
27	   0.7425	  21.5623	3	635	635
28	  13.9454	   9.9254	3	837	837
29	  18.4717	  21.8181	3	653	653
30	  22.3749	   1.4017	3	776	776
31	  19.2849	   8.1062	3	1024	1024
32	   1.6175	   2.1355	3	931	931
33	   6.6298	   7.1227	3	699	699
34	  16.3591	  16.4850	3	602	602
35	   5.5425	  15.2311	3	718	718
36	   8.9390	  17.9761	3	924	924
37	   2.7810	   4.1879	3	1010	1010
38	  11.6957	  19.9652	3	587	587
39	  24.1320	  12.7709	3	592	592
40	   4.5752	  16.3039	3	731	731
41	  15.2430	   6.3378	3	627	627
42	  16.5469	  12.6179	3	846	846
43	   7.7395	  11.5693	3	676	676
44	  11.8785	   2.0245	3	798	798
45	  19.6755	  13.4960	3	1018	1018
46	   4.1600	   1.3054	3	642	642
47	  20.6187	  20.5190	3	887	887
48	  17.7904	   1.1612	3	869	869
49	  10.7502	   1.7293	3	880	880
50	  19.1374	  13.5311	3	705	705
51	   5.9172	   5.8331	3	613	613
52	   8.4963	   5.0492	3	660	660
53	  18.6040	  13.0715	3	838	838
54	  21.3531	  24.3874	3	726	726
55	  18.3891	   9.2192	3	613	613
56	  19.1163	   8.6321	3	576	576
57	  15.5570	  10.6632	3	567	567
58	  21.2500	  23.2966	3	561	561
59	  22.2326	   8.1285	3	853	853
60	   0.3210	  16.9081	3	1012	1012
61	  21.6245	   4.4810	3	649	649
62	  18.2134	  17.2432	3	709	709
63	   0.0000	  11.0038	3	903	903
64	  18.4045	  10.7502	3	661	661
65	  12.7331	  12.5418	3	752	752
66	  24.2813	  18.6503	3	582	582
67	  18.3749	   7.7777	3	1025	1025
68	  23.6995	  11.9788	3	594	594
69	  11.3663	  14.2383	3	961	961
70	   4.2718	   5.4826	3	929	929
71	  22.8703	  19.8288	3	637	637
72	  16.1458	  19.1204	3	1029	1029
73	   2.2489	  18.4464	3	735	735
74	   5.2864	  23.8734	3	753	753
75	  22.9275	  23.4998	3	659	659
76	  16.1166	  22.9275	3	585	585
77	   8.6777	  22.2367	3	707	707
78	  22.0629	   7.9591	3	859	859
79	  15.7367	  14.5865	3	767	767
80	   9.6391	  13.7829	3	1028	1028
81	   0.8241	  13.9109	3	1004	1004
82	  19.2655	  23.6945	3	820	820
83	   8.7397	  10.4113	3	1000	1000
84	  17.8149	   1.8651	3	802	802
85	  23.7896	  20.0638	3	858	858
86	  20.3115	   4.0761	3	925	925
87	  18.9372	  18.2390	3	691	691
88	  16.1665	  12.0795	3	737	737
89	   7.8032	   0.2032	3	798	798
90	   7.0757	  23.5400	3	856	856
91	  14.7897	   9.4924	3	709	709
92	  10.1259	  24.4288	3	888	888
93	  23.2753	  10.9500	3	1006	1006
94	  13.3397	  17.5407	3	925	925
95	   9.6445	  22.0794	3	861	861
96	   2.9520	   2.4594	3	590	590
97	  23.9445	   1.7417	3	819	819
98	  22.5232	  19.2560	3	846	846
99	   5.8177	  16.4604	3	976	976
100	  24.6951	   7.3556	-3	875	875
101	  20.2326	   4.2685	-3	966	966
102	  21.1032	  16.0915	-3	611	611
103	   0.4825	  14.9600	-3	746	746
104	   9.3162	  16.6379	-3	827	827
105	   7.6917	   6.9578	-3	784	784
106	   5.7987	  24.5779	-3	967	967
107	   7.9300	  23.2043	-3	909	909
108	  14.0163	   8.5264	-3	708	708
109	  12.4950	   8.3936	-3	761	761
110	  14.0534	  16.4407	-3	728	728
111	  20.2490	  18.7196	-3	942	942
112	   5.1189	  20.4453	-3	632	632
113	  13.2003	  10.9369	-3	731	731
114	  21.3405	   1.0540	-3	731	731
115	   1.8897	   0.6588	-3	1006	1006
116	  22.0139	   4.7634	-3	777	777
117	   3.4113	   8.0788	-3	891	891
118	   3.9060	  15.7533	-3	926	926
119	  11.0233	  22.9852	-3	986	986
120	  21.8672	   2.6266	-3	912	912
121	  12.2804	  18.8549	-3	819	819
122	   8.4783	  10.6874	-3	692	692
123	  11.8745	   1.4296	-3	672	672
124	   4.9925	  19.8028	-3	641	641
125	  16.1187	   8.8534	-3	906	906
126	   4.9544	  21.2616	-3	1009	1009
127	  13.3354	  24.2236	-3	635	635
128	  20.4606	  17.5329	-3	837	837
129	  15.5285	   7.9157	-3	653	653
130	   8.2468	   0.1011	-3	776	776
131	  21.3482	   7.6435	-3	1024	1024
132	   2.5759	  10.0539	-3	931	931
133	  12.8662	  19.7289	-3	699	699
134	  12.1855	  23.1475	-3	602	602
135	  14.1836	  20.3238	-3	718	718
136	  16.9340	   1.8368	-3	924	924
137	  24.6685	  13.3415	-3	1010	1010
138	  21.8631	  21.3990	-3	587	587
139	  23.1089	   6.1458	-3	592	592
140	  15.8870	  15.4378	-3	731	731
141	  15.3090	  16.2158	-3	627	627
142	   2.4928	  10.3128	-3	846	846
143	   3.5470	  11.3571	-3	676	676
144	  23.7663	   3.3718	-3	798	798
145	  15.0721	   4.7932	-3	1018	1018
146	  14.2787	  17.3427	-3	642	642
147	   9.1628	  24.1428	-3	887	887
148	  15.5203	  24.6130	-3	869	869
149	   9.5036	   9.5211	-3	880	880
150	  24.6616	  23.3531	-3	705	705
151	   6.4003	  17.9820	-3	613	613
152	   4.6504	   0.7982	-3	660	660
153	   2.7104	  10.9774	-3	838	838
154	  19.7329	   9.2789	-3	726	726
155	  21.2346	  10.6174	-3	613	613
156	   9.4093	  18.2267	-3	576	576
157	   4.6301	  23.0632	-3	567	567
158	  19.5750	  24.8442	-3	561	561
159	   1.6784	   0.6814	-3	853	853
160	   7.5488	   7.2667	-3	1012	1012
161	  18.1254	  13.3784	-3	649	649
162	  15.7372	  18.9505	-3	709	709
163	  10.1856	   7.3097	-3	903	903
164	  17.5290	  18.8810	-3	661	661
165	  10.0184	  17.0710	-3	752	752
166	   0.1484	   7.9788	-3	582	582
167	  11.4016	  13.8178	-3	1025	1025
168	   7.1314	  20.9321	-3	594	594
169	  22.8306	   5.6226	-3	961	961
170	  19.9911	   6.2970	-3	929	929
171	  23.3804	   7.4585	-3	637	637
172	   4.1409	  20.8825	-3	1029	1029
173	  24.8049	  15.5518	-3	735	735
174	  21.5984	  18.4663	-3	753	753
175	  18.7878	  21.6484	-3	659	659
176	   1.7706	  23.4851	-3	585	585
177	   1.3300	  23.4170	-3	707	707
178	   8.9293	   1.3403	-3	859	859
179	   4.8122	  16.8678	-3	767	767
180	   2.8480	   2.4836	-3	1028	1028
181	   4.2823	  12.8015	-3	1004	1004
182	  10.9896	  12.9442	-3	820	820
183	   7.8177	   3.9298	-3	1000	1000
184	  20.1741	  19.2014	-3	802	802
185	   3.6030	   6.4232	-3	858	858
186	  16.2524	   7.8850	-3	925	925
187	  13.4924	   9.3256	-3	691	691
188	  13.9738	  24.4077	-3	737	737
189	  12.7271	  11.3089	-3	798	798
190	  16.7631	  20.0971	-3	856	856
191	   8.7150	   7.4145	-3	709	709
192	  12.0916	  21.2481	-3	888	888
193	  22.6618	   7.8280	-3	1006	1006
194	   4.6156	  17.4926	-3	925	925
195	   4.9690	   8.7058	-3	861	861
196	   2.6948	   3.5951	-3	590	590
197	   4.5457	  19.9600	-3	819	819
198	  16.9016	  15.7263	-3	846	846
199	   0.3581	  20.3309	-3	976	976
200	   1.5142	   3.6614	1	880	940
201	  20.4731	  21.0892	1	837	897
202	   3.5056	   4.7893	1	735	795
203	   9.8488	  19.7822	1	801	861
204	   4.2952	  19.9747	1	994	1054
205	  19.2110	   2.5704	1	659	719
206	   5.9247	   7.5507	1	903	963
207	  20.1112	  15.5692	1	632	692
208	  18.0286	   3.5746	1	598	658
209	   7.0121	  10.3256	1	744	804
210	  13.9870	   9.4894	1	819	879
211	   3.8015	  19.2712	1	578	638
212	  12.1455	  13.6503	1	818	878
213	   8.6250	   8.2644	1	741	801
214	  19.0111	  14.5497	1	690	750
215	  15.8152	  14.1223	1	593	653
216	  24.0199	  11.9904	1	792	852
217	  13.6993	  21.8505	1	666	726
218	  17.6130	  20.7114	1	794	854
219	   7.1761	   6.6293	1	969	1029
220	   4.2378	  21.1631	1	986	1046
221	  13.6557	   5.3973	1	860	920
222	   1.1960	  17.4572	1	821	881
223	   4.7822	  14.7326	1	846	906
224	  21.9863	  23.7933	1	578	638
225	  12.9156	   9.4012	1	578	638
226	   4.1172	   4.7046	1	707	767
227	  16.9595	  11.2932	1	900	960
228	  13.5692	   7.5184	1	947	1007
229	  23.1638	  13.6916	1	613	673
230	   6.0282	  11.0794	1	816	876
231	  23.0928	  14.2750	1	749	809
232	  21.5416	  23.2721	1	842	902
233	   2.9767	  18.8492	1	542	602
234	  11.9520	  14.3106	1	943	1003
235	  15.0465	  19.4083	1	759	819
236	   1.3439	   4.0895	1	593	653
237	  20.3026	   8.1756	1	768	828
238	  13.9984	   2.4913	1	851	911
239	  14.1020	  16.9751	1	651	711
240	   6.2857	  11.3870	1	972	1032
241	  20.4623	  23.0488	1	660	720
242	   6.4842	  10.9826	1	622	682
243	   3.7601	  13.8383	1	780	840
244	   8.1650	  24.0627	1	793	853
245	   7.3900	  22.0747	1	772	832
246	  12.7348	   1.7994	1	765	825
247	  18.7745	  13.2746	1	575	635
248	  13.2460	   8.7290	1	898	958
249	   7.4247	   7.9089	1	549	609
250	   5.0507	  21.1120	-1	946	1140
251	  17.7761	   7.6474	-1	903	1140
252	  11.5537	  17.7108	-1	801	1140
253	   1.8723	  22.7862	-1	867	1140
254	  16.7966	  10.2598	-1	1060	1140
255	   7.0052	  16.2125	-1	725	1140
256	   2.9564	   3.9900	-1	969	1140
257	  10.1505	   4.3954	-1	698	1140
258	  10.4052	  21.3656	-1	664	1140
259	   4.5338	   3.1252	-1	810	1140
260	  11.0760	  15.7311	-1	885	1140
261	  15.5919	  16.6540	-1	644	1140
262	   7.8499	   6.2467	-1	884	1140
263	   5.4658	  22.8731	-1	807	1140
264	  21.2403	  24.3705	-1	756	1140
265	  21.2983	  15.7126	-1	659	1140
266	   6.1075	  13.7219	-1	858	1140
267	   0.5640	  17.7339	-1	732	1140
268	   8.9222	  14.0158	-1	860	1140
269	  20.3075	  21.3914	-1	1035	1140
270	   1.4089	   0.9365	-1	1052	1140
271	   0.6016	  13.4432	-1	926	1140
272	   7.4563	   2.4525	-1	887	1140
273	   0.3212	   9.0534	-1	912	1140
274	  15.4436	   1.4029	-1	644	1140
275	   8.2911	  11.8330	-1	644	1140
276	   7.8696	   0.8357	-1	773	1140
277	  11.3339	  21.1973	-1	966	1140
278	  11.1805	   5.6416	-1	1013	1140
279	   6.1554	  20.1657	-1	679	1140
280	  15.0217	   5.1132	-1	882	1140
281	  13.8411	  24.2916	-1	815	1140
282	   4.5197	   3.8467	-1	908	1140
283	  24.8180	  17.9780	-1	608	1140
284	  22.6971	   6.1204	-1	1009	1140
285	   4.0444	  24.3755	-1	825	1140
286	   5.6879	  15.6371	-1	659	1140
287	  20.2904	   4.5609	-1	834	1140
288	  12.8010	  14.4427	-1	917	1140
289	  18.0079	  16.9450	-1	717	1140
290	  21.0631	  23.2569	-1	1038	1140
291	  18.0175	   0.4976	-1	726	1140
292	  21.0007	  24.3587	-1	688	1140
293	   9.3356	  20.7707	-1	846	1140
294	  21.0290	   0.7205	-1	859	1140
295	   8.4217	  23.0767	-1	838	1140
296	  13.7483	   7.9485	-1	831	1140
297	  12.6524	  11.1751	-1	641	1140
298	  22.1449	  15.2115	-1	964	1140
299	  16.5868	   3.4227	-1	615	1140
300	  20.8492	  20.0526	0	540	1140
301	  13.4052	   3.0752	0	540	1140
302	   5.7835	   5.3176	0	540	1140
303	   2.8908	   0.0601	0	540	1140
304	  12.6333	  12.6365	0	540	1140
305	  19.5882	  19.6768	0	540	1140
306	   7.9300	  16.2924	0	540	1140
307	  22.3344	  21.6157	0	540	1140
308	  18.4407	  20.3252	0	540	1140
309	   0.3025	  18.3300	0	540	1140
310	   2.4166	  11.5859	0	540	1140
311	  20.0224	  24.2606	0	540	1140
312	  23.9608	  20.8139	0	540	1140
313	  22.5636	   6.3950	0	540	1140
314	  15.3615	  22.5569	0	540	1140
315	  21.2785	  21.5115	0	540	1140
316	  13.2626	  21.1772	0	540	1140
