49	5	50	40
0	   6.7779	  15.8141	3	958	958
1	   8.9170	  16.0297	3	720	720
2	  15.2177	   4.0425	3	1001	1001
3	   5.9563	   7.1616	3	708	708
4	  14.6106	  11.7115	3	1034	1034
5	  13.4244	  14.2816	3	1013	1013
6	  21.8593	  12.5697	3	843	843
7	  15.8007	  20.6451	3	1019	1019
8	  19.6316	  13.7802	3	784	784
9	   0.6484	  23.8247	3	765	765
10	  20.9112	   1.2070	3	873	873
11	  22.4786	  17.1673	3	856	856
12	  15.7328	  21.3084	3	834	834
13	  20.6355	  22.9294	3	959	959
14	  18.2812	   4.5525	3	1006	1006
15	  13.9590	   8.4989	3	1005	1005
16	   8.5951	  19.9154	3	624	624
17	  15.6604	  23.2057	3	725	725
18	   6.6269	   4.0849	3	913	913
19	  12.4873	   3.4862	3	785	785
20	  16.6546	   3.2879	3	619	619
21	  24.1313	  11.2862	3	878	878
22	  17.0682	  24.7797	3	939	939
23	  10.1109	  12.9794	3	623	623
24	   0.5877	   4.2782	3	873	873
25	   3.2868	  16.3205	3	573	573
26	   3.4748	   3.2090	3	747	747
27	  10.2756	   4.7512	3	710	710
28	   8.2374	  13.7666	3	638	638
29	   1.0508	   7.3687	3	969	969
30	   0.0528	  18.1189	3	623	623
31	   7.1484	  10.1636	3	908	908
32	   6.0983	   8.1350	3	1001	1001
33	  18.5840	  20.8460	3	936	936
34	   6.6004	  19.1717	3	929	929
35	   0.1242	   9.8872	3	995	995
36	  10.4923	   0.7109	3	909	909
37	   8.8095	  24.7422	3	732	732
38	  19.5787	  12.2843	3	846	846
39	  14.9726	   9.6298	3	1005	1005
40	   5.8267	  12.0846	3	938	938
41	   0.8512	   8.4434	3	1031	1031
42	  21.4328	   0.9040	3	822	822
43	  11.0676	   7.6606	3	604	604
44	  23.8234	   3.6309	3	951	951
45	   3.2038	   9.3157	3	660	660
46	   4.3417	  12.0133	3	921	921
47	   9.0579	  23.9204	3	1015	1015
48	  24.2976	  12.0091	3	825	825
49	  20.8658	  23.6518	3	794	794
50	   7.3926	  14.0641	-3	958	958
51	   8.0370	  17.1473	-3	720	720
52	  15.3938	   3.7637	-3	1001	1001
53	   6.4831	   6.4479	-3	708	708
54	  15.5049	  11.3220	-3	1034	1034
55	  13.0224	  14.2210	-3	1013	1013
56	  21.8188	  12.1057	-3	843	843
57	  15.6193	  20.0644	-3	1019	1019
58	  20.6078	  14.2196	-3	784	784
59	   0.5866	  23.9223	-3	765	765
60	  21.3555	   1.5999	-3	873	873
61	  23.1243	  18.0272	-3	856	856
62	  13.9835	  21.8199	-3	834	834
63	  22.1120	  22.7628	-3	959	959
64	  17.4674	   3.8053	-3	1006	1006
65	  13.8201	   6.9104	-3	1005	1005
66	   8.4000	  19.5396	-3	624	624
67	  14.7477	  23.4653	-3	725	725
68	   5.1556	   3.9056	-3	913	913
69	  12.4206	   4.1320	-3	785	785
70	  15.4889	   4.3925	-3	619	619
71	  23.8704	  11.9748	-3	878	878
72	  17.3417	  24.2824	-3	939	939
73	   9.6432	  12.8775	-3	623	623
74	   0.7714	   4.4281	-3	873	873
75	   1.9321	  16.1376	-3	573	573
76	   5.2737	   2.4596	-3	747	747
77	  11.7162	   4.6517	-3	710	710
78	   7.8670	  11.7008	-3	638	638
79	   1.1889	   7.6884	-3	969	969
80	   0.9804	  19.6494	-3	623	623
81	   7.9895	  10.7458	-3	908	908
82	   7.5658	   8.2831	-3	1001	1001
83	  18.7472	  19.1143	-3	936	936
84	   8.2816	  18.9113	-3	929	929
85	   0.1448	   9.5752	-3	995	995
86	  10.6118	   2.2353	-3	909	909
87	   7.8919	  24.8815	-3	732	732
88	  20.9273	  10.7210	-3	846	846
89	  13.0846	  10.8384	-3	1005	1005
90	   5.3325	  10.9172	-3	938	938
91	   0.4446	   9.4705	-3	1031	1031
92	  21.0967	   0.5052	-3	822	822
93	  11.3600	   8.9903	-3	604	604
94	  24.1177	   4.4083	-3	951	951
95	   4.6012	   8.8416	-3	660	660
96	   3.1999	  11.9562	-3	921	921
97	   7.9755	  23.7742	-3	1015	1015
98	  24.1767	  12.9238	-3	825	825
99	  18.7211	  24.2611	-3	794	794
100	  22.9230	  15.6743	1	932	992
101	  24.6782	   0.6800	1	906	966
102	  23.5367	  19.8199	1	544	604
103	   3.2394	   7.5947	1	873	933
104	  19.6038	  14.6062	1	712	772
105	   1.5997	  23.3675	1	700	760
106	  24.9425	  21.9731	1	846	906
107	  16.6788	  22.9633	1	649	709
108	  20.1304	   4.7012	1	602	662
109	  12.1843	  10.6086	1	794	854
110	   5.4285	  24.1667	1	570	630
111	  13.7751	   2.8927	1	795	855
112	   6.7828	   9.7289	1	803	863
113	  11.7705	  20.7664	1	891	951
114	  12.0779	  15.1264	1	913	973
115	  14.1194	  24.2622	1	932	992
116	   9.2134	   3.2989	1	668	728
117	  16.2183	  19.1075	1	692	752
118	  13.8098	  11.8261	1	806	866
119	   8.3272	   1.1730	1	727	787
120	   9.0337	  20.9144	1	580	640
121	  13.6810	  15.8165	1	926	986
122	   5.6433	   0.4514	1	938	998
123	   1.3068	   7.1604	1	584	644
124	  22.2868	   2.8598	1	733	793
125	  12.6469	  23.0219	1	829	889
126	   0.9290	   9.5179	1	714	774
127	   3.6254	  21.8468	1	804	864
128	   3.9735	  11.9526	1	866	926
129	   0.7024	  24.3165	1	811	871
130	  11.3292	   3.0407	1	781	841
131	   0.6709	   5.9710	1	789	849
132	  10.7279	  13.9339	1	707	767
133	  22.4287	  24.6870	1	717	777
134	   7.6693	  19.4855	1	652	712
135	  23.5902	   9.4548	1	811	871
136	  15.4258	  15.0766	1	877	937
137	   0.8610	   5.9147	1	959	1019
138	   0.0291	  20.7085	1	920	980
139	  17.3289	   6.0960	1	940	1000
140	  24.0446	  13.0600	-1	998	1140
141	  23.0480	   1.5570	-1	972	1140
142	  24.6616	  19.6738	-1	610	1140
143	   3.6113	   9.2433	-1	939	1140
144	  17.7394	  14.1146	-1	778	1140
145	   1.3806	  24.2818	-1	766	1140
146	  23.3997	  21.7381	-1	912	1140
147	  18.3157	  24.1689	-1	715	1140
148	  20.0299	   5.9276	-1	668	1140
149	  12.5872	  12.5080	-1	860	1140
150	   4.1854	  22.1199	-1	636	1140
151	  12.1643	   4.3223	-1	861	1140
152	   6.4769	   8.4693	-1	869	1140
153	  10.2066	  22.1452	-1	957	1140
154	  10.9599	  14.5516	-1	979	1140
155	  12.9065	  22.6301	-1	998	1140
156	   9.0442	   2.1867	-1	734	1140
157	  19.4691	  19.6082	-1	758	1140
158	  11.5829	  12.1921	-1	872	1140
159	   7.3792	   1.5999	-1	793	1140
160	   8.1563	  20.5494	-1	646	1140
161	  13.7405	  13.3847	-1	992	1140
162	   7.8692	   0.1894	-1	1004	1140
163	   2.5737	   7.2583	-1	650	1140
164	  24.3195	   2.9512	-1	799	1140
165	  10.5449	  22.6923	-1	895	1140
166	   1.0739	  11.1672	-1	780	1140
167	   5.9437	  20.9716	-1	870	1140
168	   3.8237	  13.5102	-1	932	1140
169	   0.3587	  24.5792	-1	877	1140
170	   8.9867	   3.3184	-1	847	1140
171	   1.7265	   3.5790	-1	855	1140
172	   9.1126	  10.0734	-1	773	1140
173	  24.8951	  24.9156	-1	783	1140
174	   4.2816	  17.7004	-1	718	1140
175	  23.6908	   7.7644	-1	877	1140
176	  17.7854	  14.0652	-1	943	1140
177	   1.9107	   1.4896	-1	1025	1140
178	   0.9606	  23.1294	-1	986	1140
179	  15.2895	   4.4086	-1	1006	1140
180	   6.5489	  11.7129	0	540	1140
181	  19.9960	   9.4182	0	540	1140
182	   8.3406	  19.7057	0	540	1140
183	  20.8201	   6.3277	0	540	1140
184	   2.4441	  23.1121	0	540	1140
185	  15.4782	  16.2261	0	540	1140
186	   4.9581	   3.1465	0	540	1140
187	   0.9867	   8.4204	0	540	1140
188	   0.7350	  10.0467	0	540	1140
189	  13.2353	  18.9653	0	540	1140
190	  24.7656	   7.6398	0	540	1140
191	   0.6205	   1.4684	0	540	1140
192	   0.1051	  21.1888	0	540	1140
193	  23.8640	  10.6476	0	540	1140
194	  12.1522	  15.4066	0	540	1140
195	   1.7038	  12.9194	0	540	1140
196	  18.7404	   2.5370	0	540	1140
197	   8.0601	  18.6174	0	540	1140
198	   1.9995	   9.8733	0	540	1140
199	   6.0669	  24.2592	0	540	1140
200	   5.7904	   0.8842	0	540	1140
201	  19.7288	   2.0091	0	540	1140
202	  13.7056	  24.9962	0	540	1140
203	  22.1417	  24.2625	0	540	1140
204	  16.7758	   5.7093	0	540	1140
205	   1.3845	  24.1267	0	540	1140
206	   5.2062	  18.0879	0	540	1140
207	  15.3975	  11.8473	0	540	1140
208	  11.9169	  19.6560	0	540	1140
209	   5.9401	  21.7824	0	540	1140
210	   1.5623	   3.5812	0	540	1140
211	  12.3632	  22.2076	0	540	1140
212	   8.5406	   4.0015	0	540	1140
213	  22.2534	   5.7761	0	540	1140
214	   1.2394	  22.7207	0	540	1140
215	  23.3095	   1.7683	0	540	1140
216	   7.1965	  21.9728	0	540	1140
217	   2.3667	  12.0699	0	540	1140
218	  23.0198	  13.0072	0	540	1140
219	  23.8616	   6.2811	0	540	1140
220	  14.5305	   4.8215	0	540	1140
221	   2.9512	  21.9454	0	540	1140
222	   1.7856	  24.2356	0	540	1140
223	  24.3542	   1.0755	0	540	1140
224	   3.5067	  18.3166	0	540	1140
225	   9.9832	   6.1636	0	540	1140
226	   3.3146	  11.5253	0	540	1140
227	  14.2499	  18.8678	0	540	1140
228	  23.4829	  14.4094	0	540	1140
