10	5	50	25
0	  21.0047	   9.8596	3	1007	1007
1	  19.5775	  19.9610	3	784	784
2	  22.7912	   4.9388	3	760	760
3	   8.3806	  19.2057	3	982	982
4	   6.9444	  13.8492	3	777	777
5	  11.9349	  15.7218	3	570	570
6	   9.1196	  12.8350	3	903	903
7	  23.8057	  22.9049	3	692	692
8	   3.5401	  15.1742	3	983	983
9	   0.4075	   6.0722	3	673	673
10	   3.4308	  20.1044	3	1010	1010
11	   3.9170	  10.0236	3	970	970
12	   3.2448	   2.7202	3	985	985
13	  24.9731	   5.4564	3	695	695
14	  12.8233	  20.9778	3	879	879
15	  15.3160	   7.4008	3	647	647
16	  15.9388	  13.1072	3	605	605
17	  12.3396	  24.3194	3	996	996
18	   7.3129	  19.2839	3	855	855
19	  13.1686	  19.2478	3	867	867
20	  10.0057	  22.2882	3	995	995
21	   7.0829	   8.8115	3	741	741
22	  20.1931	  22.9757	3	777	777
23	   1.7439	  23.7332	3	721	721
24	  13.1499	   2.1514	3	954	954
25	   4.8053	  16.5807	3	916	916
26	   1.6043	   0.5006	3	670	670
27	  11.4425	   1.5774	3	697	697
28	   5.9570	  24.2659	3	910	910
29	  22.5552	  21.2730	3	912	912
30	  13.2902	   0.9820	3	741	741
31	  23.2702	  18.0238	3	749	749
32	  15.9995	   8.8512	3	1009	1009
33	  17.1965	   4.1494	3	814	814
34	  11.0026	  22.0019	3	692	692
35	  20.7300	   8.2584	3	746	746
36	   5.7242	  22.3343	3	824	824
37	   8.7590	  17.1667	3	1035	1035
38	  23.9117	  14.7160	3	878	878
39	  16.4326	  21.4669	3	639	639
40	   9.9609	  20.3692	3	1020	1020
41	  17.1055	  22.7743	3	720	720
42	  23.7563	  23.0032	3	921	921
43	   3.6915	  22.0266	3	966	966
44	  16.0270	  10.7988	3	855	855
45	  19.6501	   7.6864	3	761	761
46	  11.1758	   5.6527	3	925	925
47	   4.6883	   6.9059	3	772	772
48	  13.9111	  10.4125	3	717	717
49	  12.3861	  19.0119	3	613	613
50	  20.7485	   9.8597	-3	1007	1007
51	  19.5820	  19.3597	-3	784	784
52	  22.4390	   3.4019	-3	760	760
53	   9.3802	  19.0062	-3	982	982
54	   8.9774	  13.8121	-3	777	777
55	  12.8134	  16.6931	-3	570	570
56	   6.6666	  13.4940	-3	903	903
57	  23.9659	  22.9733	-3	692	692
58	   1.8540	  15.8268	-3	983	983
59	   1.2985	   3.9452	-3	673	673
60	   4.0992	  20.7503	-3	1010	1010
61	   4.7050	  10.9124	-3	970	970
62	   3.7807	   1.8136	-3	985	985
63	  24.6211	   8.4561	-3	695	695
64	  11.5916	  21.2236	-3	879	879
65	  15.4899	   7.0265	-3	647	647
66	  16.6720	  12.4315	-3	605	605
67	  10.9409	  23.2959	-3	996	996
68	   7.1073	  18.4634	-3	855	855
69	  13.2702	  18.9323	-3	867	867
70	  10.9890	  23.0992	-3	995	995
71	   9.0900	   7.2067	-3	741	741
72	  20.9207	  20.4532	-3	777	777
73	   1.8632	  23.7526	-3	721	721
74	  13.3110	   2.1911	-3	954	954
75	   4.5105	  17.1045	-3	916	916
76	   2.5793	   3.1519	-3	670	670
77	  13.0053	   1.9558	-3	697	697
78	   7.6074	  24.8057	-3	910	910
79	  21.8318	  20.7759	-3	912	912
80	  15.5456	   1.0216	-3	741	741
81	  23.0229	  17.1189	-3	749	749
82	  17.5155	   7.9217	-3	1009	1009
83	  17.8022	   4.5639	-3	814	814
84	  11.5355	  20.4919	-3	692	692
85	  19.3942	   7.2095	-3	746	746
86	   4.2402	  22.6701	-3	824	824
87	   9.8582	  16.4708	-3	1035	1035
88	  22.0759	  15.6416	-3	878	878
89	  14.4243	  21.9403	-3	639	639
90	   9.5958	  19.3568	-3	1020	1020
91	  16.4141	  24.1851	-3	720	720
92	  23.5763	  22.9068	-3	921	921
93	   6.5124	  21.9346	-3	966	966
94	  16.8869	  12.0738	-3	855	855
95	  20.6848	   8.2870	-3	761	761
96	  12.1857	   3.9318	-3	925	925
97	   4.0689	   6.8478	-3	772	772
98	  14.4857	  11.3144	-3	717	717
99	  10.3496	  17.3996	-3	613	613
100	  24.6188	  23.3751	1	850	910
101	  18.7443	   9.2166	1	814	874
102	   7.3540	   5.8065	1	584	644
103	  14.6122	   6.1103	1	937	997
104	   3.8097	  18.3037	1	758	818
105	   3.1369	  19.8368	1	868	928
106	   1.3132	  13.0391	1	765	825
107	  19.9450	  18.3164	1	788	848
108	  15.9865	  18.9934	1	827	887
109	   2.3370	   3.3726	1	837	897
110	  14.3330	  18.8895	1	733	793
111	  24.9998	   5.1082	1	568	628
112	  22.2489	   3.1367	1	547	607
113	  24.9450	   1.3514	1	612	672
114	  21.7635	   1.8082	1	652	712
115	   0.1040	  23.0767	1	879	939
116	  14.8473	   4.5093	1	940	1000
117	   4.0783	   9.7923	1	749	809
118	  22.8257	  20.4924	1	976	1036
119	  17.1847	   2.4910	1	660	720
120	  18.6952	  15.7227	1	988	1048
121	   0.8855	  18.6951	1	959	1019
122	  20.8310	  23.1344	1	940	1000
123	  22.5842	  24.5899	1	952	1012
124	  16.2427	   6.2011	1	775	835
125	  22.7411	  21.8495	-1	919	1140
126	  18.2682	   8.2094	-1	881	1140
127	   8.2411	   4.7438	-1	651	1140
128	  14.5893	   6.6365	-1	1003	1140
129	   4.1025	  18.6268	-1	824	1140
130	   3.0286	  17.1446	-1	937	1140
131	   1.2291	  11.2276	-1	833	1140
132	  21.6384	  18.0251	-1	856	1140
133	  16.4687	  19.0444	-1	893	1140
134	   1.7477	   5.1164	-1	905	1140
135	  15.2276	  15.6789	-1	803	1140
136	  21.5479	   5.0887	-1	638	1140
137	  22.2237	   1.9249	-1	614	1140
138	  24.6091	   0.0895	-1	679	1140
139	  20.8311	   5.8473	-1	723	1140
140	   2.6962	  16.1802	-1	955	1140
141	  15.2221	   6.4727	-1	1008	1140
142	   3.4560	   9.0111	-1	816	1140
143	  20.9533	  18.1063	-1	1046	1140
144	  17.1531	   2.3435	-1	726	1140
145	  16.8484	  15.9410	-1	1056	1140
146	   8.4088	  21.1921	-1	1036	1140
147	  24.4859	  18.5953	-1	1014	1140
148	  22.7121	  15.5524	-1	1031	1140
149	  16.3283	   6.4316	-1	841	1140
150	  17.1111	   9.5797	0	540	1140
151	   5.5914	  16.2783	0	540	1140
152	  12.4631	   3.0315	0	540	1140
153	   4.4053	   6.0016	0	540	1140
154	  19.1218	  17.4769	0	540	1140
155	  22.2558	   8.7223	0	540	1140
156	  12.0623	   5.3956	0	540	1140
157	   7.0011	  13.6527	0	540	1140
158	  18.1888	   3.4765	0	540	1140
159	  15.8928	  17.9324	0	540	1140
