19	5	20	50
0	  21.0047	   9.8596	3	716	716
1	  19.5775	  19.9610	3	855	855
2	  22.7912	   4.9388	3	764	764
3	   8.3806	  19.2057	3	1004	1004
4	   6.9444	  13.8492	3	828	828
5	  11.9349	  15.7218	3	747	747
6	   9.1196	  12.8350	3	652	652
7	  23.8057	  22.9049	3	569	569
8	   3.5401	  15.1742	3	581	581
9	   0.4075	   6.0722	3	901	901
10	   3.4308	  20.1044	3	756	756
11	   3.9170	  10.0236	3	645	645
12	   3.2448	   2.7202	3	603	603
13	  24.9731	   5.4564	3	720	720
14	  12.8233	  20.9778	3	799	799
15	  15.9388	  13.1072	3	624	624
16	  12.3396	  24.3194	3	621	621
17	  10.0057	  22.2882	3	806	806
18	   7.0829	   8.8115	3	588	588
19	  20.1931	  22.9757	3	1025	1025
20	  10.6832	  23.3624	-3	716	716
21	  12.0484	   7.6239	-3	855	855
22	  14.3330	  18.8895	-3	764	764
23	  13.1499	   2.1514	-3	1004	1004
24	  17.1055	  22.7743	-3	828	828
25	  17.8022	   4.5639	-3	747	747
26	  15.3160	   7.4008	-3	652	652
27	  20.6848	   8.2870	-3	569	569
28	  11.5916	  21.2236	-3	581	581
29	   1.2985	   3.9452	-3	901	901
30	   7.4322	  22.6233	-3	756	756
31	  22.2237	   1.9249	-3	645	645
32	  18.6952	  15.7227	-3	603	603
33	  24.4859	  18.5953	-3	720	720
34	  12.9429	   5.1961	-3	799	799
35	  24.9450	   1.3514	-3	624	624
36	  10.8628	   0.0808	-3	621	621
37	   4.4552	   5.5491	-3	806	806
38	  23.2702	  18.0238	-3	588	588
39	  15.4899	   7.0265	-3	1025	1025
40	   1.7439	  23.7332	1	551	611
41	   4.8053	  16.5807	1	985	1045
42	   1.6043	   0.5006	1	643	703
43	  11.4425	   1.5774	1	632	692
44	   5.9570	  24.2659	1	688	748
45	  22.5552	  21.2730	1	762	822
46	   6.6666	  13.4940	1	661	721
47	   9.3802	  19.0062	1	702	762
48	  12.8134	  16.6931	1	727	787
49	  13.2902	   0.9820	1	575	635
50	  10.9409	  23.2959	1	950	1010
51	   7.1073	  18.4634	1	883	943
52	  15.9995	   8.8512	1	993	1053
53	  17.1965	   4.1494	1	606	666
54	  20.7300	   8.2584	1	959	1019
55	   5.7242	  22.3343	1	651	711
56	   8.7590	  17.1667	1	543	603
57	  23.9117	  14.7160	1	962	1022
58	  16.4326	  21.4669	1	632	692
59	  10.9890	  23.0992	1	556	616
60	   9.9609	  20.3692	1	825	885
61	  23.7563	  23.0032	1	608	668
62	  16.0270	  10.7988	1	822	882
63	  11.1758	   5.6527	1	551	611
64	  13.9111	  10.4125	1	690	750
65	   4.2402	  22.6701	1	581	641
66	   2.5793	   3.1519	1	815	875
67	  12.3861	  19.0119	1	613	673
68	  17.1111	   9.5797	1	950	1010
69	  18.7443	   9.2166	1	685	745
70	   7.3540	   5.8065	1	858	918
71	  14.6122	   6.1103	1	961	1021
72	   3.8097	  18.3037	1	660	720
73	   3.1369	  19.8368	1	893	953
74	   1.3132	  13.0391	1	583	643
75	   4.4053	   6.0016	1	808	868
76	  16.4141	  24.1851	1	646	706
77	  15.9865	  18.9934	1	705	765
78	  13.0053	   1.9558	1	902	962
79	   1.7477	   5.1164	1	833	893
80	  11.5355	  20.4919	1	672	732
81	  24.9998	   5.1082	1	842	902
82	  22.2489	   3.1367	1	639	699
83	  21.7635	   1.8082	1	655	715
84	   4.0783	   9.7923	1	909	969
85	   8.9774	  13.8121	1	990	1050
86	  14.4857	  11.3144	1	766	826
87	  14.4243	  21.9403	1	844	904
88	   0.8855	  18.6951	1	942	1002
89	  20.8310	  23.1344	1	858	918
90	  12.3994	   7.2763	-1	617	1140
91	  22.8257	  20.4924	-1	1053	1140
92	   8.2846	   2.2787	-1	709	1140
93	  15.7370	   5.7284	-1	700	1140
94	  12.4536	  14.4050	-1	756	1140
95	  19.6501	   7.6864	-1	830	1140
96	  14.5893	   6.6365	-1	727	1140
97	  16.4687	  19.0444	-1	770	1140
98	  24.6188	  23.3751	-1	796	1140
99	  19.9450	  18.3164	-1	644	1140
100	   8.4088	  21.1921	-1	1018	1140
101	   3.6915	  22.0266	-1	952	1140
102	   4.6883	   6.9059	-1	1061	1140
103	   4.0992	  20.7503	-1	673	1140
104	  14.8473	   4.5093	-1	1026	1140
105	  20.9207	  20.4532	-1	718	1140
106	  23.6080	  11.2729	-1	610	1140
107	   7.3420	   2.8667	-1	1030	1140
108	  18.1888	   3.4765	-1	700	1140
109	  12.0623	   5.3956	-1	626	1140
110	   2.6962	  16.1802	-1	896	1140
111	  17.1847	   2.4910	-1	676	1140
112	  12.4631	   3.0315	-1	889	1140
113	  20.9533	  18.1063	-1	620	1140
114	   4.7050	  10.9124	-1	758	1140
115	  11.7871	  14.8135	-1	648	1140
116	  20.7485	   9.8597	-1	883	1140
117	   6.1082	   8.1503	-1	679	1140
118	   8.2411	   4.7438	-1	1019	1140
119	   7.0011	  13.6527	-1	755	1140
120	  20.8311	   5.8473	-1	926	1140
121	  21.6384	  18.0251	-1	1028	1140
122	  13.2702	  18.9323	-1	727	1140
123	  21.6145	  12.3100	-1	961	1140
124	   8.2194	   5.7857	-1	658	1140
125	   8.1202	  23.2974	-1	879	1140
126	  16.2427	   6.2011	-1	712	1140
127	  15.2276	  15.6789	-1	772	1140
128	  16.3283	   6.4316	-1	975	1140
129	  21.5479	   5.0887	-1	901	1140
130	   3.4560	   9.0111	-1	743	1140
131	  21.8318	  20.7759	-1	909	1140
132	   5.5914	  16.2783	-1	705	1140
133	  18.5110	   5.0553	-1	722	1140
134	  23.9659	  22.9733	-1	977	1140
135	  23.5763	  22.9068	-1	1056	1140
136	  22.4390	   3.4019	-1	835	1140
137	  17.9817	   2.8320	-1	914	1140
138	  12.7671	  24.2866	-1	1010	1140
139	   4.0689	   6.8478	-1	924	1140
140	   0.1040	  23.0767	0	540	1140
141	  16.6639	   7.2194	0	540	1140
142	  22.5842	  24.5899	0	540	1140
143	  16.6720	  12.4315	0	540	1140
144	   1.8632	  23.7526	0	540	1140
145	  22.2558	   8.7223	0	540	1140
146	   4.1025	  18.6268	0	540	1140
147	   7.6074	  24.8057	0	540	1140
148	   2.3370	   3.3726	0	540	1140
149	   9.8582	  16.4708	0	540	1140
150	   3.0286	  17.1446	0	540	1140
151	  13.9390	  10.6550	0	540	1140
152	  19.8414	  13.7011	0	540	1140
153	   7.3129	  19.2839	0	540	1140
154	   9.0900	   7.2067	0	540	1140
155	  13.1686	  19.2478	0	540	1140
156	  19.1218	  17.4769	0	540	1140
157	  11.0026	  22.0019	0	540	1140
158	  15.8928	  17.9324	0	540	1140
