29	5	30	70
0	  18.6940	   4.8073	3	883	883
1	  14.9709	  23.8965	3	908	908
2	  13.2385	  14.7510	3	585	585
3	   1.2474	  20.5738	3	709	709
4	   5.4152	  12.5230	3	586	586
5	   8.0482	   1.7154	3	805	805
6	  21.4043	  24.3132	3	833	833
7	  13.3558	   9.1297	3	576	576
8	   6.0915	  12.5205	3	720	720
9	  16.9852	  18.7780	3	776	776
10	  10.4610	  17.1384	3	856	856
11	   8.9008	  20.0460	3	971	971
12	   0.4756	  23.9171	3	939	939
13	  20.0698	  23.2288	3	788	788
14	  10.5583	  21.1512	3	814	814
15	   3.8061	   4.2523	3	929	929
16	   3.1488	  14.1970	3	642	642
17	   8.5280	   4.3961	3	766	766
18	  16.9191	  17.8190	3	855	855
19	  15.6585	  13.3234	3	632	632
20	  17.1323	   4.0144	3	681	681
21	  22.4530	  23.2237	3	786	786
22	  16.5349	  14.4383	3	1017	1017
23	  17.0018	   1.9958	3	756	756
24	   6.5767	   0.9026	3	890	890
25	  22.0418	   7.0523	3	919	919
26	  24.8197	  17.1116	3	564	564
27	  13.2628	   9.0872	3	961	961
28	  14.6303	  14.2214	3	779	779
29	   2.8642	  17.7790	3	620	620
30	  14.2685	  10.5807	-3	883	883
31	   3.1923	  21.0342	-3	908	908
32	   9.3125	   9.0514	-3	585	585
33	   3.2406	  18.5058	-3	709	709
34	   1.7894	   3.3494	-3	586	586
35	   9.0991	   5.2646	-3	805	805
36	  22.4588	  24.4684	-3	833	833
37	  17.6196	  18.0602	-3	576	576
38	   0.9585	  18.7770	-3	720	720
39	   8.1203	   5.0261	-3	776	776
40	  11.7193	  23.5690	-3	856	856
41	  10.4811	  18.9990	-3	971	971
42	  11.5065	   6.7713	-3	939	939
43	  21.3642	  11.5431	-3	788	788
44	  13.5083	   7.7655	-3	814	814
45	   8.3987	   4.9379	-3	929	929
46	   9.7708	  13.9431	-3	642	642
47	  17.9337	   3.2543	-3	766	766
48	  16.9357	  16.0881	-3	855	855
49	  17.1365	   4.5385	-3	632	632
50	  14.9194	  10.2775	-3	681	681
51	   7.2878	   5.5250	-3	786	786
52	  22.4176	   6.5215	-3	1017	1017
53	   2.5822	   2.3866	-3	756	756
54	  20.2432	  21.2249	-3	890	890
55	  18.4332	  18.1993	-3	919	919
56	  19.7558	  23.9742	-3	564	564
57	  19.3771	   6.4549	-3	961	961
58	  17.9986	  21.1322	-3	779	779
59	   9.9491	   0.2861	-3	620	620
60	   0.3353	  14.0942	1	752	812
61	   6.0082	  15.9939	1	973	1033
62	   2.4176	  23.1404	1	808	868
63	  20.0082	  24.8706	1	837	897
64	  14.3089	  13.3660	1	974	1034
65	   2.9379	  14.0882	1	816	876
66	  24.4662	  15.9552	1	755	815
67	  17.3062	  14.0965	1	939	999
68	   5.1765	  20.1704	1	873	933
69	   6.8755	   8.5949	1	807	867
70	   6.5626	   4.0506	1	806	866
71	  18.1449	   2.7922	1	799	859
72	   0.9326	  17.8999	1	651	711
73	  20.4331	  22.2968	1	877	937
74	   4.4430	   9.7420	1	549	609
75	  10.6627	  17.9819	1	615	675
76	   5.6276	  24.9313	1	619	679
77	   3.5626	   8.5655	1	953	1013
78	  14.0195	   6.2549	1	643	703
79	  16.7844	  13.4857	1	854	914
80	   4.2610	   9.4576	1	1005	1065
81	  10.9815	  10.8235	1	747	807
82	  17.7214	   6.6531	1	723	783
83	   2.2156	  11.4902	1	764	824
84	   8.5131	  22.6487	1	855	915
85	   8.7870	  12.9561	1	683	743
86	  19.3810	   9.5006	1	573	633
87	  21.5837	   8.4005	1	689	749
88	  15.7555	  13.3682	1	695	755
89	  21.8862	  12.9656	1	693	753
90	  15.3522	   1.7197	1	831	891
91	   8.9260	   1.3336	1	839	899
92	  20.8778	   6.3030	1	588	648
93	   6.1470	   4.3908	1	561	621
94	   3.9517	  14.9340	1	598	658
95	  17.3469	  11.3424	1	552	612
96	  24.3606	   3.7647	1	838	898
97	   7.7854	  20.9443	1	813	873
98	   8.5198	   1.8587	1	884	944
99	  14.8802	  12.2914	1	633	693
100	   1.2989	  18.9676	1	611	671
101	   6.9481	  22.1766	1	680	740
102	   0.2706	  13.0951	1	824	884
103	   1.5674	   4.2223	1	722	782
104	   3.0291	  18.9143	1	547	607
105	  15.5647	  12.4128	1	833	893
106	  17.1992	  14.9253	1	729	789
107	  10.8697	   3.3427	1	626	686
108	  23.5255	  20.1822	1	776	836
109	   1.9534	  20.9140	1	765	825
110	  11.8906	  10.4444	1	873	933
111	   6.4786	   3.2400	1	703	763
112	   4.9541	  22.4782	1	972	1032
113	   1.7006	   0.4467	1	988	1048
114	   0.4359	  17.2653	1	928	988
115	  12.8595	  17.6350	1	817	877
116	   7.1906	   4.0370	1	661	721
117	  14.8475	  19.8503	1	961	1021
118	   1.3718	   3.6742	1	898	958
119	   3.2075	   9.4327	1	748	808
120	   6.7621	   4.3846	1	644	704
121	  24.6285	  22.4500	1	720	780
122	  17.4523	   0.2687	1	577	637
123	   7.3874	   8.7856	1	624	684
124	   1.1280	  22.2837	1	741	801
125	  13.2811	  15.9755	1	636	696
126	  16.5238	  14.7562	1	569	629
127	   9.4106	  23.2501	1	971	1031
128	   3.1898	  10.8969	1	841	901
129	   1.1516	  17.8098	1	913	973
130	  10.3406	  18.4831	-1	823	1140
131	  21.1198	  24.8821	-1	1041	1140
132	  21.7840	   6.8979	-1	875	1140
133	  22.3599	   5.3023	-1	906	1140
134	  13.2170	  18.5441	-1	1042	1140
135	   7.3798	  16.1451	-1	883	1140
136	  10.5576	  15.6131	-1	823	1140
137	   1.1771	  15.1958	-1	1005	1140
138	   1.8186	  14.1889	-1	942	1140
139	   7.3907	  19.4497	-1	877	1140
140	  19.4427	   3.1301	-1	874	1140
141	  15.6879	  13.0677	-1	866	1140
142	  23.8649	  14.7515	-1	718	1140
143	   6.4561	  15.2937	-1	945	1140
144	  12.5432	  22.4343	-1	624	1140
145	  18.9290	  15.9524	-1	686	1140
146	  13.3599	  15.0829	-1	685	1140
147	  21.1903	  11.9881	-1	1020	1140
148	   3.1507	   7.1188	-1	716	1140
149	  12.4815	   7.8020	-1	922	1140
150	  12.1652	  23.5409	-1	1076	1140
151	   4.7622	   3.1153	-1	814	1140
152	  23.9895	   5.0747	-1	789	1140
153	   0.6402	   4.0478	-1	831	1140
154	   8.5566	   1.6993	-1	923	1140
155	   2.3744	   7.7775	-1	749	1140
156	  17.7955	  14.5590	-1	642	1140
157	  12.3942	  10.0320	-1	759	1140
158	  12.3324	   1.8629	-1	763	1140
159	   8.7623	   9.1431	-1	759	1140
160	  21.0139	  21.5627	-1	897	1140
161	  20.9395	   0.5713	-1	905	1140
162	  19.4837	  18.8077	-1	654	1140
163	  14.8962	   4.4954	-1	627	1140
164	  16.9468	   5.2478	-1	664	1140
165	  23.6216	  14.8824	-1	618	1140
166	   6.6354	   2.4525	-1	904	1140
167	  15.2027	  24.7399	-1	879	1140
168	  20.4562	   5.7764	-1	950	1140
169	  20.0538	   6.9625	-1	699	1140
170	   7.3338	   0.3538	-1	677	1140
171	  14.0082	   6.7533	-1	746	1140
172	   0.3284	   4.2185	-1	890	1140
173	  13.2424	  19.7739	-1	788	1140
174	  22.4742	  12.1726	-1	613	1140
175	  19.7938	  15.7997	-1	899	1140
176	  16.1775	  24.9846	-1	795	1140
177	   8.9139	   7.9499	-1	692	1140
178	   1.4978	  20.6029	-1	842	1140
179	  20.3135	  14.8685	-1	831	1140
180	  20.7459	   5.5190	-1	939	1140
181	  10.4344	   5.0906	-1	769	1140
182	   8.9549	  18.2224	-1	1038	1140
183	  19.6001	   6.7492	-1	1054	1140
184	   4.0962	   2.6463	-1	994	1140
185	  20.5835	  14.4833	-1	883	1140
186	   1.9737	  12.2651	-1	727	1140
187	  12.7118	   1.8077	-1	1027	1140
188	  23.5188	  13.8302	-1	964	1140
189	  24.9846	   9.6606	-1	814	1140
190	   3.9458	  22.3770	-1	710	1140
191	  13.0082	  14.6006	-1	786	1140
192	  20.9329	  23.5654	-1	643	1140
193	  17.1340	  15.2547	-1	690	1140
194	  22.8748	  23.4875	-1	807	1140
195	  21.4182	   0.7178	-1	702	1140
196	  21.8100	   4.3953	-1	635	1140
197	  22.6158	  23.5938	-1	1037	1140
198	  19.5579	  17.0693	-1	907	1140
199	  24.0885	  21.7413	-1	979	1140
200	   3.4184	  11.3922	0	540	1140
201	   8.8256	  16.6569	0	540	1140
202	   0.0191	   6.2312	0	540	1140
203	   4.5045	  13.8187	0	540	1140
204	   6.7443	   1.9339	0	540	1140
205	  21.8914	  16.4848	0	540	1140
206	   5.2811	  10.3780	0	540	1140
207	   9.3837	  23.2848	0	540	1140
208	   0.3906	   9.7452	0	540	1140
209	  15.3681	  11.8384	0	540	1140
210	   4.0874	  19.6567	0	540	1140
211	  22.8917	  20.5624	0	540	1140
212	   5.4613	  20.2805	0	540	1140
213	  22.2076	   9.3225	0	540	1140
214	  14.5693	  20.3238	0	540	1140
215	  22.4658	   5.9062	0	540	1140
216	  22.2101	   9.0906	0	540	1140
217	  16.4623	  17.2254	0	540	1140
218	  13.5389	  20.8856	0	540	1140
219	   8.4910	  17.4459	0	540	1140
220	  19.0547	   7.9817	0	540	1140
221	   1.9588	   3.8128	0	540	1140
222	   5.4003	  20.1990	0	540	1140
223	  22.1751	  13.1891	0	540	1140
224	   2.6923	   8.2190	0	540	1140
225	   7.6592	   4.6580	0	540	1140
226	  12.6002	  20.2758	0	540	1140
227	   5.9380	  13.0183	0	540	1140
228	   4.6084	  12.0624	0	540	1140
