14	5	80	40
0	   1.4369	  10.2776	3	672	672
1	   6.4448	   6.5694	3	794	794
2	  18.6289	   0.1783	3	816	816
3	  18.4138	  12.4299	3	591	591
4	  20.0102	  19.4695	3	562	562
5	   5.3097	   1.4808	3	657	657
6	  11.9159	   4.9682	3	1037	1037
7	  16.1813	   1.4895	3	801	801
8	   9.0845	  13.0836	3	755	755
9	  11.7426	  13.7794	3	629	629
10	  21.0328	  15.7013	3	629	629
11	   1.8631	  24.3082	3	792	792
12	  23.4857	  20.5440	3	1035	1035
13	  24.7515	   1.4699	3	762	762
14	   9.7794	   1.1884	3	668	668
15	  23.5472	   1.3867	3	919	919
16	  22.4806	  16.9610	3	916	916
17	  13.8166	  17.4908	3	823	823
18	  11.4305	  19.1262	3	574	574
19	  18.9715	  23.3464	3	1034	1034
20	  24.0945	  10.1528	3	893	893
21	  24.8359	   8.1789	3	794	794
22	  23.2364	  11.5785	3	932	932
23	  21.9583	  19.2692	3	999	999
24	   2.2798	  23.8214	3	894	894
25	  19.3654	  18.3288	3	821	821
26	  20.3689	   2.2750	3	1003	1003
27	  11.2854	  18.9161	3	723	723
28	   3.6617	   8.7660	3	894	894
29	  10.8771	  17.4782	3	943	943
30	   1.2567	  22.3076	3	733	733
31	  20.6540	  10.6989	3	878	878
32	   5.3811	  20.4899	3	697	697
33	  18.8779	   3.6175	3	989	989
34	   7.0685	  15.8362	3	910	910
35	  22.8867	   9.3483	3	571	571
36	  14.6576	  16.4641	3	606	606
37	  10.1139	   9.0230	3	779	779
38	   9.7929	  12.3494	3	684	684
39	  13.1678	   4.3101	3	801	801
40	   1.3325	   8.5367	3	848	848
41	   6.5851	  12.6178	3	754	754
42	   2.4528	  10.2468	3	906	906
43	  21.3838	  13.3299	3	843	843
44	   2.7250	  22.6405	3	956	956
45	  17.8688	   6.2915	3	1014	1014
46	   0.0284	  23.2499	3	722	722
47	   1.7814	  18.9063	3	704	704
48	   9.7425	  24.7541	3	797	797
49	  18.1982	  24.4002	3	609	609
50	  16.2181	   3.3121	3	698	698
51	   8.4232	   1.0110	3	1002	1002
52	  15.6615	  21.5910	3	843	843
53	   5.3212	  16.9939	3	590	590
54	   5.1278	  11.9063	3	833	833
55	  22.1531	   0.9955	3	697	697
56	  20.9105	  24.8781	3	851	851
57	  23.6360	   6.5480	3	669	669
58	  12.8395	  14.2361	3	732	732
59	   8.1424	  16.6221	3	577	577
60	  23.4708	  17.8849	3	572	572
61	  16.3761	  16.6690	3	778	778
62	  17.2851	   7.5942	3	896	896
63	   8.6053	  10.6426	3	582	582
64	  22.2993	  13.9264	3	727	727
65	   2.6365	   2.4271	3	638	638
66	   0.8327	   7.2483	3	593	593
67	  10.0077	  22.9858	3	646	646
68	   8.2438	   5.9182	3	857	857
69	  23.3846	   0.3057	3	590	590
70	   1.3076	  13.1393	3	759	759
71	  14.9266	   9.4500	3	1018	1018
72	   2.3349	  21.1374	3	784	784
73	   5.0664	  19.6200	3	625	625
74	   3.7317	   0.0475	3	821	821
75	   1.2634	  13.3267	3	572	572
76	  20.0548	   2.0961	3	951	951
77	  20.5749	   5.0625	3	856	856
78	   0.0819	   3.8187	3	716	716
79	  10.0174	   9.0831	3	581	581
80	   1.8674	   8.8499	-3	672	672
81	   4.6117	   7.5806	-3	794	794
82	  18.5774	   0.7656	-3	816	816
83	  19.5172	  13.9831	-3	591	591
84	  20.5396	  21.3680	-3	562	562
85	   5.3632	   3.4442	-3	657	657
86	  10.1735	   3.6718	-3	1037	1037
87	  15.3748	   2.5095	-3	801	801
88	  10.3654	  12.8684	-3	755	755
89	  12.9488	  14.5571	-3	629	629
90	  21.3672	  13.9599	-3	629	629
91	   2.0766	  23.1099	-3	792	792
92	  24.7302	  20.8309	-3	1035	1035
93	  22.4575	   1.3645	-3	762	762
94	  11.8457	   2.1583	-3	668	668
95	  21.6651	   1.3081	-3	919	919
96	  21.7617	  15.0592	-3	916	916
97	  14.2076	  16.5048	-3	823	823
98	  10.6901	  17.6277	-3	574	574
99	  17.1540	  22.5480	-3	1034	1034
100	  23.7526	  11.3250	-3	893	893
101	  24.9294	   9.2326	-3	794	794
102	  24.7587	  11.9550	-3	932	932
103	  20.2604	  18.0448	-3	999	999
104	   4.6503	  23.7228	-3	894	894
105	  19.4608	  17.3120	-3	821	821
106	  19.9811	   0.7083	-3	1003	1003
107	  13.7669	  19.6086	-3	723	723
108	   2.7060	   9.0085	-3	894	894
109	  11.6045	  20.2283	-3	943	943
110	   0.2836	  21.7027	-3	733	733
111	  20.9243	  13.4774	-3	878	878
112	   5.3060	  19.1092	-3	697	697
113	  17.4432	   4.9047	-3	989	989
114	   7.2424	  14.5057	-3	910	910
115	  22.8639	   6.8798	-3	571	571
116	  14.5481	  18.0323	-3	606	606
117	   9.8906	  10.5340	-3	779	779
118	  10.6375	  14.3295	-3	684	684
119	  14.0330	   4.4005	-3	801	801
120	   2.6628	   7.6943	-3	848	848
121	   4.7613	  13.3974	-3	754	754
122	   4.0908	   9.3383	-3	906	906
123	  20.3283	  12.3370	-3	843	843
124	   1.0168	  21.9037	-3	956	956
125	  18.7843	   7.6834	-3	1014	1014
126	   0.8139	  20.1492	-3	722	722
127	   0.4437	  20.1325	-3	704	704
128	  10.6985	  23.4469	-3	797	797
129	  19.9167	  23.2339	-3	609	609
130	  17.8707	   2.4281	-3	698	698
131	   6.2074	   0.7408	-3	1002	1002
132	  14.5039	  20.8596	-3	843	843
133	   5.6010	  16.7840	-3	590	590
134	   3.0069	  12.1867	-3	833	833
135	  22.9770	   0.2654	-3	697	697
136	  24.3168	  22.5826	-3	851	851
137	  21.0159	   8.2162	-3	669	669
138	  12.4662	  12.0715	-3	732	732
139	   8.8543	  16.6041	-3	577	577
140	  24.5623	  19.0731	-3	572	572
141	  17.4118	  15.6714	-3	778	778
142	  16.8439	   5.8374	-3	896	896
143	   9.5184	   9.0522	-3	582	582
144	  21.1315	  13.5135	-3	727	727
145	   4.1911	   1.9831	-3	638	638
146	   1.4032	   8.2372	-3	593	593
147	  10.9807	  22.9458	-3	646	646
148	   8.4575	   2.9142	-3	857	857
149	  20.7512	   0.6256	-3	590	590
150	   2.3993	  11.9713	-3	759	759
151	  12.3601	   9.9641	-3	1018	1018
152	   1.3533	  17.8494	-3	784	784
153	   6.4605	  20.2539	-3	625	625
154	   7.1173	   2.0286	-3	821	821
155	   3.5535	  12.0931	-3	572	572
156	  17.7299	   1.8527	-3	951	951
157	  19.5731	   6.1643	-3	856	856
158	   2.2232	   5.9747	-3	716	716
159	   9.3219	  11.9981	-3	581	581
160	  22.2223	  13.6792	1	815	875
161	  20.7750	   1.9836	1	1007	1067
162	  23.1211	   7.1431	1	573	633
163	   7.1906	  13.0583	1	800	860
164	  14.1897	  17.8807	1	837	897
165	   5.6860	  15.4531	1	619	679
166	  17.5492	   1.7823	1	599	659
167	   5.8033	  17.6312	1	551	611
168	  15.5770	  16.2995	1	568	628
169	  15.2309	   0.5944	1	823	883
170	   0.3825	  13.9836	1	998	1058
171	  11.9193	  22.6049	1	902	962
172	  24.5885	   4.7394	1	781	841
173	   5.8042	  22.7096	1	846	906
174	  11.5924	  13.7520	1	686	746
175	   4.2051	  18.1612	1	581	641
176	  18.0192	  21.7544	1	574	634
177	  19.9435	  23.8225	1	760	820
178	  14.3855	   0.5445	1	877	937
179	  15.6064	   4.9625	1	914	974
180	  19.8210	  17.4762	1	650	710
181	  14.8313	  22.4838	1	966	1026
182	   0.1705	  14.4198	1	622	682
183	  12.1294	  14.1057	1	1006	1066
184	   4.5088	  11.6917	1	812	872
185	   8.3797	   4.6488	1	915	975
186	  13.2937	   1.3989	1	890	950
187	   0.2213	  15.7887	1	895	955
188	   8.7816	  15.8278	1	761	821
189	  13.9699	  18.9548	1	656	716
190	  22.1032	  16.1930	1	756	816
191	   5.2987	   4.4383	1	968	1028
192	   8.6100	   3.9193	1	585	645
193	   5.3181	   2.4200	1	790	850
194	   5.1409	   5.5394	1	690	750
195	  18.2087	  13.9225	1	883	943
196	  15.2679	   7.4001	1	801	861
197	  15.0835	  23.4883	1	681	741
198	  14.6813	   2.9364	1	826	886
199	  21.4193	  19.9800	1	761	821
200	  24.4558	  14.2548	-1	885	1140
201	  18.8042	   0.4013	-1	1073	1140
202	  19.2507	   5.1575	-1	639	1140
203	   8.0345	  14.0582	-1	869	1140
204	  13.0436	  19.1085	-1	907	1140
205	   5.7017	  17.4376	-1	687	1140
206	  15.6036	   1.2780	-1	667	1140
207	   4.9828	  16.6090	-1	618	1140
208	  17.8521	  16.4861	-1	636	1140
209	  15.0973	   1.6439	-1	892	1140
210	   0.6066	  16.0316	-1	1068	1140
211	  11.8825	  23.5341	-1	969	1140
212	  24.9583	   8.9378	-1	851	1140
213	   7.4555	  22.8759	-1	916	1140
214	  13.0169	  12.6655	-1	754	1140
215	   5.5569	  17.2265	-1	647	1140
216	  18.3102	  20.4522	-1	644	1140
217	  17.7719	  21.1556	-1	828	1140
218	  13.9544	   0.3994	-1	946	1140
219	  16.1378	   6.2053	-1	983	1140
220	  17.9481	  15.8635	-1	722	1140
221	  16.1436	  21.2860	-1	1033	1140
222	   1.9611	  16.4013	-1	690	1140
223	  13.9712	  12.1516	-1	1074	1140
224	   6.8335	  14.7284	-1	879	1140
225	   7.2530	   4.7786	-1	982	1140
226	  13.7585	   0.8352	-1	960	1140
227	   0.6461	  10.7904	-1	964	1140
228	   6.3967	  19.2192	-1	831	1140
229	  14.8970	  21.4520	-1	725	1140
230	  18.7935	  14.3854	-1	826	1140
231	   4.5803	   3.6723	-1	1038	1140
232	  11.8808	   0.9539	-1	652	1140
233	   5.2911	   7.1681	-1	861	1140
234	   8.3668	   1.5453	-1	756	1140
235	  16.9970	  13.5349	-1	952	1140
236	  12.3459	   7.0891	-1	870	1140
237	  11.6517	  21.5068	-1	748	1140
238	  12.5122	   0.8044	-1	894	1140
239	  23.3297	  20.8865	-1	831	1140
240	  14.4112	   7.2512	0	540	1140
241	   2.2355	   4.1448	0	540	1140
242	  11.7476	  16.2241	0	540	1140
243	  11.9538	  17.2784	0	540	1140
244	  10.5547	   7.3231	0	540	1140
245	  14.3604	  16.7082	0	540	1140
246	   2.9204	  12.4919	0	540	1140
247	  11.6368	  11.3316	0	540	1140
248	  14.7547	  14.6209	0	540	1140
249	  19.7174	   2.0072	0	540	1140
250	   7.7578	  22.3023	0	540	1140
251	   5.8723	   6.5684	0	540	1140
252	   8.1787	  16.1013	0	540	1140
253	   6.5220	  21.0528	0	540	1140
