26	5	100	50
0	   1.9533	  31.6104	3	914	914
1	  28.2842	  25.1325	3	1012	1012
2	  27.3329	  42.0311	3	1035	1035
3	   2.5804	  37.6071	3	838	838
4	  34.8939	  10.9008	3	819	819
5	  31.0960	  36.5634	3	805	805
6	  45.0479	  24.2388	3	568	568
7	  37.3914	  21.5870	3	600	600
8	  14.4389	  27.6861	3	954	954
9	   3.9847	   9.2857	3	872	872
10	  32.5806	  28.5749	3	983	983
11	  46.7268	  23.2760	3	702	702
12	   4.8864	   9.4839	3	696	696
13	   4.8935	  33.1706	3	584	584
14	  34.6163	  32.2264	3	731	731
15	  25.2017	  37.1968	3	783	783
16	  19.8336	  25.8369	3	992	992
17	  25.1838	   4.7275	3	671	671
18	  36.7377	   6.2798	3	706	706
19	  41.2908	  31.7856	3	662	662
20	   3.3726	  44.9576	3	862	862
21	   6.3683	  17.8718	3	661	661
22	  11.0497	  10.3531	3	615	615
23	  27.1575	  43.6303	3	905	905
24	  16.9063	  39.1103	3	915	915
25	  22.5644	  21.7927	3	709	709
26	   4.9633	  33.2105	3	716	716
27	   9.6843	  30.1650	3	802	802
28	  20.4072	  29.5179	3	774	774
29	   6.0019	  45.5910	3	592	592
30	  34.2454	  42.7396	3	790	790
31	   1.8708	  25.5362	3	649	649
32	  24.5251	  32.3895	3	917	917
33	   4.2185	  27.8977	3	658	658
34	  27.3471	  10.5868	3	927	927
35	  45.7695	  38.3968	3	696	696
36	  32.0271	   9.8679	3	903	903
37	  48.9781	  19.3757	3	935	935
38	  20.7262	  47.5723	3	608	608
39	  30.7827	   6.5179	3	689	689
40	   5.8545	   1.1900	3	639	639
41	  36.0358	  11.8564	3	1031	1031
42	  46.7810	  20.2812	3	831	831
43	  45.8175	  29.1211	3	647	647
44	  31.0413	   0.0360	3	927	927
45	   7.0188	   8.3884	3	1002	1002
46	  10.6228	   2.7883	3	870	870
47	  46.7853	  31.5627	3	751	751
48	  25.7153	  28.8124	3	985	985
49	  41.4306	  22.5266	3	1016	1016
50	  41.9022	  48.4720	3	725	725
51	  37.9810	  38.7358	3	808	808
52	  24.1615	  18.7637	3	990	990
53	  45.2537	  30.0160	3	781	781
54	  19.9536	  31.2895	3	1025	1025
55	   1.5707	  46.4684	3	865	865
56	  15.3865	  47.3882	3	802	802
57	  25.5895	  46.4278	3	701	701
58	  47.4241	  32.6082	3	979	979
59	  35.3965	   1.6015	3	1017	1017
60	  39.6096	  11.1118	3	606	606
61	  33.6384	   8.1597	3	602	602
62	   6.6317	   9.4299	3	978	978
63	  14.2764	  30.7933	3	963	963
64	  28.1936	   9.5300	3	700	700
65	  10.8093	  48.1472	3	865	865
66	  40.8195	   2.6818	3	971	971
67	  14.8818	  42.3903	3	915	915
68	  39.7785	  24.7396	3	632	632
69	  26.6961	  37.2026	3	1019	1019
70	  45.2495	  42.7444	3	565	565
71	  33.1138	  34.8591	3	711	711
72	   3.8561	  13.5277	3	882	882
73	  21.6874	  37.3482	3	836	836
74	  13.0351	  28.3191	3	798	798
75	  46.7780	  27.3114	3	641	641
76	   9.1124	  24.9716	3	671	671
77	  23.1188	  27.6610	3	980	980
78	  20.0513	  21.7537	3	704	704
79	  18.2689	   9.8298	3	616	616
80	  46.4933	  44.9650	3	828	828
81	  47.0324	   3.8412	3	870	870
82	  27.1410	   0.4417	3	736	736
83	  23.1188	  43.0403	3	778	778
84	  37.9362	  44.8061	3	611	611
85	  30.3885	   0.9713	3	722	722
86	  28.2827	  32.2377	3	955	955
87	   2.1382	  15.1242	3	725	725
88	  42.7852	  24.7630	3	863	863
89	  13.2576	  12.8365	3	895	895
90	  22.6663	  43.0100	3	574	574
91	  26.4915	  19.6986	3	781	781
92	  46.8511	   2.9688	3	937	937
93	  11.9805	  43.4367	3	992	992
94	  12.5598	  39.1216	3	704	704
95	  43.8783	  35.6786	3	949	949
96	  32.1619	  31.8145	3	689	689
97	  30.4847	  12.5505	3	635	635
98	  32.7858	   3.6100	3	824	824
99	  39.7170	  11.0685	3	761	761
100	   3.1300	  29.3277	-3	914	914
101	  29.4580	  26.4495	-3	1012	1012
102	  26.4773	  42.2819	-3	1035	1035
103	   2.6397	  37.3662	-3	838	838
104	  34.2013	  10.4065	-3	819	819
105	  31.9604	  39.2800	-3	805	805
106	  46.8336	  25.6895	-3	568	568
107	  36.8415	  19.9218	-3	600	600
108	  14.3278	  25.6447	-3	954	954
109	   4.1522	   9.4328	-3	872	872
110	  32.6444	  30.0270	-3	983	983
111	  47.6744	  20.5182	-3	702	702
112	   6.5921	   8.9283	-3	696	696
113	   7.3478	  31.5123	-3	584	584
114	  36.6225	  31.6179	-3	731	731
115	  26.1927	  38.0070	-3	783	783
116	  21.4489	  25.5406	-3	992	992
117	  22.7490	   5.1031	-3	671	671
118	  39.5449	   6.9631	-3	706	706
119	  41.7589	  29.6963	-3	662	662
120	   2.1147	  45.2783	-3	862	862
121	   3.6802	  16.0740	-3	661	661
122	  13.6119	   8.6276	-3	615	615
123	  26.1636	  44.0980	-3	905	905
124	  15.8993	  37.4945	-3	915	915
125	  20.9399	  22.9270	-3	709	709
126	   5.1102	  30.8551	-3	716	716
127	  11.1851	  29.7882	-3	802	802
128	  19.4329	  27.9687	-3	774	774
129	   4.5959	  48.6518	-3	592	592
130	  35.8476	  41.8552	-3	790	790
131	   1.6880	  24.3223	-3	649	649
132	  26.6461	  34.0383	-3	917	917
133	   2.1594	  25.2570	-3	658	658
134	  26.1422	  10.4500	-3	927	927
135	  47.1046	  38.9358	-3	696	696
136	  32.3671	   9.9403	-3	903	903
137	  49.3319	  17.7766	-3	935	935
138	  21.9662	  46.6848	-3	608	608
139	  30.4112	   5.5065	-3	689	689
140	   6.2315	   5.2853	-3	639	639
141	  38.4503	  10.8862	-3	1031	1031
142	  46.1798	  18.7679	-3	831	831
143	  44.6046	  29.2179	-3	647	647
144	  31.5856	   3.0476	-3	927	927
145	   7.3022	  10.3142	-3	1002	1002
146	  10.3042	   2.7136	-3	870	870
147	  46.5167	  31.5265	-3	751	751
148	  24.9170	  30.8218	-3	985	985
149	  42.9420	  23.0350	-3	1016	1016
150	  43.6896	  48.5925	-3	725	725
151	  41.6076	  40.7025	-3	808	808
152	  22.6793	  19.6689	-3	990	990
153	  43.1111	  29.9122	-3	781	781
154	  21.5376	  31.2271	-3	1025	1025
155	   0.9874	  45.6774	-3	865	865
156	  15.4266	  47.4971	-3	802	802
157	  25.0051	  45.8262	-3	701	701
158	  49.1502	  30.2683	-3	979	979
159	  38.2877	   2.7354	-3	1017	1017
160	  38.9133	   8.4715	-3	606	606
161	  31.9216	   8.4981	-3	602	602
162	   4.2791	   6.6551	-3	978	978
163	  12.7700	  30.3697	-3	963	963
164	  27.6814	   7.9079	-3	700	700
165	   7.6941	  49.2176	-3	865	865
166	  42.5844	   3.9163	-3	971	971
167	  15.5915	  42.3040	-3	915	915
168	  38.8264	  26.3552	-3	632	632
169	  27.8710	  35.2477	-3	1019	1019
170	  44.0150	  43.4193	-3	565	565
171	  34.4107	  35.0408	-3	711	711
172	   3.9365	  13.6297	-3	882	882
173	  22.6035	  38.0006	-3	836	836
174	  12.4541	  31.2508	-3	798	798
175	  48.4625	  30.4918	-3	641	641
176	   8.2650	  22.3149	-3	671	671
177	  23.1252	  27.1666	-3	980	980
178	  18.2773	  20.0796	-3	704	704
179	  18.0533	  10.2725	-3	616	616
180	  45.7732	  42.7321	-3	828	828
181	  44.6538	   3.5398	-3	870	870
182	  27.1228	   1.8960	-3	736	736
183	  23.1749	  43.1848	-3	778	778
184	  36.8627	  45.9342	-3	611	611
185	  29.8582	   4.3874	-3	722	722
186	  30.6480	  30.9079	-3	955	955
187	   1.4567	  16.4351	-3	725	725
188	  42.0905	  24.0296	-3	863	863
189	  14.0599	  15.0193	-3	895	895
190	  22.8994	  41.3985	-3	574	574
191	  26.6595	  22.3941	-3	781	781
192	  46.2033	   1.5848	-3	937	937
193	  10.6785	  40.1416	-3	992	992
194	  14.5215	  39.5238	-3	704	704
195	  40.9974	  35.1802	-3	949	949
196	  33.3047	  33.8156	-3	689	689
197	  30.9289	  14.4002	-3	635	635
198	  28.7981	   3.7664	-3	824	824
199	  39.5949	   7.4434	-3	761	761
200	  17.1122	  18.9779	1	636	696
201	  31.8144	   9.2866	1	619	679
202	  11.8962	   4.4807	1	772	832
203	   2.2966	  38.3877	1	940	1000
204	  24.1793	  49.1478	1	768	828
205	  25.2815	  36.4628	1	842	902
206	  19.9938	   1.0631	1	653	713
207	  12.1316	   9.5372	1	689	749
208	  47.5442	  18.6782	1	642	702
209	  49.0479	  39.1166	1	678	738
210	  19.6009	  10.9442	1	737	797
211	  43.5973	  21.8975	1	943	1003
212	  21.0453	  40.6883	1	568	628
213	   0.0925	  34.1995	1	644	704
214	  36.6613	  18.3698	1	551	611
215	  16.3660	  31.5645	1	571	631
216	  37.5059	  17.9321	1	938	998
217	  19.8888	  35.0501	1	677	737
218	  36.6103	  27.1910	1	946	1006
219	  45.3643	  35.6582	1	553	613
220	  16.3075	  14.9652	1	882	942
221	  46.6024	   9.9048	1	833	893
222	  10.8358	  21.6301	1	615	675
223	  39.9999	  19.7057	1	961	1021
224	  20.2303	  25.0606	1	775	835
225	  14.2895	  17.4225	1	881	941
226	   3.2555	  41.9709	1	710	770
227	  25.3304	  39.8780	1	845	905
228	  21.1051	  34.4245	1	839	899
229	   6.2374	  36.0738	1	834	894
230	  17.9310	   3.9118	1	1008	1068
231	  39.0921	  45.0424	1	935	995
232	  20.1030	   7.8916	1	846	906
233	  18.5367	  48.2298	1	771	831
234	  31.2765	  42.1254	1	798	858
235	  45.0979	   2.3816	1	604	664
236	  26.5499	  13.5960	1	1005	1065
237	  44.5453	  40.0251	1	911	971
238	  49.0626	   1.1374	1	685	745
239	  15.5016	   0.7703	1	570	630
240	  49.0002	   7.9226	1	981	1041
241	  44.3683	   5.7304	1	882	942
242	   6.8678	  18.7668	1	973	1033
243	  19.3304	  14.1942	1	1009	1069
244	  30.0980	  28.3289	1	918	978
245	  36.2515	  28.8335	1	916	976
246	  33.5725	   5.3303	1	570	630
247	  49.2586	  15.1581	1	778	838
248	  44.2207	  27.7084	1	583	643
249	  44.1435	   4.1174	1	909	969
250	  18.4108	  16.4972	-1	702	1140
251	  30.5598	   7.3212	-1	685	1140
252	  10.7188	   4.3847	-1	838	1140
253	   1.5661	  38.3243	-1	1006	1140
254	  23.5887	  46.8681	-1	834	1140
255	  24.6626	  39.9101	-1	908	1140
256	  20.7032	   0.8746	-1	719	1140
257	  12.2763	   5.4769	-1	755	1140
258	  47.4770	  16.2828	-1	708	1140
259	  48.9534	  38.1547	-1	744	1140
260	  19.8145	   9.3224	-1	803	1140
261	  42.5687	  24.3516	-1	1009	1140
262	  19.8133	  43.4309	-1	634	1140
263	   2.6699	  29.0982	-1	710	1140
264	  38.0771	  15.5947	-1	617	1140
265	  15.3286	  30.6460	-1	637	1140
266	  32.1254	  19.9757	-1	1004	1140
267	  18.9847	  32.6829	-1	743	1140
268	  37.0399	  27.9192	-1	1012	1140
269	  43.4392	  39.1325	-1	619	1140
270	  16.5379	  14.6049	-1	948	1140
271	  46.9673	   9.0829	-1	899	1140
272	  14.0692	  19.2834	-1	681	1140
273	  38.1430	  26.5658	-1	1027	1140
274	  23.4656	  25.4606	-1	841	1140
275	  14.3603	  19.9245	-1	947	1140
276	   2.5723	  41.2288	-1	776	1140
277	  21.7504	  37.6964	-1	911	1140
278	  18.7768	  37.7141	-1	905	1140
279	   8.7308	  32.7578	-1	900	1140
280	  16.1211	   5.2275	-1	1074	1140
281	  40.4665	  45.5167	-1	1001	1140
282	  20.6146	   6.5108	-1	912	1140
283	  23.1962	  46.5557	-1	837	1140
284	  36.8750	  43.3913	-1	864	1140
285	  44.2000	   1.6813	-1	670	1140
286	  23.6176	  11.3951	-1	1071	1140
287	  48.2158	  42.7469	-1	977	1140
288	  44.8477	   2.2104	-1	751	1140
289	  13.8348	   0.4896	-1	636	1140
290	  49.4021	   5.7981	-1	1047	1140
291	  41.5669	   4.3797	-1	948	1140
292	   1.6827	  18.6316	-1	1039	1140
293	  18.5516	  13.1198	-1	1075	1140
294	  31.5471	  30.8903	-1	984	1140
295	  36.9407	  29.7684	-1	982	1140
296	  34.3870	   9.3272	-1	636	1140
297	  48.6410	  13.5738	-1	844	1140
298	  37.4187	  26.7329	-1	649	1140
299	  39.5606	   4.7543	-1	975	1140
300	   8.3780	  36.7932	0	540	1140
301	  48.5941	  27.4579	0	540	1140
302	   4.8162	   8.0469	0	540	1140
303	  22.0942	  45.1508	0	540	1140
304	  30.5894	  39.9912	0	540	1140
305	  14.4992	  16.0921	0	540	1140
306	  46.8113	  48.9335	0	540	1140
307	  23.6896	   9.7109	0	540	1140
308	  38.9280	  23.8843	0	540	1140
309	  43.8408	  25.7014	0	540	1140
310	  46.5855	   9.5911	0	540	1140
311	  42.8604	  42.7143	0	540	1140
312	  18.4982	  36.5317	0	540	1140
313	  11.6139	  32.5355	0	540	1140
314	  37.3873	  14.1508	0	540	1140
315	  41.8724	  16.7346	0	540	1140
316	  27.7458	  40.4087	0	540	1140
317	   0.6352	  37.9870	0	540	1140
318	   0.1823	  48.6801	0	540	1140
319	  28.4088	  33.1573	0	540	1140
320	  30.4139	  31.0402	0	540	1140
321	  30.5187	  28.6822	0	540	1140
322	   9.3016	   6.2134	0	540	1140
323	  41.3564	  36.1599	0	540	1140
324	  42.8770	  26.9942	0	540	1140
325	  37.5347	  29.0626	0	540	1140
