19	5	20	60
0	  22.9431	   7.1434	3	897	897
1	   9.0176	  11.7742	3	731	731
2	   4.1562	  15.6832	3	812	812
3	  14.1568	  23.9804	3	942	942
4	   1.3393	  14.6199	3	933	933
5	  18.4082	  20.1383	3	886	886
6	  12.4967	  12.0044	3	600	600
7	  16.3387	  18.8372	3	1014	1014
8	   3.2538	  11.4821	3	805	805
9	   8.0549	   2.7730	3	894	894
10	   3.2099	  13.3025	3	793	793
11	  20.2412	   4.4966	3	709	709
12	   5.1176	  20.8664	3	645	645
13	  18.8667	   3.0607	3	794	794
14	   3.0098	   2.8842	3	568	568
15	  14.8349	   7.1660	3	983	983
16	  18.5674	   3.9917	3	697	697
17	  18.6116	   5.1421	3	647	647
18	   1.3767	  12.0198	3	718	718
19	   0.2804	  13.8733	3	563	563
20	  23.9957	   6.4700	-3	897	897
21	   8.2088	  12.7762	-3	731	731
22	   3.4762	  16.0884	-3	812	812
23	  13.1153	  21.2685	-3	942	942
24	   0.5785	  13.2446	-3	933	933
25	  19.0153	  20.2553	-3	886	886
26	  12.3579	  12.4038	-3	600	600
27	  15.7997	  17.9556	-3	1014	1014
28	   4.3192	  11.1110	-3	805	805
29	   7.3844	   4.2665	-3	894	894
30	   4.4837	  13.7211	-3	793	793
31	  19.7010	   4.7804	-3	709	709
32	   6.1463	  19.9067	-3	645	645
33	  18.8256	   2.3057	-3	794	794
34	   1.8451	   2.8206	-3	568	568
35	  15.1333	   6.9766	-3	983	983
36	  20.0411	   4.1759	-3	697	697
37	  20.1071	   7.1681	-3	647	647
38	   1.7539	  12.0801	-3	718	718
39	   0.4900	  12.3571	-3	563	563
40	  24.0242	   0.9285	1	566	626
41	  13.6793	  15.3630	1	878	938
42	  19.7657	  16.9330	1	566	626
43	  16.1231	  14.9472	1	873	933
44	   9.5515	  21.2407	1	632	692
45	  10.8135	   3.4181	1	882	942
46	  24.3013	  13.8233	1	775	835
47	   6.3024	  14.1362	1	598	658
48	  20.9893	  24.8698	1	863	923
49	  18.1279	   2.1356	1	973	1033
50	  19.7764	  11.7395	1	731	791
51	   7.2777	  21.1531	1	1002	1062
52	  23.7594	   7.5581	1	584	644
53	  10.0264	  22.7836	1	794	854
54	   8.4867	  23.7057	1	814	874
55	  13.1466	   3.2523	1	839	899
56	   6.0729	  10.3447	1	900	960
57	   0.2919	   4.5981	1	594	654
58	   8.0162	  17.7380	1	835	895
59	   6.8742	  20.9180	1	777	837
60	  14.1884	   0.0021	1	640	700
61	  23.0537	   8.9649	1	638	698
62	   5.1180	  10.5011	1	558	618
63	  12.8895	  15.1444	1	657	717
64	  24.6285	   4.4889	1	975	1035
65	  11.4230	   5.7014	1	616	676
66	  14.8336	   6.4696	1	960	1020
67	   2.8974	  15.1254	1	632	692
68	  11.0677	  21.3340	1	915	975
69	   1.2308	  19.0840	1	950	1010
70	  22.0776	  22.5910	1	807	867
71	  20.9483	  20.1313	1	874	934
72	   0.4627	  11.6739	1	819	879
73	  18.1911	  13.3522	1	765	825
74	   1.8183	   1.4758	1	737	797
75	   9.7284	  15.6684	1	911	971
76	  22.9071	   9.3569	1	570	630
77	  20.1573	   9.3301	1	904	964
78	  15.0583	   9.9908	1	902	962
79	   0.1163	   1.8674	1	893	953
80	  14.2897	   1.3471	1	867	927
81	  20.9513	   3.3617	1	623	683
82	  24.3079	  24.5843	1	885	945
83	   2.9462	  20.1782	1	843	903
84	  22.6131	  18.2588	1	877	937
85	  12.6613	  20.5202	1	621	681
86	   2.6156	   7.8186	1	673	733
87	   4.8502	  17.6739	1	700	760
88	  17.8094	  20.6499	1	607	667
89	  22.5173	  24.9192	1	968	1028
90	  19.2728	  18.4686	1	937	997
91	  22.8225	   2.5888	1	707	767
92	   8.2683	   0.7912	1	999	1059
93	   0.4359	  19.5416	1	956	1016
94	  13.0468	  13.0972	1	824	884
95	  15.0618	  15.6624	1	964	1024
96	   8.3363	  13.7252	1	964	1024
97	  15.5619	  18.9658	1	706	766
98	  22.7033	   4.3704	1	586	646
99	  24.7547	  19.0671	1	802	862
100	  22.6524	   0.1509	-1	632	1140
101	  13.9178	  15.3315	-1	946	1140
102	  19.9874	  16.8761	-1	632	1140
103	  15.6387	  14.9917	-1	941	1140
104	   8.2847	  21.3762	-1	700	1140
105	  11.7417	   5.3314	-1	950	1140
106	  24.9287	  14.3186	-1	841	1140
107	   6.6509	  13.0792	-1	666	1140
108	  21.3638	  24.7675	-1	932	1140
109	  18.8850	   0.9238	-1	1042	1140
110	  19.1796	  11.7520	-1	799	1140
111	   8.4026	  20.9462	-1	1071	1140
112	  24.7222	   8.1678	-1	652	1140
113	   8.5304	  21.9929	-1	861	1140
114	   6.5478	  22.1659	-1	881	1140
115	  11.2576	   3.4429	-1	906	1140
116	   6.8669	  11.1098	-1	967	1140
117	   2.5067	   4.3539	-1	662	1140
118	  10.6295	  17.9257	-1	903	1140
119	   4.1379	  22.5997	-1	847	1140
120	  14.0720	   1.1596	-1	711	1140
121	  22.9989	   9.4624	-1	706	1140
122	   2.8592	  13.3900	-1	625	1140
123	  14.0232	  15.3970	-1	726	1140
124	  24.8350	   3.2376	-1	1043	1140
125	  13.4887	   6.7757	-1	683	1140
126	  13.4221	   8.1601	-1	1028	1140
127	   5.4765	  15.0705	-1	698	1140
128	  11.0438	  20.9934	-1	984	1140
129	   1.9449	  20.2562	-1	1020	1140
130	  22.8715	  21.6775	-1	875	1140
131	  22.2034	  20.6741	-1	941	1140
132	   0.5349	   8.8468	-1	886	1140
133	  19.9725	  13.6054	-1	833	1140
134	   1.6577	   0.7800	-1	812	1140
135	   9.2380	  14.6497	-1	982	1140
136	  21.5979	  10.0240	-1	636	1140
137	  19.7156	   8.5008	-1	971	1140
138	  13.3093	  11.6223	-1	975	1140
139	   3.4016	   0.3792	-1	961	1140
140	  13.4882	   1.9716	-1	938	1140
141	  20.5640	   2.8064	-1	690	1140
142	  23.3909	  21.4041	-1	951	1140
143	   3.2809	  21.7795	-1	910	1140
144	  22.8450	  16.0794	-1	945	1140
145	  13.0725	  19.1804	-1	687	1140
146	   5.9385	   8.9997	-1	742	1140
147	   2.4498	  17.8115	-1	770	1140
148	  19.9189	  21.7875	-1	675	1140
149	  20.9158	  19.9120	-1	1034	1140
150	  16.1921	  16.2849	-1	1003	1140
151	  22.3996	   2.7645	-1	773	1140
152	   6.7039	   2.4825	-1	1065	1140
153	   1.1486	  22.6601	-1	1022	1140
154	  11.8630	  11.7679	-1	890	1140
155	  12.8600	  16.1356	-1	1030	1140
156	   8.6256	  14.1521	-1	1030	1140
157	  15.8491	  20.3195	-1	772	1140
158	  24.4466	   4.2791	-1	652	1140
159	  19.8508	  14.5264	-1	868	1140
160	  23.4400	  18.3738	0	540	1140
161	  15.3499	  17.4546	0	540	1140
162	   1.9392	  16.6354	0	540	1140
163	   2.9010	  19.6082	0	540	1140
164	  20.0466	  22.1960	0	540	1140
165	  18.4366	  11.1054	0	540	1140
166	  13.8742	  20.4997	0	540	1140
167	  14.3353	  10.6921	0	540	1140
168	   5.8380	  13.1322	0	540	1140
169	   6.5559	   7.6900	0	540	1140
170	  13.8501	  21.4313	0	540	1140
171	  21.9286	  19.7880	0	540	1140
172	  11.2619	   1.5607	0	540	1140
173	  19.7060	   5.0549	0	540	1140
174	   0.6481	  24.8059	0	540	1140
175	  23.8689	  17.2080	0	540	1140
176	  20.1747	  21.1373	0	540	1140
177	  18.3489	  17.2300	0	540	1140
178	   3.0439	   6.7172	0	540	1140
