50	5	100	50
0	  35.0380	  23.8797	3	562	562
1	   6.5332	  22.0413	3	949	949
2	  30.6633	  28.8721	3	594	594
3	  19.9064	  29.7590	3	710	710
4	   0.9426	  29.9346	3	646	646
5	  20.8797	   6.2966	3	646	646
6	  12.7461	  22.6630	3	851	851
7	  35.8291	  19.2970	3	939	939
8	  15.1976	  28.0275	3	714	714
9	  27.3556	   5.5900	3	754	754
10	  12.5720	   9.2687	3	664	664
11	  49.3901	  14.7112	3	837	837
12	  34.8515	  44.4557	3	762	762
13	  33.8748	  32.2650	3	696	696
14	   8.7808	  41.8656	3	586	586
15	  18.3659	  43.8188	3	785	785
16	  15.8601	  46.4086	3	955	955
17	   3.7712	  35.7665	3	1005	1005
18	  26.1676	   4.7139	3	723	723
19	  15.7011	  47.0473	3	710	710
20	  11.0105	  28.4472	3	631	631
21	  19.7103	  46.8396	3	881	881
22	  47.7441	  34.9079	3	952	952
23	  24.8671	  25.0997	3	922	922
24	  40.4979	  37.4392	3	842	842
25	  34.3684	  39.8881	3	976	976
26	   2.1504	  19.2199	3	867	867
27	  34.3438	  36.0252	3	605	605
28	   1.4849	  43.1246	3	911	911
29	  27.8908	  19.8508	3	966	966
30	  36.9433	  43.6361	3	1017	1017
31	  44.7499	   2.8034	3	786	786
32	  40.0448	  48.5211	3	876	876
33	  13.2597	  14.2454	3	571	571
34	  32.7181	  32.9700	3	936	936
35	  11.0851	  30.4623	3	962	962
36	  17.8779	  35.9522	3	1009	1009
37	   5.5619	   8.3759	3	619	619
38	  23.3914	  39.9304	3	733	733
39	  48.2639	  25.5418	3	1035	1035
40	   9.1503	  32.6077	3	814	814
41	  11.5669	  10.6352	3	838	838
42	  25.7323	  39.4577	3	832	832
43	  15.4791	  23.1386	3	1016	1016
44	  39.3510	  26.9920	3	974	974
45	  41.2374	  41.0381	3	730	730
46	  35.5807	   2.3225	3	633	633
47	  21.5003	   3.4586	3	889	889
48	  38.2747	  27.0623	3	567	567
49	  11.8345	  11.6661	3	668	668
50	  16.9927	  10.0984	3	912	912
51	  37.2079	  26.1430	3	639	639
52	  42.7061	  48.7749	3	989	989
53	  38.2326	  17.2642	3	824	824
54	  31.1141	  21.3265	3	873	873
55	  44.4651	  16.2571	3	663	663
56	   0.6421	  33.8161	3	632	632
57	  43.2490	   8.9620	3	700	700
58	  36.4268	  34.4864	3	580	580
59	   0.0001	  22.0075	3	856	856
60	  25.4662	  25.0836	3	979	979
61	  48.5627	  37.3006	3	1037	1037
62	  47.3990	  23.9577	3	602	602
63	   8.5436	  10.9651	3	815	815
64	  45.7407	  39.6576	3	568	568
65	  36.2508	  26.7567	3	850	850
66	  10.5728	  47.7469	3	737	737
67	  45.8549	  46.9997	3	889	889
68	  32.2333	  45.8550	3	910	910
69	  19.0072	  19.0422	3	910	910
70	   4.8333	  23.1718	3	756	756
71	   1.6483	  27.8218	3	1036	1036
72	  38.5310	  47.3890	3	708	708
73	  17.4794	  20.8226	3	900	900
74	  35.6297	   3.7302	3	884	884
75	  18.6324	  33.2758	3	642	642
76	  15.6065	   0.4064	3	591	591
77	  14.1514	  47.0799	3	957	957
78	  29.5794	  18.9847	3	844	844
79	  20.2517	  48.8576	3	950	950
80	  46.5505	  21.9000	3	937	937
81	   5.9041	   4.9188	3	588	588
82	  47.8890	   3.4833	3	1029	1029
83	  45.0463	  38.5120	3	886	886
84	  11.6355	  32.9208	3	852	852
85	  24.9899	  16.7872	3	734	734
86	   3.0285	   7.3229	3	862	862
87	  25.4542	  22.6177	3	797	797
88	   9.9850	  39.6056	3	747	747
89	  19.6977	  39.5644	3	882	882
90	   8.5903	  39.9494	3	613	613
91	  40.2224	  31.1384	3	686	686
92	   9.2602	  46.1264	3	880	880
93	  36.0572	   7.1492	3	1007	1007
94	  49.6098	  31.1035	3	941	941
95	  14.0243	  20.6511	3	760	760
96	   9.2311	  34.9853	3	817	817
97	  28.5574	  34.6854	3	638	638
98	  24.2910	  27.3007	3	962	962
99	  31.6303	  28.2446	3	687	687
100	  36.8089	  21.5004	-3	562	562
101	   5.1518	  20.1077	-3	949	949
102	  28.2445	  28.2352	-3	594	594
103	  22.7325	  28.4765	-3	710	710
104	   1.3853	  26.1634	-3	646	646
105	  23.7570	   4.0490	-3	646	646
106	  12.9683	  21.9651	-3	851	851
107	  36.7782	  18.4384	-3	939	939
108	  17.8444	  28.0316	-3	714	714
109	  26.8105	   6.1503	-3	754	754
110	  15.6354	   7.8597	-3	664	664
111	  48.1041	  12.5147	-3	837	837
112	  37.5756	  43.2967	-3	762	762
113	  33.8031	  31.4525	-3	696	696
114	  10.2379	  40.8906	-3	586	586
115	  19.2890	  44.1588	-3	785	785
116	  16.3300	  48.1254	-3	955	955
117	   0.6050	  36.6599	-3	1005	1005
118	  25.4696	   3.5988	-3	723	723
119	  16.8434	  46.1534	-3	710	710
120	  12.2151	  27.4438	-3	631	631
121	  22.0466	  45.9705	-3	881	881
122	  46.9270	  30.9425	-3	952	952
123	  25.2666	  25.2730	-3	922	922
124	  43.1969	  36.9327	-3	842	842
125	  35.0580	  37.7621	-3	976	976
126	   4.9856	  20.6255	-3	867	867
127	  32.2916	  38.2408	-3	605	605
128	   2.6600	  46.8341	-3	911	911
129	  27.9740	  18.9787	-3	966	966
130	  40.6151	  42.7828	-3	1017	1017
131	  43.7343	   5.2532	-3	786	786
132	  42.1261	  46.5137	-3	876	876
133	  11.8494	  15.1015	-3	571	571
134	  31.7740	  30.8756	-3	936	936
135	   9.9695	  27.8985	-3	962	962
136	  20.0367	  34.1420	-3	1009	1009
137	   7.0112	   9.5786	-3	619	619
138	  22.6678	  42.3946	-3	733	733
139	  49.3370	  26.6831	-3	1035	1035
140	   9.4896	  34.1893	-3	814	814
141	  13.9438	   9.9432	-3	838	838
142	  27.6813	  39.2734	-3	832	832
143	  13.0106	  22.8658	-3	1016	1016
144	  37.5489	  26.5492	-3	974	974
145	  41.6983	  40.1051	-3	730	730
146	  33.2978	   0.4131	-3	633	633
147	  24.9390	   5.5434	-3	889	889
148	  38.1015	  24.2416	-3	567	567
149	  15.6998	  12.4934	-3	668	668
150	  20.3010	   8.7909	-3	912	912
151	  32.3329	  24.1590	-3	639	639
152	  42.5001	  46.5931	-3	989	989
153	  40.6051	  16.3511	-3	824	824
154	  32.0235	  17.2620	-3	873	873
155	  45.3236	  15.6561	-3	663	663
156	   4.4978	  36.8929	-3	632	632
157	  40.4652	   8.5370	-3	700	700
158	  37.8744	  36.4779	-3	580	580
159	   5.4208	  21.9547	-3	856	856
160	  26.4007	  21.8739	-3	979	979
161	  47.9267	  35.7087	-3	1037	1037
162	  49.1394	  23.4010	-3	602	602
163	   9.0676	   6.2505	-3	815	815
164	  44.6689	  43.2314	-3	568	568
165	  31.2811	  26.6709	-3	850	850
166	  11.5974	  49.1558	-3	737	737
167	  43.0833	  46.5442	-3	889	889
168	  32.8448	  41.6560	-3	910	910
169	  17.2500	  16.5289	-3	910	910
170	   8.5646	  25.6030	-3	756	756
171	   0.3901	  22.9645	-3	1036	1036
172	  43.0458	  48.0009	-3	708	708
173	  16.9566	  21.3748	-3	900	900
174	  31.6703	   2.6377	-3	884	884
175	  18.8186	  36.4533	-3	642	642
176	  15.7393	   1.6714	-3	591	591
177	  14.7801	  44.1495	-3	957	957
178	  26.9848	  18.6512	-3	844	844
179	  20.8104	  42.7311	-3	950	950
180	  48.3637	  20.1930	-3	937	937
181	   5.3896	   7.1903	-3	588	588
182	  44.3509	   2.2340	-3	1029	1029
183	  45.3409	  38.7576	-3	886	886
184	   9.5920	  34.0225	-3	852	852
185	  28.0325	  17.0527	-3	734	734
186	   2.6877	   8.1790	-3	862	862
187	  26.2726	  26.6994	-3	797	797
188	  10.1013	  42.2240	-3	747	747
189	  23.1073	  35.4216	-3	882	882
190	   7.4931	  37.5512	-3	613	613
191	  42.1438	  33.7091	-3	686	686
192	   3.7447	  45.5724	-3	880	880
193	  34.1723	   7.8831	-3	1007	1007
194	  47.4176	  25.5709	-3	941	941
195	  12.4541	  23.8393	-3	760	760
196	   7.6030	  38.5424	-3	817	817
197	  25.9147	  35.7696	-3	638	638
198	  21.4333	  28.8277	-3	962	962
199	  30.8557	  31.0275	-3	687	687
200	  24.3710	  46.2951	1	940	1000
201	  48.0398	  23.9808	1	808	868
202	  35.2261	  41.4229	1	913	973
203	  14.3521	  13.2586	1	981	1041
204	  32.2373	  17.7067	1	829	889
205	   2.3921	  34.9144	1	607	667
206	   9.5644	  29.4651	1	893	953
207	  43.9727	  47.5866	1	912	972
208	  25.8312	  18.8025	1	636	696
209	  16.4936	   0.2023	1	789	849
210	  15.0976	  14.5333	1	914	974
211	  24.1831	  42.4961	1	595	655
212	   8.2343	   9.4092	1	737	797
213	  14.9126	   4.9051	1	544	604
214	  27.1384	  15.0368	1	624	684
215	  39.1765	  39.3535	1	702	762
216	  46.3276	  27.3832	1	640	700
217	  12.0564	  22.1588	1	696	756
218	  22.3611	  11.2832	1	939	999
219	   3.7794	   1.3176	1	867	927
220	   5.9534	  37.6984	1	738	798
221	  23.9040	  28.6212	1	544	604
222	  30.0930	  38.8166	1	753	813
223	  31.0406	  49.2260	1	990	1050
224	  14.2629	  41.8642	1	743	803
225	  47.5325	   6.7435	1	916	976
226	   9.0915	  39.9200	1	781	841
227	   1.2033	  26.8864	1	800	860
228	  27.9968	   4.9827	1	996	1056
229	  28.2040	  33.9502	1	673	733
230	  42.6811	   2.1080	1	590	650
231	  12.5713	  22.7740	1	927	987
232	  40.9245	  46.0976	1	873	933
233	  44.0277	   9.5269	1	895	955
234	  33.8681	   3.6736	1	898	958
235	   5.7816	   0.1202	1	624	684
236	  49.3232	  46.7061	1	895	955
237	  46.2178	  12.2916	1	713	773
238	  18.6712	  41.5415	1	928	988
239	  27.9476	  48.8153	1	923	983
240	   1.1279	  35.4679	1	963	1023
241	  26.4920	  17.4580	1	833	893
242	  33.5932	  20.5197	1	979	1039
243	   8.2818	  41.7649	1	622	682
244	  40.3482	  38.4027	1	769	829
245	  19.4914	  29.5504	1	593	653
246	  29.6706	  24.5898	1	784	844
247	  21.9792	  25.8885	1	869	929
248	  17.4299	  14.8290	1	749	809
249	  39.4657	  18.5579	1	645	705
250	  27.6821	  48.5832	-1	1006	1140
251	  42.4692	  21.2348	-1	874	1140
252	  34.3941	  46.7048	-1	979	1140
253	  15.3956	  15.0140	-1	1047	1140
254	  33.9569	  17.1321	-1	895	1140
255	   0.9649	  29.9200	-1	673	1140
256	   9.6244	  33.7355	-1	959	1140
257	  43.7263	  42.7981	-1	978	1140
258	  25.2966	  19.5564	-1	702	1140
259	  17.8585	   2.6806	-1	855	1140
260	  14.8493	  15.8178	-1	980	1140
261	  18.9633	  41.1431	-1	661	1140
262	   7.2059	  12.8465	-1	803	1140
263	   9.3007	   1.5964	-1	610	1140
264	  27.6095	  10.9625	-1	690	1140
265	  40.9213	  35.0658	-1	768	1140
266	  41.2521	  28.7499	-1	706	1140
267	   9.9380	  17.4116	-1	762	1140
268	  20.3713	  14.6193	-1	1005	1140
269	   3.3568	   1.3628	-1	933	1140
270	   6.9146	  31.7778	-1	804	1140
271	  25.6020	  28.8854	-1	610	1140
272	  33.5263	  40.1943	-1	819	1140
273	  30.7231	  45.1138	-1	1056	1140
274	  12.3109	  40.3313	-1	809	1140
275	  48.1275	   5.4997	-1	982	1140
276	  12.8007	  35.9639	-1	847	1140
277	   7.0939	  22.7141	-1	866	1140
278	  28.0069	   5.6177	-1	1062	1140
279	  30.6179	  32.4317	-1	739	1140
280	  40.5809	   9.1219	-1	656	1140
281	  15.3834	  13.9157	-1	993	1140
282	  36.8814	  40.6504	-1	939	1140
283	  39.9822	  12.5941	-1	961	1140
284	  33.1736	   6.8454	-1	964	1140
285	   0.4887	   3.1219	-1	690	1140
286	  42.0015	  48.7174	-1	961	1140
287	  48.5898	  12.5955	-1	779	1140
288	  17.5975	  48.6158	-1	994	1140
289	  23.4493	  41.9413	-1	989	1140
290	   1.3609	  27.4674	-1	1029	1140
291	  31.0569	  15.8315	-1	899	1140
292	  32.5048	  15.7700	-1	1045	1140
293	   2.5413	  44.7592	-1	688	1140
294	  42.2065	  32.1829	-1	835	1140
295	  22.1520	  31.4621	-1	659	1140
296	  34.9443	  25.2011	-1	850	1140
297	  22.8032	  27.6356	-1	935	1140
298	  16.5822	  23.6660	-1	815	1140
299	  44.6848	  15.7318	-1	711	1140
300	  38.4221	   5.1409	0	540	1140
301	   8.3199	   2.6107	0	540	1140
302	  19.2782	  27.5658	0	540	1140
303	  39.1499	  49.6884	0	540	1140
304	  20.1790	  24.7809	0	540	1140
305	   3.2350	   4.2710	0	540	1140
306	  24.5608	  37.7097	0	540	1140
307	  18.3256	  48.2856	0	540	1140
308	  48.9388	  39.9021	0	540	1140
309	  15.7453	  24.8991	0	540	1140
310	  38.5699	  16.2124	0	540	1140
311	  17.3554	  44.4734	0	540	1140
312	  36.0349	   0.9951	0	540	1140
313	  42.8546	  20.4154	0	540	1140
314	  33.9190	  22.5864	0	540	1140
315	  45.6612	  11.2453	0	540	1140
316	  27.3114	  10.7947	0	540	1140
317	  49.3150	  28.1957	0	540	1140
318	  28.1068	  32.8813	0	540	1140
319	  33.0939	  25.2359	0	540	1140
320	  49.7544	  27.0889	0	540	1140
321	  44.1259	  15.9181	0	540	1140
322	  28.3673	  40.6476	0	540	1140
323	  40.9462	  42.1784	0	540	1140
324	  24.9005	  24.4575	0	540	1140
325	  30.1441	   9.5865	0	540	1140
326	  38.0222	  29.0995	0	540	1140
327	  27.3986	  43.7010	0	540	1140
328	  25.1503	  49.6100	0	540	1140
329	   6.8226	  16.1575	0	540	1140
330	  27.4966	  15.8969	0	540	1140
331	  35.5917	  42.6817	0	540	1140
332	  36.7498	  15.5554	0	540	1140
333	   2.8179	   1.8730	0	540	1140
334	  41.1390	  38.9360	0	540	1140
335	  47.5793	  40.1276	0	540	1140
336	  32.3137	  41.4412	0	540	1140
337	  44.1462	  27.6752	0	540	1140
338	  26.6794	  35.0815	0	540	1140
339	  46.1857	  28.5499	0	540	1140
340	  44.2898	  30.4230	0	540	1140
341	   7.9909	  36.1009	0	540	1140
342	  25.3047	  22.3502	0	540	1140
343	   7.5202	  27.6766	0	540	1140
344	  40.6230	   8.1521	0	540	1140
345	  31.4735	  29.1731	0	540	1140
346	  42.0580	   1.4410	0	540	1140
347	  42.4807	  48.7409	0	540	1140
348	  30.4860	  12.6757	0	540	1140
349	   8.4756	  42.3261	0	540	1140
