26	5	100	50
0	   1.9533	  31.6104	3	1013	1013
1	   9.3016	   6.2134	3	771	771
2	  28.2842	  25.1325	3	944	944
3	   2.5804	  37.6071	3	926	926
4	   0.6352	  37.9870	3	951	951
5	  31.0960	  36.5634	3	573	573
6	  45.0479	  24.2388	3	773	773
7	  37.3914	  21.5870	3	869	869
8	  14.4389	  27.6861	3	817	817
9	  14.4992	  16.0921	3	684	684
10	   3.9847	   9.2857	3	1034	1034
11	  32.5806	  28.5749	3	855	855
12	  46.7268	  23.2760	3	834	834
13	   0.1823	  48.6801	3	898	898
14	   4.8864	   9.4839	3	640	640
15	   4.8935	  33.1706	3	821	821
16	  34.6163	  32.2264	3	1005	1005
17	  25.2017	  37.1968	3	881	881
18	  25.1838	   4.7275	3	792	792
19	  36.7377	   6.2798	3	606	606
20	  41.2908	  31.7856	3	658	658
21	  30.5187	  28.6822	3	570	570
22	   3.3726	  44.9576	3	568	568
23	   6.3683	  17.8718	3	956	956
24	  11.0497	  10.3531	3	609	609
25	  27.1575	  43.6303	3	770	770
26	  38.9280	  23.8843	3	852	852
27	  16.9063	  39.1103	3	956	956
28	  22.5644	  21.7927	3	870	870
29	  48.5941	  27.4579	3	593	593
30	   4.9633	  33.2105	3	866	866
31	  20.4072	  29.5179	3	715	715
32	   6.0019	  45.5910	3	804	804
33	  34.2454	  42.7396	3	642	642
34	   1.8708	  25.5362	3	954	954
35	  24.5251	  32.3895	3	587	587
36	   4.2185	  27.8977	3	1008	1008
37	  27.3471	  10.5868	3	687	687
38	  45.7695	  38.3968	3	896	896
39	  32.0271	   9.8679	3	785	785
40	  46.8113	  48.9335	3	811	811
41	  46.8336	  25.6895	3	763	763
42	  30.7827	   6.5179	3	952	952
43	   5.8545	   1.1900	3	958	958
44	  36.0358	  11.8564	3	621	621
45	  46.7810	  20.2812	3	904	904
46	   4.5959	  48.6518	3	739	739
47	  45.8175	  29.1211	3	586	586
48	  31.0413	   0.0360	3	746	746
49	  10.6228	   2.7883	3	844	844
50	  46.7853	  31.5627	3	985	985
51	  25.7153	  28.8124	3	716	716
52	  41.4306	  22.5266	3	854	854
53	  27.7458	  40.4087	3	993	993
54	  41.9022	  48.4720	3	633	633
55	  19.9536	  31.2895	3	775	775
56	  41.8724	  16.7346	3	595	595
57	  25.5895	  46.4278	3	797	797
58	  47.4241	  32.6082	3	691	691
59	  39.6096	  11.1118	3	777	777
60	  33.6384	   8.1597	3	830	830
61	   6.6317	   9.4299	3	870	870
62	  14.2764	  30.7933	3	932	932
63	  28.1936	   9.5300	3	947	947
64	  10.8093	  48.1472	3	952	952
65	  14.8818	  42.3903	3	846	846
66	  39.7785	  24.7396	3	974	974
67	  26.6961	  37.2026	3	792	792
68	  45.2495	  42.7444	3	846	846
69	  33.1138	  34.8591	3	831	831
70	   3.8561	  13.5277	3	889	889
71	  15.8993	  37.4945	3	969	969
72	  21.6874	  37.3482	3	906	906
73	  13.0351	  28.3191	3	801	801
74	  22.6035	  38.0006	3	887	887
75	  20.0513	  21.7537	3	967	967
76	  18.2689	   9.8298	3	1018	1018
77	  46.4933	  44.9650	3	587	587
78	  47.0324	   3.8412	3	865	865
79	  26.4773	  42.2819	3	596	596
80	  23.1188	  43.0403	3	871	871
81	  30.3885	   0.9713	3	810	810
82	  23.1252	  27.1666	3	752	752
83	  13.2576	  12.8365	3	1037	1037
84	  46.5167	  31.5265	3	763	763
85	  26.4915	  19.6986	3	697	697
86	  46.8511	   2.9688	3	772	772
87	  11.9805	  43.4367	3	798	798
88	  32.1619	  31.8145	3	935	935
89	  30.4847	  12.5505	3	903	903
90	  32.7858	   3.6100	3	1015	1015
91	  26.1927	  38.0070	3	597	597
92	  12.7700	  30.3697	3	605	605
93	  31.8144	   9.2866	3	780	780
94	  11.8962	   4.4807	3	984	984
95	  41.3564	  36.1599	3	870	870
96	  42.5844	   3.9163	3	938	938
97	  25.2815	  36.4628	3	919	919
98	  39.5949	   7.4434	3	622	622
99	  18.2773	  20.0796	3	616	616
100	  46.5855	   9.5911	-3	1013	1013
101	  37.9810	  38.7358	-3	771	771
102	  10.7188	   4.3847	-3	944	944
103	  36.6225	  31.6179	-3	926	926
104	  47.1046	  38.9358	-3	951	951
105	  36.4437	  48.0603	-3	573	573
106	  30.4139	  31.0402	-3	773	773
107	  45.3643	  35.6582	-3	869	869
108	   7.3478	  31.5123	-3	817	817
109	  48.9781	  19.3757	-3	684	684
110	  18.9847	  32.6829	-3	1034	1034
111	  16.3075	  14.9652	-3	855	855
112	   1.5707	  46.4684	-3	834	834
113	   9.1124	  24.9716	-3	898	898
114	   0.3964	  10.5336	-3	640	640
115	  30.4112	   5.5065	-3	821	821
116	  45.2537	  30.0160	-3	1005	1005
117	  29.4580	  26.4495	-3	881	881
118	  42.7852	  24.7630	-3	792	792
119	  13.5017	  12.8893	-3	606	606
120	  20.7262	  47.5723	-3	658	658
121	  26.6595	  22.3941	-3	570	570
122	  15.3865	  47.3882	-3	568	568
123	   2.1594	  25.2570	-3	956	956
124	  37.9362	  44.8061	-3	609	609
125	  33.3047	  33.8156	-3	770	770
126	  41.6076	  40.7025	-3	852	852
127	  49.9515	  22.2372	-3	956	956
128	   3.2126	  49.9042	-3	870	870
129	  20.7032	   0.8746	-3	593	593
130	  36.8415	  19.9218	-3	866	866
131	  46.1798	  18.7679	-3	715	715
132	  26.1636	  44.0980	-3	804	804
133	   0.9874	  45.6774	-3	642	642
134	   7.0188	   8.3884	-3	954	954
135	  36.2515	  28.8335	-3	587	587
136	  24.1793	  49.1478	-3	1008	1008
137	  42.0905	  24.0296	-3	687	687
138	  23.1188	  27.6610	-3	896	896
139	  36.8750	  43.3913	-3	785	785
140	  49.1502	  30.2683	-3	811	811
141	  38.9133	   8.4715	-3	763	763
142	  47.6744	  20.5182	-3	952	952
143	  35.3965	   1.6015	-3	958	958
144	  20.2303	  25.0606	-3	621	621
145	  41.4968	  47.4281	-3	904	904
146	  20.8682	   1.3579	-3	739	739
147	  46.7780	  27.3114	-3	586	586
148	  48.4625	  30.4918	-3	746	746
149	  34.4107	  35.0408	-3	844	844
150	  17.9310	   3.9118	-3	985	985
151	   5.3376	  40.4920	-3	716	716
152	   2.1382	  15.1242	-3	854	854
153	  19.7464	   9.9619	-3	993	993
154	  46.6024	   9.9048	-3	633	633
155	  37.5371	   4.2578	-3	775	775
156	  38.8264	  26.3552	-3	595	595
157	  11.1851	  29.7882	-3	797	797
158	  48.9534	  38.1547	-3	691	691
159	  44.0150	  43.4193	-3	777	777
160	  21.4489	  25.5406	-3	830	830
161	   2.2966	  38.3877	-3	870	870
162	  29.9414	  47.9136	-3	932	932
163	  24.9170	  30.8218	-3	947	947
164	   8.8209	  31.2409	-3	952	952
165	  31.2765	  42.1254	-3	846	846
166	  22.6663	  43.0100	-3	974	974
167	  23.1749	  43.1848	-3	792	792
168	  17.1122	  18.9779	-3	846	846
169	  28.2827	  32.2377	-3	831	831
170	  14.3603	  19.9245	-3	889	889
171	   2.6887	  47.4200	-3	969	969
172	   7.3022	  10.3142	-3	906	906
173	   8.8345	  41.5003	-3	801	801
174	  47.4770	  16.2828	-3	887	887
175	  15.5098	  35.8283	-3	967	967
176	  15.4266	  47.4971	-3	1018	1018
177	  32.3245	  28.7165	-3	587	587
178	  14.0692	  19.2834	-3	865	865
179	  21.7504	  37.6964	-3	596	596
180	  18.7826	  45.8151	-3	871	871
181	  19.8888	  35.0501	-3	810	810
182	  45.5014	   8.9742	-3	752	752
183	  39.5449	   6.9631	-3	1037	1037
184	  34.3870	   9.3272	-3	763	763
185	  31.2891	  21.9093	-3	697	697
186	  12.4541	  31.2508	-3	772	772
187	   6.5921	   8.9283	-3	798	798
188	  35.8476	  41.8552	-3	935	935
189	  25.0051	  45.8262	-3	903	903
190	  17.4160	  41.0773	-3	1015	1015
191	  39.9999	  19.7057	-3	597	597
192	  21.9662	  46.6848	-3	605	605
193	  39.0921	  45.0424	-3	780	780
194	  13.6119	   8.6276	-3	984	984
195	  23.6176	  11.3951	-3	870	870
196	  14.5215	  39.5238	-3	938	938
197	  21.1051	  34.4245	-3	919	919
198	  44.6538	   3.5398	-3	622	622
199	  46.2033	   1.5848	-3	616	616
200	  19.9938	   1.0631	1	992	1052
201	  12.1316	   9.5372	1	852	912
202	   1.5661	  38.3243	1	706	766
203	  49.0479	  39.1166	1	768	828
204	  19.6009	  10.9442	1	705	765
205	  43.5973	  21.8975	1	853	913
206	  49.3319	  17.7766	1	857	917
207	  21.0453	  40.6883	1	563	623
208	   3.9365	  13.6297	1	880	940
209	  44.6046	  29.2179	1	842	902
210	   0.0925	  34.1995	1	551	611
211	  36.6613	  18.3698	1	713	773
212	   4.2791	   6.6551	1	703	763
213	  19.4329	  27.9687	1	714	774
214	  16.3660	  31.5645	1	940	1000
215	  37.5059	  17.9321	1	608	668
216	  36.6103	  27.1910	1	633	693
217	  36.8627	  45.9342	1	894	954
218	  27.6814	   7.9079	1	989	1049
219	  21.5376	  31.2271	1	1008	1068
220	  10.8358	  21.6301	1	1000	1060
221	   4.1522	   9.4328	1	876	936
222	  40.9974	  35.1802	1	858	918
223	  38.4503	  10.8862	1	775	835
224	  38.0771	  15.5947	1	648	708
225	  30.5598	   7.3212	1	1002	1062
226	  14.2895	  17.4225	1	735	795
227	   3.2555	  41.9709	1	559	619
228	  25.3304	  39.8780	1	543	603
229	  23.5887	  46.8681	1	578	638
230	  18.4982	  36.5317	1	545	605
231	  31.9216	   8.4981	1	995	1055
232	   6.2374	  36.0738	1	822	882
233	  20.1030	   7.8916	1	711	771
234	  12.2763	   5.4769	1	685	745
235	  22.8994	  41.3985	1	919	979
236	  18.5367	  48.2298	1	555	615
237	  45.0979	   2.3816	1	1002	1062
238	  26.5499	  13.5960	1	875	935
239	  22.0942	  45.1508	1	827	887
240	  44.5453	  40.0251	1	835	895
241	  26.6461	  34.0383	1	886	946
242	  10.3042	   2.7136	1	933	993
243	   7.6941	  49.2176	1	930	990
244	  44.3683	   5.7304	1	992	1052
245	  19.3304	  14.1942	1	863	923
246	   1.4567	  16.4351	1	930	990
247	   3.1300	  29.3277	1	616	676
248	   1.6827	  18.6316	1	680	740
249	  30.0980	  28.3289	1	841	901
250	  15.5016	   0.7703	-1	1058	1140
251	  28.4088	  33.1573	-1	918	1140
252	  37.0399	  27.9192	-1	772	1140
253	  24.1550	  25.4189	-1	834	1140
254	  10.5505	  43.5832	-1	771	1140
255	  38.1430	  26.5658	-1	919	1140
256	  45.4803	  45.5539	-1	923	1140
257	   8.7308	  32.7578	-1	629	1140
258	   2.6397	  37.3662	-1	946	1140
259	  31.5471	  30.8903	-1	908	1140
260	  30.6480	  30.9079	-1	617	1140
261	  13.8348	   0.4896	-1	779	1140
262	  11.6139	  32.5355	-1	769	1140
263	  31.9604	  39.2800	-1	780	1140
264	  49.0002	   7.9226	-1	1006	1140
265	  33.5725	   5.3303	-1	674	1140
266	  28.7981	   3.7664	-1	699	1140
267	  36.9407	  29.7684	-1	960	1140
268	  43.8408	  25.7014	-1	1055	1140
269	  49.3184	  12.2293	-1	1074	1140
270	  27.8710	  35.2477	-1	1066	1140
271	  15.5915	  42.3040	-1	942	1140
272	  20.5561	  14.9764	-1	924	1140
273	   2.5723	  41.2288	-1	841	1140
274	  28.0804	   6.5218	-1	714	1140
275	  31.5856	   3.0476	-1	1068	1140
276	   2.6699	  29.0982	-1	801	1140
277	  32.6444	  30.0270	-1	625	1140
278	  42.8770	  26.9942	-1	609	1140
279	   2.1147	  45.2783	-1	644	1140
280	  18.4108	  16.4972	-1	611	1140
281	  41.3888	  22.9800	-1	1061	1140
282	  44.8477	   2.2104	-1	888	1140
283	  27.1050	  19.2302	-1	777	1140
284	   6.8678	  18.7668	-1	751	1140
285	   1.6880	  24.3223	-1	985	1140
286	  19.8133	  43.4309	-1	621	1140
287	  12.7433	  35.2132	-1	1068	1140
288	  21.8502	   1.7676	-1	941	1140
289	  14.0599	  15.0193	-1	893	1140
290	  43.4392	  39.1325	-1	901	1140
291	  15.0678	   0.5792	-1	952	1140
292	  22.7490	   5.1031	-1	999	1140
293	  14.3278	  25.6447	-1	996	1140
294	  16.3336	  40.8874	-1	1058	1140
295	  31.5057	  12.5543	-1	929	1140
296	   3.6802	  16.0740	-1	996	1140
297	  41.6732	   8.4892	-1	682	1140
298	   8.2650	  22.3149	-1	746	1140
299	  32.3671	   9.9403	-1	907	1140
300	  39.7170	  11.0685	0	540	1140
301	  43.8783	  35.6786	0	540	1140
302	  41.9256	  40.8816	0	540	1140
303	  40.8195	   2.6818	0	540	1140
304	  20.9399	  22.9270	0	540	1140
305	  49.4021	   5.7981	0	540	1140
306	  27.3329	  42.0311	0	540	1140
307	  12.5598	  39.1216	0	540	1140
308	  26.1422	  10.4500	0	540	1140
309	  40.4665	  45.5167	0	540	1140
310	  27.1410	   0.4417	0	540	1140
311	  49.0626	   1.1374	0	540	1140
312	  43.9986	  11.0273	0	540	1140
313	  37.4187	  26.7329	0	540	1140
314	  19.8336	  25.8369	0	540	1140
315	  34.8939	  10.9008	0	540	1140
316	   0.2710	  47.0048	0	540	1140
317	   9.6843	  30.1650	0	540	1140
318	  47.5442	  18.6782	0	540	1140
319	  23.6896	   9.7109	0	540	1140
320	  24.1615	  18.7637	0	540	1140
321	  41.5669	   4.3797	0	540	1140
322	  37.5347	  29.0626	0	540	1140
323	  18.3524	   1.2626	0	540	1140
324	  19.8145	   9.3224	0	540	1140
325	   4.8162	   8.0469	0	540	1140
