Solving:  sarp_car2_10.txt :
Distance Matrix: 
    0 2.39572 1.93206 1.45962 0.759703 2.35585 3.21606 2.6343 3.16954 2.95809 13.0088 3.45548 19.6586 2.40979 3.79089 4.25586 5.09578 2.96631 3.1891 4.55289 5.52932 5.52932     0 
4.03314     0 0.562846 3.12075 2.7394 4.66695 5.65328 5.08689 5.61954 5.38601 15.4828 5.89628 19.4266 4.66847 6.16664 1.81271 5.75776 5.22417 5.54133 5.36157 6.67366 6.67366     0 
2.21251 2.34213     0 0.869259 0.486525 2.38612 3.44424 2.91789 3.4319 3.55978 13.4084 3.68807 18.801 2.37232 3.89542 4.11344 4.30629 2.92316 3.26467 3.78437 4.86749 4.86749     0 
2.49395 4.60649 4.12226     0 1.88059 0.0573947 1.18593 0.851359 1.22009 2.12544 11.167 1.41719 18.9605 0.219472 1.55476 6.4307 4.33065 0.679585 0.924759 3.75715 4.17458 4.17458     0 
3.76821 4.57908 4.13509 2.566     0 1.48349 1.40329 0.897948 1.29152 0.824467 10.7923 1.58021 20.3974 1.66604 2.12785 6.43599 5.73566 1.91862 1.752 5.15765 5.6211 5.6211     0 
4.42317 1.77683 2.01835 3.98641 3.82055     0 6.78127 6.2515 6.7688 6.7299 16.7337 7.02496 18.506 5.66159 7.2055 1.50084 5.68829 6.18805 6.57378 5.41929 6.82541 6.82541     0 
2.45236 4.41276 3.92893 1.57394 1.69269 0.252927     0 0.91985 1.34596 2.11513 11.3197 1.56505 19.0086 0.355462 1.74071  6.24 4.35216 0.8726 1.11378 3.77541 4.25736 4.25736     0 
4.41131 1.76114 2.00145 3.97097 3.804 5.68335 6.76485     0 6.75227 6.71268 16.7169 7.00855 18.5112 5.64579 7.18959 1.50189 5.6814 6.17249 6.55785 5.41097 6.81657 6.81657     0 
2.85768 5.05187 4.5694 2.19548 2.34208 0.439433 0.738676 0.60408     0 1.95973 10.6963 0.957446 19.1157 0.541319 1.09318 6.88528 4.56767 0.488955 0.476898 4.00489 4.27187 4.27187     0 
3.84559 0.456921 0.0834265 2.76072 2.2934 4.20258 5.14635 4.57096 5.10568     0 14.9262 5.38781 19.6528 4.21918 5.68728 2.31394 5.7104 4.77962 5.06859 5.27213 6.5255 6.5255     0 
13.2668 15.3659 14.9271 12.8898 12.9221 11.1354 9.99363 10.4918 9.98884 10.1329     0 9.75467 25.8612 11.2175 9.70829 17.215 14.0895 10.7762 10.3101 13.7098 12.9605 12.9605     0 
3.7754 5.84417 5.3702 3.13686 3.20749 1.3902 0.244131 0.825246 0.298747 1.66775 9.75467     0 19.713 1.49682 0.613749 7.69783 5.33939 1.20265 0.706966 4.7968 4.85635 4.85635     0 
16.8039 19.7385 19.5697 18.3001 18.9513 18.9313 19.6439 19.7164 19.768 21.0666 25.8612 19.713     0 18.7468 19.2129 19.9181 14.6966 18.6553 19.0582 15.2744 14.8631 14.8631     0 
2.33351 4.67175 4.18611 1.69151 1.93069 0.184525 1.27991 1.027 1.3341 2.33136 11.2175 1.49682 18.7468     0 1.54709 6.48032 4.12788 0.561695 0.918695 3.55629 3.9555 3.9555     0 
3.62081 6.14376 5.66182 3.23781 3.43338 1.50974 0.727568 1.27401 0.851782 2.28115 9.70829 0.613749 19.2129 1.54709     0 7.97846 4.98568 1.06797 0.631924 4.46715 4.38497 4.38497     0 
5.65171 1.86116 2.32792 4.90687 4.55199 6.47966 7.45563 6.88328 7.41756 7.08563 17.215 7.69783 19.9181 6.48032 7.97846     0 7.11391 7.03499 7.35377 6.80248 8.18407 8.18407     0 
2.14314 5.98734 5.63206 3.66307 4.34869 4.30968 5.2069 5.14256 5.31124 6.45599 14.0895 5.33939 14.6966 4.12788 4.98568 7.11391     0 4.16214 4.63502 0.579188 1.38336 1.38336     0 
2.59156 5.23163 4.74583 2.20313 2.48907 0.622278 1.04658 1.08587 1.14923 2.43754 10.7762 1.20265 18.6553 0.561695 1.06797 7.03499 4.16214     0 0.504447 3.61013 3.80073 3.80073     0 
3.09493 5.52449 5.0413 2.61017 2.80512 0.878553 0.586756 0.854532 0.710117 2.12125 10.3101 0.706966 19.0582 0.918695 0.631924 7.35377 4.63502 0.504447     0 4.09049 4.19515 4.19515     0 
1.59145 5.5737 5.19597 3.10888 3.80047 3.73731 4.65654 4.57448 4.75767 5.88188 13.7098 4.7968 15.2744 3.55629 4.46715 6.80248 0.579188 3.61013 4.09049     0 1.42133 1.42133     0 
2.68835 6.86158 6.45372 4.07692 4.77241 4.13762 4.78101 4.87579 4.90491 6.23143 12.9605 4.85635 14.8631 3.9555 4.38497 8.18407 1.38336 3.80073 4.19515 1.42133     0     0     0 
2.68835 6.86158 6.45372 4.07692 4.77241 4.13762 4.78101 4.87579 4.90491 6.23143 12.9605 4.85635 14.8631 3.9555 4.38497 8.18407 1.38336 3.80073 4.19515 1.42133     0     0     0 
    0     0     0     0     0     0     0     0     0     0     0     0     0     0     0     0     0     0     0     0     0     0     0 

Cluster 0: [(0) [  0] (1) [ 10,  0, 15] (2) [ 11,  0, 16] (3) [ 12,  0, 17] (4) [ 13,  0, 18] (5) [ 14,  0, 19] ]

Cluster 1: [(6) [  1] (7) [ 10,  1, 15] (8) [ 11,  1, 16] (9) [ 12,  1, 17] (10) [ 13,  1, 18] (11) [ 14,  1, 19] ]

Cluster 2: [(12) [  2] (13) [ 10,  2, 15] (14) [ 11,  2, 16] (15) [ 12,  2, 17] (16) [ 13,  2, 18] (17) [ 14,  2, 19] ]

Cluster 3: [(18) [  3] (19) [ 10,  3, 15] (20) [ 11,  3, 16] (21) [ 12,  3, 17] (22) [ 13,  3, 18] (23) [ 14,  3, 19] ]

Cluster 4: [(24) [  4] (25) [ 10,  4, 15] (26) [ 11,  4, 16] (27) [ 12,  4, 17] (28) [ 13,  4, 18] (29) [ 14,  4, 19] ]

Cluster 5: [(30) [  5] (31) [ 10,  5, 15] (32) [ 11,  5, 16] (33) [ 12,  5, 17] (34) [ 13,  5, 18] (35) [ 14,  5, 19] ]

Cluster 6: [(36) [  6] (37) [ 10,  6, 15] (38) [ 11,  6, 16] (39) [ 12,  6, 17] (40) [ 13,  6, 18] (41) [ 14,  6, 19] ]

Cluster 7: [(42) [  7] (43) [ 10,  7, 15] (44) [ 11,  7, 16] (45) [ 12,  7, 17] (46) [ 13,  7, 18] (47) [ 14,  7, 19] ]

Cluster 8: [(48) [  8] (49) [ 10,  8, 15] (50) [ 11,  8, 16] (51) [ 12,  8, 17] (52) [ 13,  8, 18] (53) [ 14,  8, 19] ]

Cluster 9: [(54) [  9] (55) [ 10,  9, 15] (56) [ 11,  9, 16] (57) [ 12,  9, 17] (58) [ 13,  9, 18] (59) [ 14,  9, 19] ]

Cluster 10: [(60) [ 20] ]

Cluster 11: [(61) [ 21] ]

Cluster 12: [(62) [ 22] ]

Feasible arcs between clusters:
     0  1  2  3  4  5  6  7  8  9 10 11 12
  0  0  0  0  0  0  0  0  0  0  0  0  0  1
  1  0  0  0  0  0  0  0  0  0  0  0  0  1
  2  0  0  0  0  0  0  0  0  0  0  0  0  1
  3  0  0  0  0  0  0  0  0  0  0  0  0  1
  4  0  0  0  0  0  0  0  0  0  0  0  0  1
  5  0  0  0  0  0  0  0  0  0  0  0  0  1
  6  0  0  0  0  0  0  0  0  0  0  0  0  1
  7  0  0  0  0  0  0  0  0  0  0  0  0  1
  8  0  0  0  0  0  0  0  0  0  0  0  0  1
  9  0  0  0  0  0  0  0  0  0  0  0  0  1
 10  1  1  1  1  1  1  1  1  1  1  0  0  0
 11  1  1  1  1  1  1  1  1  1  1  0  0  0
 12  0  0  0  0  0  0  0  0  0  0  0  0  0
Tried aggregator 2 times.
MIP Presolve eliminated 0 rows and 1 columns.
Aggregator did 20 substitutions.
Reduced MIP has 129 rows, 340 columns, and 1040 nonzeros.
Reduced MIP has 340 binaries, 0 generals, 0 SOSs, and 0 indicators.
Probing fixed 120 vars, tightened 0 bounds.
Probing time =    0.02 sec.
Tried aggregator 1 time.
MIP Presolve eliminated 112 rows and 228 columns.
Reduced MIP has 17 rows, 112 columns, and 316 nonzeros.
Reduced MIP has 112 binaries, 0 generals, 0 SOSs, and 0 indicators.
Presolve time =    0.03 sec.
Probing time =    0.00 sec.
Clique table members: 17.
MIP emphasis: balance optimality and feasibility.
MIP search method: dynamic search.
Parallel mode: deterministic, using up to 2 threads.
Root relaxation solution time =    0.00 sec.

        Nodes                                         Cuts/
   Node  Left     Objective  IInf  Best Integer    Best Bound    ItCnt     Gap

      0     0    infeasible                                          4         

Root node processing (before b&c):
  Real time             =    0.01
Parallel b&c, 2 threads:
  Real time             =    0.00
  Sync time (average)   =    0.00
  Wait time (average)   =    0.00
                          -------
Total (root+branch&cut) =    0.01 sec.

Sol status: Infeasible
Solving:  sarp_car2_1.txt :
Distance Matrix: 
    0 0.763479 0.561834 11.221 0.902105 1.19598 0.621468 18.4065 1.15934 1.16376 30.7613 1.15944 1.37108 2.5773 6.45172 18.2927 19.7316 1.53206 2.58724 5.55221 3.60545 3.60545     0 
2.25657     0 1.39777 10.8687 0.477718 2.03206 1.41036 19.1677 0.369711 0.928599 31.3685 1.66161 0.556703 2.70281 6.79612 19.0736 20.4949 0.712041 2.70789 5.83236 4.31878 4.31878     0 
2.14425 0.888265     0 10.5353 0.966837 1.85151 1.13926 18.7488 0.614442 0.461189 30.8614 1.85608 1.02366 3.1056 7.11667 18.676 20.0777 0.971368 3.11267 6.18409 3.88363 3.88363     0 
2.54304 1.03027 1.64971     0 1.05851 2.25503 1.54262 19.0796 0.387752 0.445981 31.0945 2.16355 0.849081 3.2844 7.36423 19.0203 20.4093 0.647312 3.28963 6.40797 4.21534 4.21534     0 
14.9238 16.8412 15.5761 20.7138     0 14.9857 15.4831 2.77831 17.106 16.4899 17.3635 16.0993 17.4405 17.1621 17.222 2.24628 3.92406 17.4685 17.1792 17.4149 12.6453 12.6453     0 
2.87763 1.1695 1.98701 10.1903 1.15333     0 1.902 19.4365 0.376325 0.750521 31.3966 2.39251 0.720552 3.37282 7.50061 19.3826 20.7666 0.361612 3.37625 6.52219 4.57543 4.57543     0 
1.75292 0.933874 0.864225 10.7732 1.0523 1.45099     0 18.4122 0.970479 0.73345 30.6187 1.60688 1.31397 2.98787 6.89865 18.3263 19.74 1.3443 2.99686 5.99454 3.55709 3.55709     0 
1.07991 1.38322 0.333282 11.2038 1.52201 0.739943 0.00493138     0 1.67978 1.39003 30.1599 1.39173 1.96043 2.94113 6.57789 17.6799 19.1145 2.05798 2.95346 5.73875 2.98794 2.98794     0 
2.69498 0.893466 1.81535 10.475 0.870158 2.44427 1.77218 19.4259     0 0.836823 31.4817 2.13421 0.477751 3.08779 7.21652 19.3552 20.755 0.29336 3.09125 6.23717 4.56004 4.56004     0 
17.2492 19.1485 17.8855 22.4271 19.2871 17.3017 17.7833 1.11797 19.3915     0 15.4499 18.4306 19.7355 19.5104 19.5525 0.11015 1.68325 19.7504 19.5276 19.7612 14.9119 14.9119     0 
30.0239 31.5098 30.3752 29.4818 31.6431 29.931 30.1597 14.6354 31.4498 30.6569     0 31.2188 31.8848 32.6181 33.8065 15.5423 13.7972 31.7354 32.635 33.758 27.2084 27.2084     0 
1.20975 1.26387 1.06345 12.3761 1.34109 1.30085 1.38863 18.5089 2.02983 2.30052 31.2188     0 1.99089 1.56633 5.29239 18.3232 19.8238 2.33095 1.57983 4.40121 4.02882 4.02882     0 
2.75445 0.743614 1.92622 10.8616 0.649985 2.55824 1.96302 19.7236 0.461776 1.28997 31.8848 1.99089     0 2.72893 6.88467 19.6303 21.0509 0.432252 2.73055 5.88549 4.87105 4.87105     0 
2.64142 2.25512 2.62094 13.5619 2.2328 2.82661 2.93849 19.6532 3.00372 3.56501 32.6181 1.56633 2.72893     0 4.1615 19.4017 20.9546 3.15813 0.0172682 3.15666 5.51071 5.51071     0 
5.75046 6.34416 6.25153 17.6511 6.34751 6.10034 6.57366 19.9254 7.12555 7.57348 33.8065 5.29239 6.88467 4.1615     0 19.4425 21.1428 7.31045 4.16142 1.06301 8.10606 8.10606     0 
17.1422 19.0426 17.7795 22.3511 19.1812 17.1953 17.6778 1.1516 19.2869 18.6534 15.5423 18.3232 19.6303 19.4017 19.4425     0 1.78533 19.6461 19.4189 19.651 14.8082 14.8082     0 
18.6305 20.4882 19.232 23.0821 20.6273 18.6627 19.1126 1.3315 20.6913 20.0283 13.7972 19.8238 21.0509 20.9546 21.1428 1.78533     0 21.0434 20.9719 21.3212 16.1953 16.1953     0 
2.96362 1.06798 2.09207 10.4296 1.01028 2.72387 2.06138 19.7141 0.378462 1.07854 31.7354 2.33095 0.432252 3.15813 7.31045 19.6461 21.0434     0 3.16004 6.31477 4.84803 4.84803     0 
2.65731 2.26065 2.63367 13.5657 2.23732 2.84157 2.95083 19.6705 3.00754 3.57188 32.635 1.57983 2.73055 0.0172682 4.16142 19.4189 20.9719 3.16004     0 3.15494 5.52664 5.52664     0 
5.00271 5.38014 5.40699 16.7009 5.3731 5.33061 5.73481 20.0779 6.14974 6.64437 33.758 4.40121 5.88549 3.15666 1.06301 19.651 21.3212 6.31477 3.15494     0 7.54972 7.54972     0 
2.8694 4.36841 3.17485 11.3044 4.50646 2.73032 2.98702 14.866 4.49785 3.84566 27.2084 4.02882 4.87105 5.51071 8.10606 14.8082 16.1953 4.84803 5.52664 7.54972     0     0     0 
2.8694 4.36841 3.17485 11.3044 4.50646 2.73032 2.98702 14.866 4.49785 3.84566 27.2084 4.02882 4.87105 5.51071 8.10606 14.8082 16.1953 4.84803 5.52664 7.54972     0     0     0 
    0     0     0     0     0     0     0     0     0     0     0     0     0     0     0     0     0     0     0     0     0     0     0 

Cluster 0: [(0) [  0] (1) [ 10,  0, 15] (2) [ 11,  0, 16] (3) [ 12,  0, 17] (4) [ 13,  0, 18] (5) [ 14,  0, 19] ]

Cluster 1: [(6) [  1] (7) [ 10,  1, 15] (8) [ 11,  1, 16] (9) [ 12,  1, 17] (10) [ 13,  1, 18] (11) [ 14,  1, 19] ]

Cluster 2: [(12) [  2] (13) [ 10,  2, 15] (14) [ 11,  2, 16] (15) [ 12,  2, 17] (16) [ 13,  2, 18] (17) [ 14,  2, 19] ]

Cluster 3: [(18) [  3] (19) [ 10,  3, 15] (20) [ 11,  3, 16] (21) [ 12,  3, 17] (22) [ 13,  3, 18] (23) [ 14,  3, 19] ]

Cluster 4: [(24) [  4] (25) [ 10,  4, 15] (26) [ 11,  4, 16] (27) [ 12,  4, 17] (28) [ 13,  4, 18] (29) [ 14,  4, 19] ]

Cluster 5: [(30) [  5] (31) [ 10,  5, 15] (32) [ 11,  5, 16] (33) [ 12,  5, 17] (34) [ 13,  5, 18] (35) [ 14,  5, 19] ]

Cluster 6: [(36) [  6] (37) [ 10,  6, 15] (38) [ 11,  6, 16] (39) [ 12,  6, 17] (40) [ 13,  6, 18] (41) [ 14,  6, 19] ]

Cluster 7: [(42) [  7] (43) [ 10,  7, 15] (44) [ 11,  7, 16] (45) [ 12,  7, 17] (46) [ 13,  7, 18] (47) [ 14,  7, 19] ]

Cluster 8: [(48) [  8] (49) [ 10,  8, 15] (50) [ 11,  8, 16] (51) [ 12,  8, 17] (52) [ 13,  8, 18] (53) [ 14,  8, 19] ]

Cluster 9: [(54) [  9] (55) [ 10,  9, 15] (56) [ 11,  9, 16] (57) [ 12,  9, 17] (58) [ 13,  9, 18] (59) [ 14,  9, 19] ]

Cluster 10: [(60) [ 20] ]

Cluster 11: [(61) [ 21] ]

Cluster 12: [(62) [ 22] ]

Feasible arcs between clusters:
     0  1  2  3  4  5  6  7  8  9 10 11 12
  0  0  0  0  0  0  1  0  0  0  0  0  0  1
  1  0  0  0  0  0  1  0  0  0  0  0  0  1
  2  0  0  0  0  0  1  0  0  0  0  0  0  1
  3  0  0  0  0  0  1  0  0  0  0  0  0  1
  4  0  0  0  0  0  0  0  0  0  0  0  0  1
  5  0  0  0  0  0  0  0  0  0  0  0  0  1
  6  0  0  0  0  0  1  0  0  0  0  0  0  1
  7  0  0  0  0  0  0  0  0  0  0  0  0  1
  8  0  0  0  0  0  1  0  0  0  0  0  0  1
  9  0  0  0  0  0  0  0  0  0  0  0  0  1
 10  1  1  1  1  1  1  1  1  1  1  0  0  0
 11  1  1  1  1  1  1  1  1  1  1  0  0  0
 12  0  0  0  0  0  0  0  0  0  0  0  0  0
Tried aggregator 3 times.
MIP Presolve eliminated 0 rows and 7 columns.
Aggregator did 9 substitutions.
Reduced MIP has 140 rows, 473 columns, and 1618 nonzeros.
Reduced MIP has 473 binaries, 0 generals, 0 SOSs, and 0 indicators.
Probing fixed 97 vars, tightened 0 bounds.
Probing time =    0.04 sec.
Presolve time =    0.07 sec.

Sol status: Infeasible
Solving:  sarp_car2_2.txt :
Distance Matrix: 
    0 0.333373 2.12177 3.60384 1.68432 0.810658 0.587623 11.9735 12.7337 2.09882 0.913087 8.79477 10.495 3.01811 0.549565 2.07957 8.49562 9.57549 2.9708 12.6684 4.92633 4.92633     0 
0.305653     0 2.13884 3.63767 1.63095 0.861832 0.591334 12.0236 12.784 2.1488 0.948015 8.84409 10.5449 3.03034 0.601334 2.12941 8.54479 9.62531 3.00908 12.7186 4.97782 4.97782     0 
1.34628 1.52351     0 2.08039 2.82916 1.16853 1.08351 10.8619 11.6234 1.40071 0.717921 7.65346 9.37987 1.53685 1.27984 1.37675 7.349 8.4579 1.54968 11.5581 4.02405 4.02405     0 
2.74591 2.82823 1.14822     0 4.22135 2.35312 2.49349 9.65332 10.4115 1.64803 2.04305 6.45049 8.17932 1.21236 2.5491 1.6381 6.14581 7.26416 0.47914 10.3464 3.18536 3.18536     0 
1.60466 1.89065 3.17086 4.89408     0 2.3803 1.7811 13.5234 14.2845 3.65516 2.34165 10.3336 12.0426 3.89557 2.12227 3.63466 10.0325 11.1214 4.3536 14.2191 6.49408 6.49408     0 
1.05382 0.867912 1.55027 2.63189 2.7302     0 0.973365 10.8767 11.6375 1.0065 0.449446 7.69296 9.39688 2.46065 0.579684 0.985662 7.39318 8.47649 1.94488 11.5721 3.84941 3.84941     0 
19.8767 19.6653 18.6431 16.8732 21.5387 19.1358     0 7.98875 7.23717 17.845 19.1429 11.1488 9.45556 18.3776 19.3982 17.8639 11.4491 10.3707 17.2316 7.30176 15.0615 15.0615     0 
11.1446 10.917 10.0186 8.30002 12.8148 10.3906 10.9941     0 1.53751 9.10109 10.4184 2.43492 0.707084 9.8726 10.6529 9.12055 2.73991 1.62967 8.57351 1.47209 6.30592 6.30592     0 
12.5047 12.2735 11.375 9.64861 14.1755 11.7483 12.3551 0.585797     0 10.4594 11.7792 3.79453 2.06852 11.2137 12.0106 10.479 4.09933 2.99111 9.93225 0.110655 7.65619 7.65619     0 
4.09578 3.78512 3.58449 2.67622 5.76451 3.28765 4.00764 7.96197 8.716     0 3.43657 4.85986 6.50057 3.9898 3.54425 2.08132 4.57624 5.59655 2.30721 8.65109 0.908956 0.908956     0 
0.747482 0.808475 1.3166 2.69083 2.39683 0.501707 0.579136 11.1937 11.9553 1.37874     0 7.99777 9.71169 2.24147 0.563709 1.35564 7.69585 8.78962 2.06455 11.8899 4.20941 4.20941     0 
8.72897 8.51943 7.58496 5.87712 10.3945 7.98815 8.57156 3.20931 3.97038 6.69719 7.99777     0 1.72975 7.46076 8.25048 6.71591 0.305017 0.815255 6.1386 3.90505 3.95396 3.95396     0 
10.4384 10.2131 9.31462 7.6011 12.1082 9.68599 10.2873 1.48272 2.24459 8.39615 9.71169 1.72975     0 9.17803 9.94835 8.41553 2.03475 0.922591 7.86805 2.17917 5.60708 5.60708     0 
2.73373 3.0263 0.925347 1.60617 3.83097 2.70536 2.44471 10.636 11.3872 2.54525 2.24147 7.46076 9.17803     0 2.80455 2.52733 7.15898 8.27567 1.6848 11.3228 4.38927 4.38927     0 
0.604181 0.289583 1.88006 3.17585 2.22452 0.262392 0.681724 11.4263 12.1863 1.55329 0.563709 8.25048 9.94835 2.80455     0 1.53463 7.95188 9.02936 2.5075 12.121 4.3768 4.3768     0 
2.03813 1.80692 1.79739 2.07002 3.71513 1.27238 1.92947 9.89444 10.6549 0.0244287 1.35564 6.71591 8.41553 2.52733 1.53463     0 6.41726 7.49593 1.33877 10.5895 2.86523 2.86523     0 
8.42791 8.22167 7.28001 5.57378 10.0925 7.68961 8.26922 3.51419 4.27516 6.39869 7.69585 0.305017 2.03475 7.15898 7.95188 6.41726     0 1.11887 5.83361 4.20984 3.6687 3.6687     0 
9.51705 9.2952 8.39715 6.69234 11.1863 8.76697 9.36499 2.40531 3.16718 7.4767 8.78962 0.815255 0.922591 8.27567 9.02936 7.49593 1.11887     0 6.94834 3.10176 4.69833 4.69833     0 
2.80398 2.79591 1.46325 0.732479 4.37357 2.28117 2.5807 9.34749 10.1079 1.34285 2.06455 6.1386 7.86805 1.6848 2.5075 1.33877 5.83361 6.94834     0 10.0427 2.73765 2.73765     0 
12.6153 12.3839 11.4852 9.75826 14.2861 11.8587 12.4658 0.696449 0.0654278 10.5699 11.8899 3.90505 2.17917 11.3228 12.121 10.5895 4.20984 3.10176 10.0427     0 7.76621 7.76621     0 
4.90296 4.63059 4.14978 2.88693 6.57961 4.11609 4.78779 7.07472 7.83131 2.84372 4.20941 3.95396 5.60708 4.38927 4.3768 2.86523 3.6687 4.69833 2.73765 7.76621     0     0     0 
4.90296 4.63059 4.14978 2.88693 6.57961 4.11609 4.78779 7.07472 7.83131 2.84372 4.20941 3.95396 5.60708 4.38927 4.3768 2.86523 3.6687 4.69833 2.73765 7.76621     0     0     0 
    0     0     0     0     0     0     0     0     0     0     0     0     0     0     0     0     0     0     0     0     0     0     0 

Cluster 0: [(0) [  0] (1) [ 10,  0, 15] (2) [ 11,  0, 16] (3) [ 12,  0, 17] (4) [ 13,  0, 18] (5) [ 14,  0, 19] ]

Cluster 1: [(6) [  1] (7) [ 10,  1, 15] (8) [ 11,  1, 16] (9) [ 12,  1, 17] (10) [ 13,  1, 18] (11) [ 14,  1, 19] ]

Cluster 2: [(12) [  2] (13) [ 10,  2, 15] (14) [ 11,  2, 16] (15) [ 12,  2, 17] (16) [ 13,  2, 18] (17) [ 14,  2, 19] ]

Cluster 3: [(18) [  3] (19) [ 10,  3, 15] (20) [ 11,  3, 16] (21) [ 12,  3, 17] (22) [ 13,  3, 18] (23) [ 14,  3, 19] ]

Cluster 4: [(24) [  4] (25) [ 10,  4, 15] (26) [ 11,  4, 16] (27) [ 12,  4, 17] (28) [ 13,  4, 18] (29) [ 14,  4, 19] ]

Cluster 5: [(30) [  5] (31) [ 10,  5, 15] (32) [ 11,  5, 16] (33) [ 12,  5, 17] (34) [ 13,  5, 18] (35) [ 14,  5, 19] ]

Cluster 6: [(36) [  6] (37) [ 10,  6, 15] (38) [ 11,  6, 16] (39) [ 12,  6, 17] (40) [ 13,  6, 18] (41) [ 14,  6, 19] ]

Cluster 7: [(42) [  7] (43) [ 10,  7, 15] (44) [ 11,  7, 16] (45) [ 12,  7, 17] (46) [ 13,  7, 18] (47) [ 14,  7, 19] ]

Cluster 8: [(48) [  8] (49) [ 10,  8, 15] (50) [ 11,  8, 16] (51) [ 12,  8, 17] (52) [ 13,  8, 18] (53) [ 14,  8, 19] ]

Cluster 9: [(54) [  9] (55) [ 10,  9, 15] (56) [ 11,  9, 16] (57) [ 12,  9, 17] (58) [ 13,  9, 18] (59) [ 14,  9, 19] ]

Cluster 10: [(60) [ 20] ]

Cluster 11: [(61) [ 21] ]

Cluster 12: [(62) [ 22] ]

Feasible arcs between clusters:
     0  1  2  3  4  5  6  7  8  9 10 11 12
  0  0  0  0  0  0  0  0  0  0  0  0  0  1
  1  0  0  0  0  0  0  0  0  0  0  0  0  1
  2  0  0  0  0  0  0  0  0  0  0  0  0  1
  3  0  0  0  0  0  0  0  0  0  0  0  0  1
  4  0  0  0  0  0  0  0  0  0  0  0  0  1
  5  0  0  0  0  0  0  0  0  0  0  0  0  1
  6  0  0  0  0  0  0  0  0  0  0  0  0  1
  7  0  0  0  0  0  0  0  0  0  0  0  0  1
  8  0  0  0  0  0  0  0  0  0  0  0  0  1
  9  0  0  0  0  0  0  0  0  0  0  0  0  1
 10  1  1  1  1  1  1  1  1  1  1  0  0  0
 11  1  1  1  1  1  1  1  1  1  1  0  0  0
 12  0  0  0  0  0  0  0  0  0  0  0  0  0
Tried aggregator 2 times.
MIP Presolve eliminated 0 rows and 1 columns.
Aggregator did 20 substitutions.
Reduced MIP has 129 rows, 340 columns, and 1040 nonzeros.
Reduced MIP has 340 binaries, 0 generals, 0 SOSs, and 0 indicators.
Probing fixed 120 vars, tightened 0 bounds.
Probing time =    0.02 sec.
Tried aggregator 1 time.
MIP Presolve eliminated 112 rows and 264 columns.
Reduced MIP has 17 rows, 76 columns, and 208 nonzeros.
Reduced MIP has 76 binaries, 0 generals, 0 SOSs, and 0 indicators.
Presolve time =    0.03 sec.
Probing fixed 18 vars, tightened 0 bounds.
Probing time =    0.00 sec.
Clique table members: 17.
MIP emphasis: balance optimality and feasibility.
MIP search method: dynamic search.
Parallel mode: deterministic, using up to 2 threads.
Root relaxation solution time =    0.00 sec.

        Nodes                                         Cuts/
   Node  Left     Objective  IInf  Best Integer    Best Bound    ItCnt     Gap

      0     0    infeasible                                          0         

Root node processing (before b&c):
  Real time             =    0.00
Parallel b&c, 2 threads:
  Real time             =    0.00
  Sync time (average)   =    0.00
  Wait time (average)   =    0.00
                          -------
Total (root+branch&cut) =    0.00 sec.

Sol status: Infeasible
Solving:  sarp_car2_3.txt :
Distance Matrix: 
    0 4.1088 4.19806 2.07597 2.60359 3.23544 3.8071 3.98675 2.75058 2.04234 3.79129 4.95637 4.35638 2.88625 1.77098 2.41286 1.36776 3.98174 2.68235 1.98657 5.39102 5.39102     0 
1.67131     0 2.23296 1.11298 0.924946 1.32764 1.55889 1.57707 0.865115 1.07222 2.02332 3.68855 2.19329 0.804047 3.53106 2.58436 1.35047 1.7078 0.520451 2.67567 3.64744 3.64744     0 
3.5849 2.39643     0 3.81477 3.542 3.6422 1.50236 2.17619 3.40232 3.77209 4.20861 1.1652 3.78057 3.2233 5.95394 5.28323 3.88893 3.27594 3.04496 5.32276 1.00378 1.00378     0 
2.05217 4.08033 3.13044     0 3.67984 4.19682 3.29388 3.86047 3.69627 3.4216 4.89068 2.97171 5.02495 3.67944 4.22926 4.53667 3.00304 4.49863 3.39392 4.26216 3.77602 3.77602     0 
2.69136 1.7917 3.18488 1.14452     0 0.151123 2.33669 1.87361 0.568677 1.17264 0.633143 4.88374 1.209 0.622594 3.65924 2.08272 1.84687 1.04946 0.894812 2.45496 4.60243 4.60243     0 
2.15535 3.23686 4.24955 0.917918 1.32022     0 3.50115 3.25079 1.51643 0.961918 1.92045 5.68448 2.75214 1.73892 2.13675 0.565029 1.16078 2.62184 1.7814 0.879949 5.67371 5.67371     0 
3.00899 0.912728 0.882872 2.61625 2.20669 2.1741     0 0.675836 2.03366 2.58622 2.69521 2.68623 2.26227 1.8268 5.09284 4.06515 2.91421 1.74859 1.72117 4.22085 2.28085 2.28085     0 
3.51787 0.245599 1.95056 2.54503 1.9826 1.6228 1.18801     0 1.78025 2.53837 1.8888 3.77879 1.2105 1.56519 5.19022 3.80969 3.07777 0.814611 1.65215 4.10795 3.18702 3.18702     0 
1.76422 4.08168 4.72755 1.6218 2.20007 2.7311 4.11113 4.0389     0 1.62796 3.07522 5.87508 3.85167 2.60497 1.02717 1.08096 1.21757 3.63458 2.53135 0.573074 6.08327 6.08327     0 
1.1628 2.3881 2.93453 0.620388 0.900585 1.51961 2.30599 2.3028 1.00399     0 2.1585 4.2409 2.59853 1.11174 2.77928 1.97548 0.598707 2.20134 0.900951 1.97829 4.3202 4.3202     0 
3.31053 1.99203 3.57741 1.7162 1.25909 0.69585 2.71676 2.13772 1.19979 1.75267     0 5.34173 0.915991 1.21955 4.05614 2.33132 2.4243 1.07478 1.50321 2.78958 4.95593 4.95593     0 
4.21663 3.56162 1.82891 4.77409 4.57932 4.74766 2.65802 3.34058 4.45963 4.72639 5.34173     0 4.94404 4.29824 6.64346 6.21484 4.72598 4.43479 4.09197 6.18208 1.11723 1.11723     0 
3.74948 1.39503 3.11971 2.32932 1.75919 1.1419 2.29278 1.60503 1.60601 2.3496 0.915991 4.94404     0 1.491 4.86166 3.20947 3.01117 0.546207 1.74284 3.63192 4.39679 4.39679     0 
2.2585 1.5055 2.65409 0.983445 0.422509 0.524478 1.83501 1.51207 0.222515 0.981449 1.21955 4.29824 1.491     0 3.63111 2.29702 1.58042 1.09886 0.285525 2.55112 4.08579 4.08579     0 
2.42763 5.10051 5.64595 2.64768 3.22724 3.75114 5.08102 5.04958 3.4257 2.6521 4.05614 6.64346 4.86166 3.63111     0 1.83881 2.18059 4.65968 3.54914 1.29731 6.95624 6.95624     0 
2.48922 3.78763 4.80986 1.4719 1.88121 2.20998 4.066 3.80888 2.07494 1.51226 2.33132 6.21484 3.20947 2.29702 1.83881     0 1.57287 3.13217 2.34634 0.556855 6.23117 6.23117     0 
1.0165 2.96087 3.5107 0.708309 1.25199 1.87785 2.90336 2.8885 1.41644 0.674992 2.4243 4.72598 3.01117 1.58042 2.18059 1.57287     0 2.67612 1.42844 1.45625 4.87608 4.87608     0 
3.32312 0.938771 2.62088 2.03972 1.44986 0.927311 1.7769 1.11803 1.26508 2.04875 1.07478 4.43479 0.546207 1.09886 4.65968 3.13217 2.67612     0 1.30824 3.49166 3.94428 3.94428     0 
2.0169 1.55137 2.50578 0.930164 0.49833 0.807397 1.72378 1.51312 0.371267 0.912174 1.50321 4.09197 1.74284 0.285525 3.54914 2.34634 1.42844 1.30824     0 2.54074 3.93954 3.93954     0 
2.21709 4.05634 4.90283 1.61306 2.1291 2.56538 4.21678 4.04727 2.3312 1.63798 2.78958 6.18208 3.63192 2.55112 1.29731 0.556855 1.45625 3.49166 2.54074     0 6.29802 6.29802     0 
4.58743 3.011 1.43402 4.75927 4.43723 4.4549 2.26576 2.8292 4.2809 4.71953 4.95593 1.11723 4.39679 4.08579 6.95624 6.23117 4.87608 3.94428 3.93954 6.29802     0     0     0 
4.58743 3.011 1.43402 4.75927 4.43723 4.4549 2.26576 2.8292 4.2809 4.71953 4.95593 1.11723 4.39679 4.08579 6.95624 6.23117 4.87608 3.94428 3.93954 6.29802     0     0     0 
    0     0     0     0     0     0     0     0     0     0     0     0     0     0     0     0     0     0     0     0     0     0     0 

Cluster 0: [(0) [  0] (1) [ 10,  0, 15] (2) [ 11,  0, 16] (3) [ 12,  0, 17] (4) [ 13,  0, 18] (5) [ 14,  0, 19] ]

Cluster 1: [(6) [  1] (7) [ 10,  1, 15] (8) [ 11,  1, 16] (9) [ 12,  1, 17] (10) [ 13,  1, 18] (11) [ 14,  1, 19] ]

Cluster 2: [(12) [  2] (13) [ 10,  2, 15] (14) [ 11,  2, 16] (15) [ 12,  2, 17] (16) [ 13,  2, 18] (17) [ 14,  2, 19] ]

Cluster 3: [(18) [  3] (19) [ 10,  3, 15] (20) [ 11,  3, 16] (21) [ 12,  3, 17] (22) [ 13,  3, 18] (23) [ 14,  3, 19] ]

Cluster 4: [(24) [  4] (25) [ 10,  4, 15] (26) [ 11,  4, 16] (27) [ 12,  4, 17] (28) [ 13,  4, 18] (29) [ 14,  4, 19] ]

Cluster 5: [(30) [  5] (31) [ 10,  5, 15] (32) [ 11,  5, 16] (33) [ 12,  5, 17] (34) [ 13,  5, 18] (35) [ 14,  5, 19] ]

Cluster 6: [(36) [  6] (37) [ 10,  6, 15] (38) [ 11,  6, 16] (39) [ 12,  6, 17] (40) [ 13,  6, 18] (41) [ 14,  6, 19] ]

Cluster 7: [(42) [  7] (43) [ 10,  7, 15] (44) [ 11,  7, 16] (45) [ 12,  7, 17] (46) [ 13,  7, 18] (47) [ 14,  7, 19] ]

Cluster 8: [(48) [  8] (49) [ 10,  8, 15] (50) [ 11,  8, 16] (51) [ 12,  8, 17] (52) [ 13,  8, 18] (53) [ 14,  8, 19] ]

Cluster 9: [(54) [  9] (55) [ 10,  9, 15] (56) [ 11,  9, 16] (57) [ 12,  9, 17] (58) [ 13,  9, 18] (59) [ 14,  9, 19] ]

Cluster 10: [(60) [ 20] ]

Cluster 11: [(61) [ 21] ]

Cluster 12: [(62) [ 22] ]

Feasible arcs between clusters:
     0  1  2  3  4  5  6  7  8  9 10 11 12
  0  0  0  0  0  0  0  0  0  0  0  0  0  1
  1  0  0  0  0  0  0  0  0  0  0  0  0  1
  2  0  0  0  0  0  0  0  0  0  0  0  0  1
  3  0  0  0  0  0  0  0  0  0  0  0  0  1
  4  0  0  0  0  0  0  0  0  0  0  0  0  1
  5  0  0  0  0  0  0  0  0  0  0  0  0  1
  6  0  0  0  0  0  0  0  0  0  0  0  0  1
  7  0  0  0  0  0  0  0  0  0  0  0  0  1
  8  0  0  0  0  0  0  0  0  0  0  0  0  1
  9  0  0  0  0  0  0  0  0  0  0  0  0  1
 10  1  1  1  1  1  1  1  1  1  1  0  0  0
 11  1  1  1  1  1  1  1  1  1  1  0  0  0
 12  0  0  0  0  0  0  0  0  0  0  0  0  0
Tried aggregator 2 times.
MIP Presolve eliminated 0 rows and 1 columns.
Aggregator did 20 substitutions.
Reduced MIP has 129 rows, 340 columns, and 1040 nonzeros.
Reduced MIP has 340 binaries, 0 generals, 0 SOSs, and 0 indicators.
Probing fixed 120 vars, tightened 0 bounds.
Probing time =    0.03 sec.
Tried aggregator 1 time.
MIP Presolve eliminated 113 rows and 258 columns.
Reduced MIP has 16 rows, 82 columns, and 226 nonzeros.
Reduced MIP has 82 binaries, 0 generals, 0 SOSs, and 0 indicators.
Presolve time =    0.03 sec.
Probing fixed 63 vars, tightened 0 bounds.
Probing time =    0.00 sec.
Clique table members: 16.
MIP emphasis: balance optimality and feasibility.
MIP search method: dynamic search.
Parallel mode: deterministic, using up to 2 threads.
Root relaxation solution time =    0.00 sec.

        Nodes                                         Cuts/
   Node  Left     Objective  IInf  Best Integer    Best Bound    ItCnt     Gap

      0     0    infeasible                                          0         

Root node processing (before b&c):
  Real time             =    0.00
Parallel b&c, 2 threads:
  Real time             =    0.00
  Sync time (average)   =    0.00
  Wait time (average)   =    0.00
                          -------
Total (root+branch&cut) =    0.00 sec.

Sol status: Infeasible
Solving:  sarp_car2_4.txt :
Distance Matrix: 
    0 2.29662 2.72938 2.20987 1.80501 8.3664 18.0315 5.07832 0.490579 1.44008 4.69161 1.42973 2.38625 18.3477 2.12594 4.79091 4.66081 2.51022 18.2471 2.89273 4.16911 4.16911     0 
2.16712     0 4.40421 3.79136 3.04183 9.58799 18.4037 6.64225 1.35305 1.80361 5.1498 1.3087 0.683711 18.7061 0.622758 5.25716 5.11622 0.96287 18.6028 1.32661 3.74434 3.74434     0 
2.49411 4.98746     0 0.995359 2.11101 6.52702 17.3744 3.26602 3.0518 3.31325 4.8079 3.67844 5.06776 17.7074 4.81511 4.86918 4.7895 5.19707 17.613 5.57732 5.61543 5.61543     0 
1.9104 4.2877 0.741728     0 1.45122 6.78136 17.2791 3.83612 2.31712 2.56505 4.39319 2.9234 4.34066 17.608 4.11765 4.46599 4.3711 4.50216 17.5116 4.88473 4.95208 4.95208     0 
2.13642 3.82773 1.77708 0.936422     0 6.59945 16.4694 5.07495 1.82994 1.57485 3.304 2.0468 3.73522 16.792 3.67688 3.38823 3.27826 4.05392 16.6933 4.43078 3.72168 3.72168     0 
3.441 1.72217 5.24869 4.49863 3.49049     0 17.5237 7.89881 2.34765 2.06264 4.6195 1.6165 1.19968 17.8147 1.76224 4.72463 4.58649 1.82038 17.7099 1.95503 2.65773 2.65773     0 
6.92838 7.4221 6.03033 5.40131 4.76422 4.91502     0 9.43342 6.10557 5.10749 1.66248 5.49371 7.02306 12.0115 7.3541 1.563 1.69364 7.6114 11.9099 7.879 3.59953 3.59953     0 
3.15244 4.86831 4.2736 4.59406 5.11985 10.5302 21.3287     0 4.2995 5.29529 8.25871 5.2401 5.30437 21.6572 4.73252 8.34552 8.23195 4.94574 21.5606 5.1763 8.02557 8.02557     0 
1.18168 2.02131 3.06042 2.4455 1.80826 8.41702 17.8112 5.55721     0 1.05834 4.45419 0.956023 2.02296 18.1239 1.86152 4.55688 4.42225 2.2449 18.0226 2.62707 3.73865 3.73865     0 
1.18246 2.02069 3.06119 2.44617 1.80861 8.41737 17.811 5.55809 0.00784168     0 4.45402 0.955276 2.02221 18.1237 1.86093 4.55672 4.42208 2.2443 18.0224 2.62646 3.73803 3.73803     0 
5.27278 5.84328 4.59748 3.88793 3.13889 5.34864 13.357 8.0564 4.4462 3.46014     0 3.86866 5.47605 13.6697 5.76312 0.107579 0.033686 6.04191 13.5684 6.33151 2.48996 2.48996     0 
2.13627 2.03847 3.63373 2.88463 1.92127 8.32638 17.1794 6.42915 0.950435 0.524049 3.86866     0 1.7935 17.4859 1.93144 3.97544 3.83531 2.25538 17.3834 2.59517 2.81643 2.81643     0 
2.82958 0.525875 5.0823 4.45229 3.64687 10.1193 18.5975 7.28698 2.02543 2.31627 5.47605 1.7935     0 18.8938 0.597857 5.5835 5.44238 0.630237 18.7897 0.856623 3.78434 3.78434     0 
18.8865 19.3375 17.4746 17.0633 16.6712 12.1367 0.34527 20.4379 18.1159 17.1169 13.6697 17.4859 18.8938     0 19.2893 13.5674 13.7017 19.5089 0.106476 19.7338 15.1601 15.1601     0 
2.44528 0.175118 4.85526 4.29853 3.62108 10.1935 18.9889 6.83382 1.86611 2.4238 5.76312 1.93144 0.597857 19.2893     0 5.8706 5.7295 0.385563 19.1858 0.769128 4.25452 4.25452     0 
5.36832 5.95085 4.65691 3.95686 3.22584 5.27233 13.2543 8.11247 4.5489 3.56535 0.107579 3.97544 5.5835 13.5674 5.8706     0 0.141262 6.14949 13.4661 6.43899 2.57387 2.57387     0 
5.24322 5.80962 4.5797 3.86714 3.11226 5.37313 13.3891 8.03953 4.41427 3.42735 0.033686 3.83531 5.44238 13.7017 5.7295 0.141262     0 6.00823 13.6003 6.29783 2.46372 2.46372     0 
2.80829 0.226468 5.23922 4.68374 3.99327 10.5508 19.2114 7.15666 2.24935 2.76122 6.04191 2.25538 0.630237 19.5089 0.385563 6.14949 6.00823     0 19.405 0.383567 4.41299 4.41299     0 
18.7869 19.2337 17.3802 16.9669 16.572 12.0563 0.276502 20.3486 18.0146 17.015 13.5684 17.3834 18.7897 0.106476 19.1858 13.4661 13.6003 19.405     0 19.6295 15.0552 15.0552     0 
3.17422 0.605812 5.62126 5.06706 4.36623 10.9089 19.4391 7.48283 2.63143 3.10873 6.33151 2.59517 0.856623 19.7338 0.769128 6.43899 6.29783 0.383567 19.6295     0 4.59889 4.59889     0 
4.87894 4.26847 5.47217 4.62701 3.50905 7.83238 14.8708 8.774 3.7319 2.73965 2.48996 2.81643 3.78434 15.1601 4.25452 2.57387 2.46372 4.41299 15.0552 4.59889     0     0     0 
4.87894 4.26847 5.47217 4.62701 3.50905 7.83238 14.8708 8.774 3.7319 2.73965 2.48996 2.81643 3.78434 15.1601 4.25452 2.57387 2.46372 4.41299 15.0552 4.59889     0     0     0 
    0     0     0     0     0     0     0     0     0     0     0     0     0     0     0     0     0     0     0     0     0     0     0 

Cluster 0: [(0) [  0] (1) [ 10,  0, 15] (2) [ 11,  0, 16] (3) [ 12,  0, 17] (4) [ 13,  0, 18] (5) [ 14,  0, 19] ]

Cluster 1: [(6) [  1] (7) [ 10,  1, 15] (8) [ 11,  1, 16] (9) [ 12,  1, 17] (10) [ 13,  1, 18] (11) [ 14,  1, 19] ]

Cluster 2: [(12) [  2] (13) [ 10,  2, 15] (14) [ 11,  2, 16] (15) [ 12,  2, 17] (16) [ 13,  2, 18] (17) [ 14,  2, 19] ]

Cluster 3: [(18) [  3] (19) [ 10,  3, 15] (20) [ 11,  3, 16] (21) [ 12,  3, 17] (22) [ 13,  3, 18] (23) [ 14,  3, 19] ]

Cluster 4: [(24) [  4] (25) [ 10,  4, 15] (26) [ 11,  4, 16] (27) [ 12,  4, 17] (28) [ 13,  4, 18] (29) [ 14,  4, 19] ]

Cluster 5: [(30) [  5] (31) [ 10,  5, 15] (32) [ 11,  5, 16] (33) [ 12,  5, 17] (34) [ 13,  5, 18] (35) [ 14,  5, 19] ]

Cluster 6: [(36) [  6] (37) [ 10,  6, 15] (38) [ 11,  6, 16] (39) [ 12,  6, 17] (40) [ 13,  6, 18] (41) [ 14,  6, 19] ]

Cluster 7: [(42) [  7] (43) [ 10,  7, 15] (44) [ 11,  7, 16] (45) [ 12,  7, 17] (46) [ 13,  7, 18] (47) [ 14,  7, 19] ]

Cluster 8: [(48) [  8] (49) [ 10,  8, 15] (50) [ 11,  8, 16] (51) [ 12,  8, 17] (52) [ 13,  8, 18] (53) [ 14,  8, 19] ]

Cluster 9: [(54) [  9] (55) [ 10,  9, 15] (56) [ 11,  9, 16] (57) [ 12,  9, 17] (58) [ 13,  9, 18] (59) [ 14,  9, 19] ]

Cluster 10: [(60) [ 20] ]

Cluster 11: [(61) [ 21] ]

Cluster 12: [(62) [ 22] ]

Feasible arcs between clusters:
     0  1  2  3  4  5  6  7  8  9 10 11 12
  0  0  0  0  0  0  0  0  0  0  0  0  0  1
  1  0  0  0  0  0  0  0  0  0  0  0  0  1
  2  0  0  0  0  0  0  0  0  0  0  0  0  1
  3  0  0  0  0  0  0  0  0  0  0  0  0  1
  4  0  0  0  0  0  0  0  0  0  0  0  0  1
  5  0  0  0  0  0  0  0  0  0  0  0  0  1
  6  0  0  0  0  0  0  0  0  0  0  0  0  1
  7  0  0  0  0  0  0  0  0  0  0  0  0  1
  8  0  0  0  0  0  0  0  0  0  0  0  0  1
  9  0  0  0  0  0  0  0  0  0  0  0  0  1
 10  1  1  1  1  1  1  1  1  1  1  0  0  0
 11  1  1  1  1  1  1  1  1  1  1  0  0  0
 12  0  0  0  0  0  0  0  0  0  0  0  0  0
Tried aggregator 2 times.
MIP Presolve eliminated 0 rows and 1 columns.
Aggregator did 20 substitutions.
Reduced MIP has 129 rows, 340 columns, and 1040 nonzeros.
Reduced MIP has 340 binaries, 0 generals, 0 SOSs, and 0 indicators.
Probing fixed 120 vars, tightened 0 bounds.
Probing time =    0.02 sec.
Tried aggregator 1 time.
MIP Presolve eliminated 113 rows and 286 columns.
Reduced MIP has 16 rows, 54 columns, and 142 nonzeros.
Reduced MIP has 54 binaries, 0 generals, 0 SOSs, and 0 indicators.
Presolve time =    0.03 sec.
Probing fixed 35 vars, tightened 0 bounds.
Probing time =    0.00 sec.
Clique table members: 15.
MIP emphasis: balance optimality and feasibility.
MIP search method: dynamic search.
Parallel mode: deterministic, using up to 2 threads.
Root relaxation solution time =    0.00 sec.

        Nodes                                         Cuts/
   Node  Left     Objective  IInf  Best Integer    Best Bound    ItCnt     Gap

      0     0    infeasible                                          0         

Root node processing (before b&c):
  Real time             =    0.00
Parallel b&c, 2 threads:
  Real time             =    0.00
  Sync time (average)   =    0.00
  Wait time (average)   =    0.00
                          -------
Total (root+branch&cut) =    0.00 sec.

Sol status: Infeasible
Solving:  sarp_car2_5.txt :
Distance Matrix: 
    0 1.32869 2.39261 2.33904 1.58012 1.42902 0.743576 0.932912 0.324535 0.851627 0.311901 1.61787 1.77743 1.77133 0.344754 0.165118 1.37511 6.46604 1.77474 1.67156 3.87785 3.87785     0 
1.10256     0 1.57567 3.37562 2.05772 1.86931 0.960724 0.28978 1.17736 1.93512 1.04199 2.15423 1.71306 1.71377 0.889965 1.25553 1.88457 6.86574 1.71471 1.69205 4.83832 4.83832     0 
1.4962 0.279178     0 3.60952 2.02344 1.83967 1.07344 0.826835 1.46803 2.34782 1.51264 2.69026 1.4582 1.46218 1.20286 1.66003 2.42011 6.64618 1.46176 1.48249 5.32764 5.32764     0 
2.34732 3.54712 4.17139     0 1.99309 2.08238 2.54344 3.26729 2.20504 1.78802 2.57198 3.09952 2.87476 2.8636 2.49245 2.24017 3.02758 5.23179 2.86801 2.73028 3.28298 3.28298     0 
2.69232 3.1396 2.98971 2.21751     0 1.30631 2.2305 3.22889 2.37137 2.85316 3.00218 4.19618 1.62218 1.61472 2.53496 2.7244 3.99639 3.7795 1.61672 1.55822 5.39558 5.39558     0 
1.61152 2.03619 2.17071 2.11157 0.119583     0 1.09419 2.09289 1.28616 1.97003 1.91378 3.19087 0.779648 0.768599 1.41404 1.67295 2.96705 4.90445 0.772745 0.645332 4.86251 4.86251     0 
1.07699 1.55577 1.97891 2.19053 0.566898 0.384989     0 1.547 0.756144 1.57565 1.3701 2.68371 0.833422 0.823993 0.855605 1.15987 2.44838 5.46405 0.828337 0.694352 4.5942 4.5942     0 
0.813112 1.13536 1.76957 2.48018 1.00243 0.816307 0.11297     0 0.554111 1.51259 1.05983 2.41966 0.966886 0.961204 0.506313 0.942264 2.16761 5.87928 0.964474 0.868676 4.58499 4.58499     0 
2.39966 2.99008 3.01006 1.83914 0.908136 1.09661 2.01842 3.01554     0 2.48986 2.71065 3.85513 1.59747 1.58819 2.27902 2.41514 3.66555 4.07408 1.59114 1.50219 4.99858 4.99858     0 
0.230371 1.53638 2.62301 2.23022 1.6959 1.56002 0.959189 1.09948 0.483084     0 0.33345 1.45393 1.97436 1.96767 0.573609 0.0759102 1.22744 6.54258 1.97127 1.86163 3.64734 3.64734     0 
0.311022 1.30003 2.48157 2.56366 1.88746 1.73213 0.97259 0.808638 0.631595 0.922498     0 1.3648 2.02353 2.0184 0.554408 0.341045 1.10865 6.77764 2.02149 1.92849 3.81502 3.81502     0 
1.6171 2.42489 3.72245 3.08916 3.14097 3.0121 2.33642 1.86447 1.92876 1.41171 1.3648     0 3.386 3.38056 1.9176 1.52425 0.271175 7.91059 3.38376 3.28623 2.93008 2.93008     0 
1.77813 1.62602 1.41781 2.87322 0.894231 0.793763 1.05122 1.88477 1.49477 2.39605 2.02353 3.386     0 0.0111669 1.46921 1.89869 3.13218  5.19 0.00690699 0.1479 5.42761 5.42761     0 
1.77202 1.62845 1.42777 2.86206 0.883125 0.782638 1.04627 1.88403 1.48779 2.38755 2.0184 3.38056 0.0111669     0 1.46403 1.89202 3.12703 5.18669 0.00453836 0.137096 5.41819 5.41819     0 
0.34517 1.07414 2.05676 2.48575 1.40637 1.23524 0.418827 0.803527 0.287415 1.16695 0.554408 1.9176 1.46921 1.46403     0 0.502741 1.663 6.31333 1.46713 1.3748 4.21656 4.21656     0 
0.165003 1.48767 2.55606 2.23207 1.63151 1.49258 0.883882 1.0691 0.408661 0.688333 0.341045 1.52425 1.89869 1.89202 0.502741     0 1.29431 6.48867 1.89561 1.78636 3.715 3.715     0 
1.37431 2.15579 3.45158 3.01746 2.92281 2.78686 2.08119 1.59491 1.69225 1.27982 1.10865 0.271175 3.13218 3.12703 1.663 1.29431     0 7.73258 3.13013 3.03586 3.13713 3.13713     0 
6.46692 6.8115 6.2624 5.24139 4.90703 5.08008 5.99212 6.98007 6.14845 6.5145 6.77764 7.91059  5.19 5.18669 6.31333 6.48867 7.73258     0 5.18681 5.18389 8.42942 8.42942     0 
1.77543 1.62869 1.42443 2.86647 0.887344 0.787099 1.04929 1.88554 1.49147 2.39167 2.02149 3.38376 0.00690699 0.00453836 1.46713 1.89561 3.13013 5.18681     0 0.141635 5.42253 5.42253     0 
1.67229 1.62833 1.53239 2.72862 0.756961 0.648168 0.961332 1.84426 1.37952 2.2644 1.92849 3.28623 0.1479 0.137096 1.3748 1.78636 3.03586 5.18389 0.141635     0 5.28737 5.28737     0 
3.87759 5.10611 6.2703 3.27509 4.75805 4.73707 4.55917 4.57032 4.04055 3.07331 3.81502 2.93008 5.42761 5.41819 4.21656 3.715 3.13713 8.42942 5.42253 5.28737     0     0     0 
