delta 0: 1.08621
delta 1: 0.213997
delta 2: 0.168813
delta 3: 0.188755
delta 4: 0.240087
delta 5: 0.170944
delta 6: 0.235116
delta 7: 0.234309
delta 8: 0.199129
delta 9: 0.206711
delta 10: 0.202502
delta 11: 0.166791
delta 12: 0.206765
delta 13: 0.214369
delta 14: 0.269801
delta 15: 0.307627
delta 16: 0.174966
delta 17: 0.258562
delta 18: 0.176327
delta 19: 0.18506
delta 20: 0.241075
delta 21: 0.190108
delta 22: 0.231499
delta 23: 0.699995
delta 24: 1.04643
delta 25: 0.301572
delta 26: 0.204825
delta 27: 1.08837
delta 28: 0.172141
delta 29: 1.13853
Distance Matrix: 
    0 2.13785 0.68732 1.76035 0.33183 17.3787 5.58205 1.90139 2.09696 2.22488 3.74391 3.6762 4.51209 4.21056 3.88194 0.871396 4.4349 1.2244 2.04398 3.81698 1.34613 2.10702 1.04293 10.9076 2.24303 0.984131 0.764956 17.1302 2.239 1.69134 2.36285 7.68952 4.00226 1.56935 2.01057 1.56263 2.65531 1.59788 2.4058 2.50098 1.6493 1.19512 3.67398 1.10174 3.77963 2.47404 3.49757 5.03211 1.45301 2.89222 2.8854 8.29736 4.11902 2.40155 2.0017 1.54106 2.27107 2.03939 2.3116 2.78859 1.66911 1.2963 3.69191 1.97408 3.27665 2.86511 3.55023 4.87346 2.11404 2.52675 2.2784 2.2784 2.2784 2.2784 2.2784     0 
19.2168     0 1.75831 0.511156 1.81359 19.39 5.54646 2.52459 1.34125 0.648771 2.83692 2.25913 2.73263 2.14064 2.46944 2.84209 2.59513 1.80137 0.19673 1.71875 2.02439 0.0150784 1.25395 11.3303 0.150544 1.86613 1.37431 19.1524 0.80643 1.33668 3.88561 8.12109 1.9064 0.897378 0.0956928 3.62213 1.08239 0.573138 4.47552 4.11626 1.40662 1.67043 1.71587 1.7312 1.68909 0.76366 2.97851 4.03685 0.667685 2.20818 4.30015 8.51126 2.02091 0.938966 0.154683 0.936902 0.800638 0.542761 0.457501 4.26889 0.444993 2.35168 1.73727 0.34035 1.1936 0.854351 2.15799 3.85771 0.0272248 1.14814 4.3588 4.3588 4.3588 4.3588 4.3588     0 
17.6731 1.51595     0 1.54132 0.719739 17.9903 6.04194 2.40194 2.17314 2.04294 3.90624 3.65881 4.35987 3.71522 3.87301 1.16108 4.25047 0.534293 1.72893 3.38665 1.78865 1.72317 1.10804 10.4346 1.84409 1.41542 0.787513 17.7347 1.6438 0.994909 3.06873 8.27415 3.55584 0.980357 1.6236 1.96337 2.04148 1.36058 3.01163 3.21348 1.81046 1.51273 3.41268 0.399899 3.32204 2.27852 3.77134 5.20018 1.19352 3.0812 3.58588 8.83962 3.68359 1.7901 1.58881 0.943705 1.67904 1.8439 1.8097 3.49429 1.36133 1.86017 3.43298 1.50187 2.81738 2.36672 3.5374 5.03146 1.74075 2.45298 2.87021 2.87021 2.87021 2.87021 2.87021     0 
19.183 0.940427 1.6928     0 1.7287 19.3006 5.49562 2.44146 1.28081 0.620522 2.81162 2.26144 2.76931 2.22939 2.47342 2.76882 2.63725 1.75824 0.149812 1.80223 1.93652 0.103635 1.16363 11.3429 0.240466 1.77584 1.28778 19.0634 0.847231 1.32125 3.7958 8.05863 1.99138 0.867349 0.0748722 3.54566 1.14666 0.482693 4.38945 4.02609 1.32666 1.58144 1.768 1.6827 1.7757 0.76277 2.93508 4.02394 0.57968 2.1639 4.21156 8.45636 2.10446 0.989492 0.156571 0.905417 0.845017 0.491755 0.5273 4.17967 0.356688 2.26228 1.78903 0.350378 1.28185 0.944307 2.15729 3.84512 0.0987668 1.12537 4.27351 4.27351 4.27351 4.27351 4.27351     0 
19.1677 1.26794 1.54893 0.029219     0 18.911 5.14848 1.9996 0.925882 0.527707 2.58621 2.17705 2.84717 2.62267 2.39263 2.54468 2.74525 1.7522 0.374277 2.15565 1.49535 0.544325 0.771981 11.5538 0.670298 1.35424 0.968863 18.6777 1.21631 1.47359 3.36376 7.66758 2.35377 0.991668 0.494188 3.29009 1.56241 0.155436 4.04536 3.5987 0.892433 1.14484 1.94611 1.64877 2.15227 0.767019 2.6277 3.84489 0.322419 1.86158 3.77222 8.09117 2.45554 1.37752 0.552411 1.01823 1.22283 0.328812 0.960097 3.74314 0.242874 1.82755 1.96462 0.698923 1.67655 1.37946 2.06068 3.66878 0.527515 0.970176 3.93769 3.93769 3.93769 3.93769 3.93769     0 
19.0714 19.5661 18.0166 18.9999 17.6748     0 17.761 17.3542 18.725 19.3151 19.2503 19.938 21.0255 21.5916 20.043 16.9569 21.0735 18.3829 19.342 21.1221 17.5956 19.4643 18.206 22.3325 19.6033 17.6327 18.0912 0.501328 19.6787 19.0241 15.7446 16.2132 21.3235 19.0063 19.378 16.182 20.0899 18.8873 15.0468 15.4758 18.3309 17.88 20.6574 18.3265 21.1254 19.5327 18.6142 19.8675 18.7864 18.7566 15.4931 17.0731 21.418 19.8363 19.3889 18.9753 19.7117 19.1911 19.7389 15.4547 19.0082 17.2235 20.6671 19.3965 20.6433 20.2788 19.8392 19.8435 19.4615 19.3279 15.1858 15.1858 15.1858 15.1858 15.1858     0 
22.4193 5.33965 5.21669 4.09854 4.60235 18.5666     0 3.02838 3.18477 3.79486 1.70061 2.62272 3.37049 5.40276 2.53029 5.64015 3.55233 5.65039 4.25403 4.84608 3.51596 4.45433 4.11054 15.6076 4.49143 3.87876 4.41878 18.4155 5.24752 5.55672 4.00629 4.11683 5.00571 5.0823 4.47697 6.00232 5.48401 4.21622 5.82135 4.24524 3.42058 3.70816 3.88528 5.51654 4.9937 3.74607 1.47746 1.3418 4.33108 2.24475 3.85372 4.24879 4.98164 5.37704 4.55779 5.10322 5.24223 3.91267 4.87198 3.98713 4.34727 3.65181 3.87425 4.74639 4.85367 4.95334 2.63658 1.3916 4.4196 3.31441 5.83263 5.83263 5.83263 5.83263 5.83263     0 
20.7112 3.9537 3.56534 2.68867 2.91643 17.8089 2.5018     0 1.78736 2.53564 1.38724 2.16387 3.23063 4.63522 2.22327 3.91973 3.32439 4.03644 2.93188 4.0572 1.81232 3.14315 2.5029 13.9923 3.21862 2.1838 2.78613 17.6249 3.89825 4.04372 2.49304 4.99265 4.25156 3.59376 3.13656 4.28632 4.21099 2.76291 4.20373 2.76168 1.8639 2.04537 3.22364 3.89827 4.16122 2.58518 0.757909 2.30011 2.84268 1.09842 2.50143 5.40811 4.27611 4.05245 3.2106 3.60702 3.90182 2.58841 3.58532 2.59648 2.91536 1.92886 3.22259 3.37939 3.87095 3.82049 2.09228 2.20028 3.11237 2.16476 4.19614 4.19614 4.19614 4.19614 4.19614     0 
19.5827 1.59982 1.94862 0.405351 1.72384 19.0471 4.82755 1.92501     0 0.206941 2.18079 1.75523 2.47022  2.55 1.97074 2.89525 2.38464 2.17546 0.525009 2.02995 1.5253 0.734851 1.02193 11.9566 0.807673 1.48815 1.29086 18.8213 1.51518 1.88212 3.41341 7.4041 2.23543 1.40064 0.741686 3.61276 1.80126 0.575329 4.27525 3.66499 0.809611 1.22909 1.647 2.07012 2.0619 0.440768 2.26921 3.42806 0.737757 1.49788 3.77801 7.79063 2.3182 1.65692 0.821025  1.43 1.51337 0.177941 1.17499 3.76728 0.651409 1.89038 1.663 1.00682 1.6364 1.45412 1.63786 3.25123 0.702809 0.546504 4.17868 4.17868 4.17868 4.17868 4.17868     0 
19.1596 0.799546 1.76129 0.627716 1.86653 19.4608 5.67595 2.64299 1.47168     0 2.95603 2.3576 2.79067 2.07767 2.56608 2.85957 2.64549 1.76432 0.327175 1.68183 2.13275 0.116142 1.3396 11.2223 0.133254 1.96062 1.4351 19.2213 0.683338 1.26339 3.98424 8.25148 1.86304 0.848083 0.154115 3.64673 0.95199 0.66771 4.53019 4.21139 1.52895 1.77473 1.75263 1.7031 1.63916 0.870451 3.10612 4.14701 0.740392 2.33622 4.40538 8.64141 1.98286 0.810811 0.138778 0.889081 0.675555 0.673054 0.3278 4.37118 0.523575 2.45352 1.77457 0.260418 1.13685 0.762359 2.25935 3.96768 0.14896 1.26761 4.4104 4.4104 4.4104 4.4104 4.4104     0 
20.9492 3.0603 3.32827 1.90523 2.89802 19.2469 3.57756 2.04713 1.1378 1.50338     0 0.63528 1.72215 3.15225 0.77019 4.09035 1.78257 3.64029 1.97437 2.57636 2.10776 2.15809 2.22817 13.4588 2.17355 2.33347 2.55643 19.0496 2.94775 3.38771 3.64147 6.30438 2.7577 2.90612 2.19828 4.68922 3.14628 2.0601 5.02198 3.92165 1.57167 2.06299 1.67779 3.52344 2.70414 1.40918 1.0211 1.92524 2.2082 0.547017 3.81792 6.56308 2.763 3.0615 2.27999 2.93503 2.93767 1.65801 2.54996 3.87141 2.15556 2.43716 1.67395 2.47423 2.50855 2.59429 0.537978 1.74985 2.12251 0.999091 4.96649 4.96649 4.96649 4.96649 4.96649     0 
21.3335 3.15136 3.68979 2.15724 3.34801 19.8839 3.91479 2.6701 1.59014 1.67876 0.962402     0 1.08569 2.77913 0.214068 4.54842 1.15942 3.93056 2.12244 2.22572 2.67341 2.26796 2.64731 13.5713 2.2437 2.857 2.96415 19.687 3.01325 3.58038 4.27346 6.69182 2.3822 3.11145 2.33186 5.1933 3.1304 2.33169 5.60595 4.55329 2.05896 2.57623 1.26165 3.82681 2.37851 1.49982 1.51678 1.84185 2.4945 1.18461 4.45555 6.87235 2.35921 3.09622 2.40969 3.14577 2.9958 1.86803 2.59179 4.5084 2.38931 3.02032 1.25062 2.60051 2.29671 2.49709 0.128542 1.66402 2.23333 1.2114 5.54276 5.54276 5.54276 5.54276 5.54276     0 
21.1956 2.79316 3.62158 2.04687 3.41351 20.3779 4.6312 3.0874 1.79246 1.54682 1.67954 0.719362     0 2.07454 0.812495 4.5927 0.698749 3.76528 1.89731 1.53664 2.95414 1.98591 2.70362 13.1386 1.92082 3.05593 2.98728 20.1713 2.63505 3.31381 4.70508 7.40987 1.68011 2.87855 2.07009 5.30048 2.66769 2.22729 5.86666 4.9803 2.25258 2.77232 0.567075 3.68069 1.69948 1.30871 2.20777 2.44806 2.39402 1.74061 4.94617 7.58265 1.64819 2.68352 2.13703 2.91734 2.61094 1.74494 2.21237 4.98117 2.23565 3.32375 0.552115 2.30981 1.69803 1.98754 0.740196 2.27792 1.95559 1.23544 5.78599 5.78599 5.78599 5.78599 5.78599     0 
20.0107 1.55959 2.91696 1.67656 3.04492 20.612 6.04074 3.56321 2.19186 1.4455 3.10217 2.23518 2.16378     0 2.39223 4.02885 1.96163 2.8248 1.33242 0.514039 3.15215 1.22229 2.46849 11.5842 1.08384 3.05363 2.60665 20.3771 1.3841 2.20726 5.04048 8.75415 0.681748 1.9261 1.31556 4.82206 1.21676 1.78823 5.7077 5.28462 2.45073 2.8264 1.09247 2.79312 0.456935 1.29924 3.46649 4.05734 1.89884 2.77165 5.41799 9.02569 0.807733 1.34156 1.32171 1.9672 1.34871 1.51925 1.07604 5.4036 1.67584 3.50599 1.11348 1.37526 0.0845509 0.556226 2.19038 3.88315 1.22049 1.686 5.59017 5.59017 5.59017 5.59017 5.59017     0 
19.5791 1.50844 1.96116 0.388419 1.78166 19.1548 4.93439 2.05144 0.748979 0.119696 2.25186 1.77509 2.43832 2.42906     0 2.93781 2.34231 2.15647 0.421083 1.9148 1.64171 0.626116 1.09153 11.8899 0.688991 1.58847 1.34094 18.9277 1.41522 1.82671 3.53094 7.52178 2.11966 1.34833 0.643866 3.668 1.68748 0.568621 4.36062 3.78066 0.93297 1.33609 1.57404 2.0569 1.94217 0.36867 2.36697 3.48404 0.735654 1.59617 3.90032 7.90141 2.20546 1.55151 0.724955 1.38009 1.41142 0.0919489 1.06157 3.88785 0.612841 2.00386 1.59108 0.915658 1.51114 1.3265 1.66152 3.30625 0.59267 0.582199 4.26105 4.26105 4.26105 4.26105 4.26105     0 
19.0871 0.829171 1.63133 0.496203 1.71154 19.3031 5.59942 2.50606 1.37967 0.733428 2.92432 2.37195 2.86286 2.23381 2.58351     0 2.72644 1.66964 0.262457 1.82905 1.98543 0.133035 1.18266 11.2298 0.256264 1.80574 1.27817 19.0638 0.741503 1.21414 3.83042 8.15341 2.01308 0.767946 0.0414376 3.50381 1.05821 0.515577 4.37518 4.0562 1.40044 1.62484 1.84771 1.59936 1.79149 0.873422 3.04302 4.13699 0.582373 2.27169 4.25497 8.55732 2.13075 0.88922 0.0471478 0.807066 0.741298 0.599356 0.452196 4.21907 0.366862 2.30167 1.86912 0.237564 1.29093 0.919988 2.26852 3.95815 0.157361 1.23845 4.25624 4.25624 4.25624 4.25624 4.25624     0 
21.6476 3.18344 4.12595 2.55759 3.94781 20.8938 4.85376 3.6149 2.33871 2.06348 1.98689 1.07034 0.330227 2.03579 1.05604 5.11937     0 4.23632 2.37571 1.5874 3.49928 2.43814 3.23989 13.4174 2.35563 3.6026 3.5167 20.6904 3.01642 3.74556 5.23305 7.64861 1.67324 3.33244 2.52877 5.83636 2.98638 2.73648 6.41358 5.50966 2.7995 3.3191 0.770843 4.15961 1.76742 1.81855 2.57796 2.48006 2.90171 2.2135 5.45821 7.7559 1.59732 3.04028 2.58902 3.37256 2.98858 2.25871 2.60503 5.49886 2.73051 3.86793 0.7479 2.74869 1.91524 2.28933 1.14273 2.32744 2.41073 1.78051 6.33277 6.33277 6.33277 6.33277 6.33277     0 
19.1842 0.868707 1.74273 0.541333 1.81573 19.3999 5.59046 2.55641 1.38329 0.693901 2.88191 2.30103 2.76487 2.13301 2.511 2.83177 2.62522     0 0.239247 1.72055 2.05065 0.0343286 1.26918 11.2865 0.146436 1.88563 1.37923 19.1616 0.761338 1.29924 3.90729 8.16289 1.90599 0.86538 0.0863412 3.6144 1.04066 0.591569 4.47885 4.13633 1.44082 1.69457 1.74173 1.70596 1.68615 0.806766 3.02323 4.08087 0.676419 2.2528 4.32501 8.55467 2.02247 0.894559 0.121968 0.905362 0.755683 0.586133 0.417164 4.29232 0.4554 2.37474 1.76331 0.299274 1.18771 0.834145 2.20044 3.9017 0.0698212 1.19311 4.36095 4.36095 4.36095 4.36095 4.36095     0 
19.3858 1.26542 1.80141 0.257831 1.7035 19.1825 5.16706 2.18315 0.958253 0.318236 2.49547 1.99406 2.59623 2.36051 2.20865 2.82164 2.4847 1.95385     0 1.87913 1.72168 0.397583 1.05359 11.6481 0.484465 1.615 1.25509 18.9509 1.17633 1.59226 3.60521 7.73815 2.07932 1.11757 0.402968 3.573 1.46541 0.42152 4.33041 3.84633 1.05709 1.38737 1.66687 1.8615 1.88377 0.52046 2.60634 3.72313 0.581243 1.83507 3.99754 8.12949 2.17755 1.31744 0.483173 1.15105 1.17406 0.162658 0.839886 3.97571 0.410592 2.06874 1.68588 0.672262 1.42028 1.16935 1.88384 3.545 0.366975 0.819141 4.22361 4.22361 4.22361 4.22361 4.22361     0 
20.801 2.41545 3.77892 2.44809 3.86565 21.3639 6.18699 4.17276 2.76686 2.11149 3.22735 2.27334 1.77848 0.553535 2.3649 4.88589 1.55435 3.69292 2.12455     0 3.84014 2.05052 3.24778 12.1425 1.91642 3.79459 3.42039 21.1362 2.24154 3.06886 5.72206 8.96011 0.253285 2.79448 2.14818 5.67452 2.0211 2.58339 6.51819 5.9784 3.11057 3.54519 1.02226 3.66193 0.474332 1.90364 3.71176 3.94187 2.7114 3.12229 6.05907 9.13965 0.124142 2.18128 2.16528 2.83566 2.20534 2.23566 1.94458 6.06121 2.49077 4.20802 1.02939 2.23622 0.937311 1.41591 2.27667 3.78143 2.04265 2.18419 6.40664 6.40664 6.40664 6.40664 6.40664     0 
18.7404 1.14928 1.11742 0.457798 1.06057 18.6461 5.38046 2.01558 1.22531 0.959425 2.94686 2.59689 3.27754 2.8904 2.81225 2.13451 3.17233 1.34238 0.692576 2.47017     0 0.763479 0.561834 11.221 0.902105 1.19598 0.621468 18.4065 1.15934 1.16376 3.2169 7.8217 2.65947 0.707554 0.671735 2.89614 1.56334 0.277106 3.72198 3.43208 1.02367 1.06584 2.35585 1.23139 2.44259 1.19622 2.92408 4.22324 0.1105 2.17591 3.66336 8.28918 2.7724 1.3356 0.679814 0.720298 1.17838 0.760372 1.05422 3.61636 0.316277 1.71158 2.37519 0.717611 1.94545 1.57199 2.4784 4.0492 0.76662 1.38713 3.60545 3.60545 3.60545 3.60545 3.60545     0 
18.8319 0.45267 1.56845 0.842117 1.80464 19.4135 5.97386 2.80969 1.7502 1.10644 3.29729 2.71379 3.12556 2.19093 2.92234 2.68652 2.97274 1.48364 0.637696 1.87022 2.25657     0 1.39777 10.8687 0.477718 2.03206 1.41036 19.1677 0.369711 0.928599 4.05223 8.51405 2.03258 0.571011 0.413384 3.48596 0.734878 0.80568 4.44702 4.26457 1.7313 1.88781 2.0679 1.44134 1.79689 1.2238 3.42084 4.49895 0.804353 2.6495 4.49912 8.92794 2.1632 0.530901 0.332119 0.612504 0.375267 0.977356 0.282743 4.45253 0.642216 2.54591 2.09035 0.149202 1.29406 0.840209 2.61512 4.31976 0.487979 1.60906 4.31878 4.31878 4.31878 4.31878 4.31878     0 
18.3275 0.50884 1.07426 1.03045 1.4505 19.0007 6.12833 2.74574 1.93302 1.44933 3.60233 3.12011 3.62166 2.69308 3.3336 2.19145 3.47889 0.945632 1.00064 2.40232 2.14425 0.888265     0 10.5353 0.966837 1.85151 1.13926 18.7488 0.614442 0.461189 3.81184 8.5761 2.55889 0.0637154 0.805549 2.99488 1.02541 0.901544 4.01948 4.00109 1.77818 1.77952 2.58491 0.905019 2.32094 1.62492 3.64037 4.84865 0.797886 2.87825 4.29039 9.04384 2.69209 0.771559 0.737047 0.0905193 0.648633 1.27454 0.812902 4.22638 0.778063 2.37349 2.607 0.574527 1.82253 1.35509 3.01234 4.67118 0.918522 1.94763 3.88363 3.88363 3.88363 3.88363 3.88363     0 
18.293 0.213595 1.38451 1.3244 1.83838 19.3355 6.46619 3.13945 2.24655 1.66903 3.85739 3.29564 3.68542 2.48902 3.50451 2.47495 3.52423 1.10868 1.19847 2.27624 2.54304 1.03027 1.64971     0 1.05851 2.25503 1.54262 19.0796 0.387752 0.445981 4.21253 8.94785 2.40969 0.466385 0.976419 3.27601 0.712103 1.22826 4.35612 4.39862 2.14083 2.17641 2.61086 1.11723 2.16921 1.80264 3.94471 5.07344 1.15474 3.17555 4.69338 9.39834 2.54939 0.475717 0.895434 0.479248 0.423597 1.51993 0.767223 4.62814 1.08154 2.77721 2.63367 0.701086 1.69615 1.21592 3.19613 4.89451 1.06541 2.17456 4.21534 4.21534 4.21534 4.21534 4.21534     0 
18.8821 17.0032 15.4688 16.3619 15.0801 2.8312 14.9097 14.6473 16.0341 16.6524 16.4772 17.1932 18.2811 18.9586 17.2898 14.4429 18.3385 15.8665 16.7081 18.471 14.9238 16.8412 15.5761 20.7138     0 14.9857 15.4831 2.77831 17.106 16.4899 13.0517 13.3472 18.6746 16.4366 16.7582 13.6908 17.5226 16.2587 12.4984 12.7892 15.6561 15.2231 17.9616  15.8 18.4845 16.8625 15.8386 17.0534 16.1669 16.0152 12.7693 14.2124 18.763 17.2688 16.7744 16.4076 17.1377 16.5381 17.1377 12.7414 16.3865 14.5555 17.9702 16.7948 18.012 17.6672 17.0981 17.0349 16.836 16.6362 12.6453 12.6453 12.6453 12.6453 12.6453     0 
18.3896 0.301373 1.74491 1.56353 2.20832 19.6941 6.70547 3.46281 2.48019 1.83035 4.01518 3.38081 3.66137 2.24121 3.58293 2.81958 3.485 1.4212 1.36693 2.10213 2.87763 1.1695 1.98701 10.1903 1.15333     0 1.902 19.4365 0.376325 0.750521 4.57622 9.2295 2.21179 0.828105 1.14429 3.6167 0.431238 1.49853 4.71782 4.76529 2.42733 2.50842 2.56816 1.44981 1.97424 1.92169 4.15338 5.19351 1.45299 3.38207 5.0528 9.65564 2.35472 0.298399 1.06394 0.845339 0.388071 1.70964 0.789894 4.99024 1.34024 3.12629 2.59114 0.879698 1.54052 1.07802 3.29042 5.01398 1.20476 2.32707 4.57543 4.57543 4.57543 4.57543 4.57543     0 
18.3539 0.896372 0.832374 0.850802 1.06884 18.6601 5.81005 2.36162 1.67328 1.3366 3.39156 3.0058 3.61915 2.95067 3.22135 1.9374 3.49687 0.924443 0.961507 2.59971 1.75292 0.933874 0.864225 10.7732 1.0523 1.45099     0 18.4122 0.970479 0.73345 3.41081 8.21568 2.77292 0.340574 0.834869 2.73166 1.39178 0.681989 3.68697 3.60291 1.44899 1.39267 2.63806 0.829577 2.54174 1.55234 3.37053 4.66371 0.531389 2.62384 3.88763 8.70342 2.89827 1.14091 0.796947 0.332806 1.00009 1.14152 1.04085 3.82445 0.623079 1.97227 2.65892 0.716672 2.03609 1.59938 2.89045 4.48885 0.9533 1.80087 3.55709 3.55709 3.55709 3.55709 3.55709     0 
18.3913 1.62354 0.798257 0.99827 0.448854 18.0297 5.28526 1.70242 1.422 1.46152 3.13951 2.96486 3.76002 3.51023 3.17527 1.60442 3.67685 1.24627 1.29625 3.08666 1.07991 1.38322 0.333282 11.2038 1.52201 0.739943 0.00493138     0 1.67978 1.39003 2.68001 7.58893 3.27758 1.0723 1.29176 2.32649 2.09985 0.841511 3.10289 2.87684 1.03145 0.756552 2.90979 1.10757 3.06209 1.71053 2.98842 4.43501 0.70875 2.30577 3.15519 8.11966 3.38877 1.85484 1.29699 1.06062 1.70578 1.27516 1.65278 3.09244 0.930967 1.25273 2.92769 1.31016 2.56549 2.18572 2.84029 4.26865 1.38532 1.78649 2.98794 2.98794 2.98794 2.98794 2.98794     0 
18.6272 0.185227 1.73824 1.31703 2.11902 19.6787 6.44451 3.26402 2.22347 1.55387 3.73424 3.09585 3.39302 2.09799 3.29825 2.84429 3.22083 1.49797 1.09575 1.899 2.69498 0.893466 1.81535 10.475 0.870158 2.44427 1.77218 19.4259     0 0.836823 4.44518 8.98905 2.0258 0.740203 0.876406 3.64737 0.346222 1.27134 4.69708 4.64547 2.20084 2.32473 2.30359 1.50013 1.78558 1.63836 3.88362 4.90874 1.24807 3.11275 4.90819 9.40154 2.16656 0.0926038 0.798078 0.769309 0.105599 1.44141 0.50485 4.85331 1.10906 2.96477 2.32656 0.62431 1.32342 0.846686 3.00531 4.7292 0.928301 2.04727 4.56004 4.56004 4.56004 4.56004 4.56004     0 
19.5384 19.2841 17.7416 18.675 17.3742 0.817638 17.2526 16.9846 18.3667 18.9752 18.8308 19.5416 20.6296 21.2709 19.64 16.6984 20.6847 18.1244 19.0197 20.7902 17.2492 19.1485 17.8855 22.4271 19.2871 17.3017 17.7833 1.11797 19.3915     0 15.3836 15.6262 20.993 18.7203 19.0641 15.934 19.8059 18.5679 14.7687 15.1188 17.9829 17.5431 20.2965 18.0629 20.7997 19.1882 18.1925 19.4089 18.4723 18.3626 15.111 16.4698 21.0837 19.552 19.0781 18.6904 19.4238 18.8572 19.4358 15.0799 18.693 16.8793 20.3054 19.093 20.3231 19.97 19.4456 19.3908 19.1443 18.9693 14.9119 14.9119 14.9119 14.9119 14.9119     0 
18.572 4.30346 3.04598 3.38666 2.40091 15.6855 4.17148 1.61822 2.98309 3.61834 3.77225 4.27106 5.3419 5.95768 4.40873 2.60449 5.3644 3.58725 3.73681 5.44301 1.88945 3.89934 2.65781 12.8674 4.03151 2.02595 2.67625 15.4728 4.35305 3.99736     0 5.67933 5.64872 3.74838 3.83023 2.4954 4.76935 3.3166 1.86283 0.280525 2.61174 2.21993 4.91381 3.46319 5.47266 3.81842 3.20967 4.79272 3.26222 3.1031 0.535921 6.42691 5.72868 4.52938 3.8644 3.7333 4.37698 3.52204 4.26321 0.425749 3.46484 1.53703 4.92313 3.93322 5.02472 4.73994 4.16073 4.6924 3.88714 3.58573 1.90902 1.90902 1.90902 1.90902 1.90902     0 
23.7144 8.92916 8.26879 7.67203 7.55998 16.1779 2.79596 5.88757 6.7799 7.52289 5.73289 6.69057 7.48699 9.44689 6.624 8.19521 7.66882 8.79933 7.92437 8.87544 6.51028 8.13567 7.36001 18.5205 8.21068 6.86997 7.58401 16.1062 8.88349 8.9438 5.67933     0 9.04979 8.52494 8.12737 8.17472 9.20347 7.73178 7.34267 5.73913 6.80756 6.84246 7.94005 8.65928 9.00781 7.5516 5.28926 5.34602 7.79313 5.99693 5.19146 0.992433 9.04118 9.04101 8.20033 8.53236 8.88867 7.58104 8.57795 5.34993 7.88927 6.41754 7.93167 8.36491 8.79223 8.79437 6.68349 5.44594 8.10498 7.11859 7.44328 7.44328 7.44328 7.44328 7.44328     0 
20.5536 2.1961 3.59698 2.32642 3.7199 21.2617 6.28918 4.12506 2.72466 2.03042 3.3241 2.3831 1.98105 0.397691 2.4926 4.71011 1.75825 3.4869 1.9912 0.206529 3.76058 1.8971 3.12497 11.8949 1.75983 3.6917 3.27865 21.0301 2.02406 2.85268 5.64872 9.04979     0 2.59931 1.99224 5.50377 1.78426 2.45049 6.38038 5.90009 3.03956 3.45165 1.12062 3.46173 0.240506 1.8411 3.77873 4.10207 2.56919 3.15479 6.00286 9.25412 0.143721 1.9543 2.00171  2.64 1.98741 2.13653 1.7504 5.99829 2.34663 4.12344 1.13228 2.05643 0.738699 1.20648 2.37388 3.93778 1.89285 2.16098 6.26489 6.26489 6.26489 6.26489 6.26489     0 
18.3194 0.571551 1.02169 1.0036 1.38709 18.9414 6.08519 2.68902 1.89779 1.43571 3.57708 3.11016 3.62992 2.74002 3.32419 2.14037 3.49024 0.919621 0.995158 2.44006 2.08574 0.89512 1.19328 10.5622 0.98125 1.7904 1.07637 18.69 0.67261 0.482121 3.74838 8.52494 2.59931     0 0.808459 2.94339 1.08604 0.867442 3.96059 3.93742 1.7312 1.72191 2.6007 0.870799 2.3621 1.61843 3.60518 4.82833 0.755908 2.84516 4.22739 8.99672 2.73147 0.832226 0.743856 0.0417898 0.706181 1.25674 0.850073 4.16308 0.751542 2.31214 2.62264 0.592238 1.8618 1.39796 3.00105 4.65122 0.923987 1.9305 3.82533 3.82533 3.82533 3.82533 3.82533     0 
19.1273 0.865555 1.66296 0.47987 1.7294 19.315 5.56835 2.49369 1.35122 0.695062 2.88625 2.33074 2.82296 2.21879 2.54223 2.74856 2.68734 1.70824 0.224631 1.80651 1.97934 0.0997829 1.18747 11.2696 0.232479 1.80693 1.2932 19.0764 0.773507 1.25556 3.83023 8.12737 1.99224 0.808459     0 3.52998 1.08043 0.513653 4.39257 4.05775 1.38383 1.62078 1.81052 1.63674 1.77249 0.832288 3.00926 4.09709 0.591758 2.23801 4.25141 8.52793 2.10848 0.91782 0.0817816 0.847412 0.77197 0.56562 0.46691 4.21707 0.372056 2.29941 1.83185 0.276062 1.27386 0.914374 2.22746 3.91821 0.119464 1.19962 4.27462 4.27462 4.27462 4.27462 4.27462     0 
16.4272 3.46293 1.92197 3.31918 1.88896 16.1147 6.48021 2.9871 3.60323 3.78751 5.1388 5.19118 6.0658 5.67658 5.39043 0.8037 5.99411 2.20922 3.58816 5.3275 2.62647 3.62897 2.59694 10.3919 3.76007 2.35649 2.32731 15.8481 3.60082 2.86799 2.4954 8.17472 5.50377 2.94339 3.52998     0 3.9857 3.15243 1.3091 2.45822 3.13553 2.62715 5.23523 2.16708 5.27335 4.03667 4.78622 6.39261 3.00093 4.29292 2.99544 8.91144 5.62747 3.73878 3.50938 2.90619 3.63673 3.60151 3.76757 2.84371 3.20982 2.38547 5.25337 3.44827 4.76767 4.32613 5.06476 6.24677 3.64027 4.07522 1.14446 1.14446 1.14446 1.14446 1.14446     0 
18.7969 0.525525 2.08181 1.55253 2.46052 20.0247 6.6176 3.54317 2.42364 1.70247 3.8361 3.12988 3.3136 1.81095 3.32314 3.18348 3.12758 1.81688 1.27911 1.68157 2.9909 1.06784 2.12457 10.4718 1.00176 2.75761 2.10315 19.7718 0.421625 1.14608 4.76935 9.20347 1.78426 1.08604 1.08043 3.9857     0 1.53689 5.04311 4.97438 2.45407 2.62171 2.21666 1.82932 1.54808 1.7399 4.03668 4.9644 1.53829 3.27107 5.22488 9.58837 1.92756 0.253856 1.01237 1.11549 0.394129 1.62363 0.626282 5.17417 1.37356 3.27487 2.23948 0.874383 1.13321 0.697623 3.04978 4.78517 1.09885 2.16962 4.90579 4.90579 4.90579 4.90579 4.90579     0 
19.0126 1.19765 1.39453 0.180757 1.29029 18.8247 5.23906 2.00669 1.0315 0.682475 2.72001 2.33013 3.00059 2.70431 2.54569 2.4003 2.89657 1.60021 0.459605 2.25569 1.47161 0.586133 0.682579 11.426 0.722464 1.29406 0.841809 18.5891 1.16624 1.34669 3.3166 7.73178 2.45049 0.867442 0.513653 3.15243 1.53689     0 3.93481 3.5448 0.930267 1.10949 2.08827 1.49515 2.24218 0.919472 2.73883 3.98532 0.167176 1.97773 3.7394 8.17092 2.55708 1.33484 0.552658 0.890749 1.17724 0.483364 0.961194 3.70382 0.163511 1.78627 2.10719 0.662546 1.75602 1.42567 2.21312 3.80984 0.578189 1.12183 3.82378 3.82378 3.82378 3.82378 3.82378     0 
16.7106 4.51932 2.97291 4.07401 2.66369 14.9816 6.03285 3.03771 4.0782 4.47382 5.32423 5.60363 6.59375 6.60719 5.77916 1.9651 6.56325 3.37495 4.39396 6.1886 2.9351 4.48543 3.27883 11.442 4.62388 2.81432 3.10178 14.7294 4.63318 3.99145 1.86283 7.34267 6.38038 3.96059 4.39257 1.3091 5.04311 3.93481     0 1.68945 3.61409 3.09604 5.91845 3.30325 6.16455 4.71601 4.84587 6.47364 3.81121 4.53773 2.22041 8.15837 6.49052 4.78966 4.39209 3.92903 4.66651 4.3142 4.71631 2.05641 4.03377 2.58674 5.93341 4.37714 5.66605 5.26743 5.48079 6.35224 4.48814 4.63896 0.164709 0.164709 0.164709 0.164709 0.164709     0 
18.3947 4.49858 3.18813 3.62237 2.57027 15.4164 4.3532 1.89491 3.24947 3.87077 4.05048 4.5509 5.62074 6.20349 4.6891 2.65403 5.64176 3.7214 3.97268 5.69484 2.13971 4.12973 2.8772 12.8493 4.2635 2.25082 2.87332 15.2019 4.55567 4.16341 0.280525 5.73913 5.90009 3.93742 4.05775 2.45822 4.97438 3.5448 1.68945     0 2.86822 2.45899 5.18166 3.60212 5.72039 4.07531 3.48393 5.05972 3.48266 3.38356 0.549058 6.51501 5.98255 4.73124 4.08876 3.92025 4.58081 3.76848 4.48325 0.389235 3.68962 1.77881 5.19133 4.14965 5.26661 4.97025 4.44026 4.96191 4.11887 3.85238 1.75522 1.75522 1.75522 1.75522 1.75522     0 
19.3884 2.12606 1.828 0.904356 1.32901 18.2705 4.36115 1.12641 0.472886 1.01073 2.11469 2.05681 2.98663 3.35925 2.25491 2.51868 2.94942 2.2313 1.22313 2.83343 0.735754 1.42166 0.702428 12.1877 1.53266 0.808541 1.0274 18.0493 2.0955 2.18045 2.61174 6.80756 3.03956 1.7312 1.38383 3.13553 2.45407 0.930267 3.61409 2.86822     0 0.52404 2.34735 2.09904 2.87053 1.20712 1.96656 3.40984 0.986356 1.27498 2.96849 7.26571 3.11727 2.26207 1.44476 1.74357 2.10528 0.940934 1.85073 2.95931 1.09182 1.10975 2.3596 1.58474 2.44379 2.22638 1.93046 3.24574 1.3988 1.03096 3.53466 3.53466 3.53466 3.53466 3.53466     0 
18.9384 2.21295 1.52011 1.16721 0.902909 17.8189 4.53275 0.96912 0.996402 1.43581 2.55301 2.57404 3.51016 3.74613 2.76866 2.04811 3.47014 2.00027 1.5171 3.24792 0.370265 1.6845 0.528865 11.9472 1.81435 0.284577 0.751644 17.5924 2.22404 2.10753 2.21993 6.84246 3.45165 1.72191 1.62078 2.62715 2.62171 1.10949 3.09604 2.45899 0.52404     0 2.83969 1.86072 3.26544 1.6608 2.31047 3.83809 1.08351 1.70032 2.63065 7.36408 3.54065 2.39973 1.66208 1.72177 2.24189 1.31516 2.06928 2.59864 1.26567 0.683008 2.85324 1.7552 2.80764 2.52359 2.44793 3.68069 1.67053 1.54298 3.01368 3.01368 3.01368 3.01368 3.01368     0 
20.8987 2.41892 3.45022 1.91716 3.35352 20.598 5.17207 3.31612 1.93277 1.45617 2.20864 1.26257 1.09695 1.51749 1.37659 4.48852 0.917264 3.51486 1.68375 0.970318 3.07983 1.71522 2.66471 12.6617 1.61946 3.11361 2.90917 20.382 2.25012 2.99614 4.91381 7.94005 1.12062 2.6007 1.81052 5.23523 2.21666 2.08827 5.91845 5.18166 2.34735 2.83969     0 3.44706 1.13244 1.20842 2.69143 3.01303 2.24699 2.12969 5.2036 8.13388 1.10134 2.2701 1.86342 2.64165 2.22153 1.63518 1.84366 5.2224 2.05537 3.45475 0.0229831 2.01042 1.17016 1.52039 1.25732 2.84384 1.69108 1.33015 5.8243 5.8243 5.8243 5.8243 5.8243     0 
17.5247 1.31503 0.418196 1.67098 1.11634 18.2601 6.39248 2.77798 2.41536 2.16392 4.15331 3.82525 4.44557 3.58123 4.04079 1.37276 4.31896 0.140448 1.78553 3.30711 2.15904 1.73191 1.40666 10.0991 1.83444 1.79127 1.11238 17.999 1.46786 0.701175 3.46319 8.65928 3.46173 0.870799 1.63674 2.16708 1.82932 1.49515 3.30325 3.60212 2.09904 1.86072 3.44706     0 3.22302 2.3819 4.06507 5.43974 1.33291 3.34957 3.9826 9.21296 3.59589 1.58915 1.58476 0.829121 1.50488 1.96726 1.71791 3.88891 1.45197 2.25179 3.46847 1.45581 2.72669 2.25595 3.70789 5.26757 1.75611 2.61633 3.15481 3.15481 3.15481 3.15481 3.15481     0 
20.3275 1.95562 3.36326 2.12557 3.50185 21.0632 6.2626 3.97004 2.57919 1.8599 3.30008 2.37918 2.08709 0.491282 2.50643 4.47808 1.86849 3.24718 1.78466 0.181425 3.58321 1.67912 2.9208 11.7248 1.54075 3.49876 3.06332 20.8295 1.78356 2.61218 5.47266 9.00781 0.240506 2.3621 1.77249 5.27335 1.54808 2.24218 6.16455 5.72039 2.87053 3.26544 1.13244 3.22302     0 1.68696 3.72333 4.14374 2.35511 3.07029 5.83855 9.23745 0.381275 1.71458 1.77793 2.40264 1.7469 1.95196 1.51434 5.82918 2.13214 3.94182 1.14801 1.82508 0.505688 0.967201 2.35725 3.97549 1.67694 2.03551 6.04711 6.04711 6.04711 6.04711 6.04711     0 
19.9059 1.66991 2.31309 0.739665 2.15008 19.472 4.90482 2.28492 0.894292 0.249244 2.10055 1.49868 2.08144 2.17824 1.71074 3.30482 1.97848 2.47321 0.624295 1.63457 1.93901 0.772448 1.45648 12.0923 0.768366 1.92512 1.70959 19.2483 1.5462 2.08214 3.81842 7.5516 1.8411 1.61843 0.832288 4.03667 1.7399 0.919472 4.71601 4.07531 1.20712 1.6608 1.20842 2.3819 1.68696     0 2.31273 3.27662 1.0858 1.56138 4.16229 7.88698 1.913 1.65351 0.91078 1.65425 1.53388 0.440309 1.14145 4.16016 0.930811 2.30952 1.22495 1.10307 1.31071 1.24298 1.39529 3.09727 0.737238 0.437619 4.61917 4.61917 4.61917 4.61917 4.61917     0 
21.199 3.86868 3.7865 2.62181 3.21336 18.5602 2.5936 1.83107 1.70746 2.33668 0.64046 1.51491 2.53648 4.17335 1.53335 4.32285 2.6525 4.19633 2.78795 3.59727 2.18392 2.99167 2.66608 14.1413 3.03727 2.51805 2.98409 18.3781 3.78204 4.08045 3.20967 5.28926 3.77873 3.60518 3.00926 4.78622 4.03668 2.73883 4.84587 3.48393 1.96656 2.31047 2.69143 4.06507 3.72333 2.31273     0 1.63089 2.85509 0.771345 3.25162 5.57891 3.78248 3.91693 3.08945 3.62642 3.77836 2.44375 3.41746 3.3408 2.87007 2.40205 2.68623 3.27597 3.50683 3.54599 1.46915 1.50644 2.95746 1.87542 4.82322 4.82322 4.82322 4.82322 4.82322     0 
22.7752 4.94652 5.22186 3.82966 4.72629 19.8168 2.59306 3.46072 3.02902 3.40842 1.29558 1.84209 2.24372 4.48579 1.66707 5.88341 2.45346 5.55947 3.87638 3.9759 3.76979 4.04658 4.10195 15.3666 4.04237 4.07576 4.43125 19.6554 4.81991 5.30907 4.79272 5.34602 4.10207 4.82833 4.09709 6.39261 4.9644 3.98532 6.47364 5.05972 3.40984 3.83809 3.01303 5.43974 4.14374 3.27662 1.63089     0 4.13252 2.14108 4.7666 5.33886 4.04803 4.91565 4.178 4.85803 4.80556 3.5746 4.40554 4.8748 4.07914 4.01762 2.99656 4.37242 4.12364 4.33886 1.91507 0.179553 4.01106 2.90402 6.45324 6.45324 6.45324 6.45324 6.45324     0 
18.8469 1.15225 1.22761 0.347919 1.15436 18.7235 5.33044 2.01618 1.15028 0.849641 2.86059 2.49291 3.16716 2.80824 2.7084 2.24234 3.06184 1.4408 0.591073 2.37792 1.45262 0.678676 0.60546 11.2962 0.817833 1.23665 0.709694 18.4854 1.14544 1.22566 3.26222 7.79313 2.56919 0.755908 0.591758 3.00093 1.53829 0.167176 3.81121 3.48266 0.986356 1.08351 2.24699 1.33291 2.35511 1.0858 2.85509 4.13252     0 2.10101 3.69967 8.24912 2.68002 1.31969 0.610116 0.773809 1.16139 0.650518 1.00108 3.65714 0.223011 1.74479 2.26622 0.674464 1.86125 1.50213 2.37512 3.95782 0.678421 1.28354 3.69669 3.69669 3.69669 3.69669 3.69669     0 
20.6385 3.09746 3.10022 1.8546 2.58522  18.7 3.34835 1.52609 0.950979 1.56901 0.852781 1.18224 2.269 3.54041 1.3064 3.74828 2.32476 3.47669 2.017 2.96187 1.67171 2.22145 1.97466 13.3966 2.27012 1.94785 2.3018 18.5025 3.01097 3.32333 3.1031 5.99693 3.15479 2.84516 2.23801 4.29292 3.27107 1.97773 4.53773 3.38356 1.27498 1.70032 2.12969 3.34957 3.07029 1.56138 0.771345 2.14108 2.10101     0 3.27116 6.32704 3.17783 3.14696 2.31814 2.86791 3.00756 1.67246 2.64967 3.3259 2.10437 1.97019 2.12955 2.50467 2.804 2.80297 1.08308 1.98125 2.18742 1.1248 4.49089 4.49089 4.49089 4.49089 4.49089     0 
18.9073 4.77353 3.5646 3.79324 2.90435 15.4358 3.85912 1.89045 3.29474 3.9787 3.85403 4.45318 5.53814 6.32768 4.57094 3.13856 5.58075 4.10881 4.14081 5.79637 2.27784 4.31435 3.10153 13.3816 4.44251 2.46754 3.15118 15.2344 4.81318 4.49776 0.535921 5.19146 6.00286 4.22739 4.25141 2.99544 5.22488 3.7394 2.22041 0.549058 2.96849 2.63065 5.2036 3.9826 5.83855 4.16229 3.25162 4.7666 3.69967 3.27116     0 5.96629 6.07437 4.99003 4.29146 4.21467 4.83535 3.90092 4.69642 0.164096 3.89327 1.95518 5.21101 4.374 5.40827 5.15155 4.35078 4.68374 4.29941 3.89012 2.29522 2.29522 2.29522 2.29522 2.29522     0 
24.6356 9.35909 8.83819 8.09231 8.13779 17.04 2.98692 6.43768 7.17807 7.88825 5.93751 6.8714 7.55833 9.65132 6.77585 8.86608 7.75563 9.35339 8.31555 9.0926 7.05403 8.52533 7.86563 19.1875 8.58708 7.42452 8.11474 16.9803 9.29691 9.43668 6.42691 0.992433 9.25412 8.99672 8.52793 8.91144 9.58837 8.17092 8.15837 6.51501 7.26571 7.36408 8.13388 9.21296 9.23745 7.88698 5.57891 5.33886 8.24912 6.32704 5.96629     0 9.23031 9.44572 8.60447 9.00819 9.29841 7.96855 8.96291 6.12847 8.32256 7.00582 8.12297 8.77916 9.07162 9.12441 6.88248 5.4644 8.49284 7.44946 8.24913 8.24913 8.24913 8.24913 8.24913     0 
20.6968 2.3358 3.72463 2.42777 3.83289 21.3564 6.27265 4.19167 2.78749 2.11196 3.30993 2.36024 1.89643 0.439192 2.45877 4.83565 1.67249 3.62296 2.09748 0.302227 3.84297 2.01214 3.22749 12.0198 1.87605 3.78527 3.38971 21.1266 2.16319 2.99166 5.72868 9.04118 0.143721 2.73147 2.10848 5.62747 1.92756 2.55708 6.49052 5.98255 3.11727 3.54065 1.10134 3.59589 0.381275 1.913 3.78248 4.04803 2.68002 3.17783 6.07437 9.23031     0 2.09584 2.12119 2.77235 2.12664 2.22703 1.88169 6.07316 2.45812 4.20844 1.11038 2.18253 0.869684 1.34253 2.35861 3.88626 2.00632 2.21315 6.37672 6.37672 6.37672 6.37672 6.37672     0 
18.677 0.27587 1.8306 1.37101 2.20908 19.7712 6.48441 3.33389 2.26875 1.58229 3.75311 3.09552 3.36301 2.01648 3.29568 2.93586 3.18709 1.5843 1.13233 1.8328 2.76982 0.925565 1.89401 10.4787 0.888728 2.5246 1.85827 19.5185 0.176889 0.919537 4.52938 9.04101 1.9543 0.832226 0.91782 3.73878 0.253856 1.33484 4.78966 4.73124 2.26207 2.39973 2.2701 1.58915 1.71458 1.65351 3.91693 4.91565 1.31969 3.14696 4.99003 9.44572 2.09584     0 0.842103 0.861654 0.158384 1.4794 0.512231 4.93647 1.17169 3.04421 2.29308 0.678716 1.26163 0.790108 3.0077 4.7361 0.959545 2.0696 4.65264 4.65264 4.65264 4.65264 4.65264     0 
19.0631 0.783965 1.62872 0.540935 1.72853 19.3257 5.64645 2.5482 1.42681 0.776823 2.96803 2.40859 2.88612 2.21539 2.61963 2.72345 2.74707 1.65171 0.306377 1.81999 2.02392 0.151357 1.21329 11.1887 0.255354 1.83898 1.29872 19.0857 0.694536 1.18242 3.8644 8.20033 2.00171 0.743856 0.0817816 3.50938 1.01237 0.552658 4.39209 4.08876 1.44476 1.66208 1.86342 1.58476 1.77793 0.91078 3.08945 4.178 0.610116 2.31814 4.29146 8.60447 2.12119 0.842103     0 0.783695 0.69418 0.645704 0.410474 4.25441 0.399556 2.33742 1.88503 0.194583 1.27547 0.892928 2.30606 3.99907 0.181781 1.28126 4.27199 4.27199 4.27199 4.27199 4.27199     0 
18.28 0.597211 0.984972 1.03099 1.36517 18.9103 6.10027 2.6899 1.91938 1.46898 3.60436 3.14447 3.66953 2.77901 3.35868 2.10293 3.53045 0.877957 1.03165 2.48119 2.08399 0.934859 1.1929 10.5364 1.0222 1.78368 1.06479 18.6583 0.704951 0.456051 3.7333 8.53236  2.64 0.0417898 0.847412 2.90619 1.11549 0.890749 3.92903 3.92025 1.74357 1.72177 2.64165 0.829121 2.40264 1.65425 3.62642 4.85803 0.773809 2.86791 4.21467 9.00819 2.77235 0.861654 0.783695     0 0.739092 1.28835 0.891156 4.14894 0.779572 2.30469 2.66356 0.633693 1.90267 1.43805 3.03485 4.6811 0.963423 1.96208 3.79312 3.79312 3.79312 3.79312 3.79312     0 
18.6976 0.210886 1.72002 1.21712 2.06883 19.6468 6.34031 3.17551 2.12043 1.44827 3.62903 2.995 3.30767 2.07891 3.19816 2.83305 3.13833 1.51254 0.990627 1.85264 2.61193 0.787915 1.73765 10.5755 0.765535 2.36909 1.7091 19.3958 0.0371962 0.865337 4.37698 8.88867 1.98741 0.706181 0.77197 3.63673 0.394129 1.17724 4.66651 4.58081 2.10528 2.24189 2.22153 1.50488 1.7469 1.53388 3.77836 4.80556 1.16139 3.00756 4.83535 9.29841 2.12664 0.158384 0.69418 0.739092     0 1.33658 0.404749 4.78295 1.01427 2.88807 2.24448 0.52405 1.2727 0.792627 2.90359 4.62603 0.822726 1.94184 4.53151 4.53151 4.53151 4.53151 4.53151     0 
19.4904 1.42717 1.87769 0.302608 1.71838 19.1297 5.00501 2.06576 0.801974 0.199144 2.33934 1.8666 2.5186 2.43567 2.08195 2.86524 2.41859 2.06595 0.347204 1.93305 1.63307 0.556918 1.03816 11.8008 0.632722 1.55902 1.27444 18.9009 1.33897 1.73549 3.52204 7.58104 2.13653 1.25674 0.56562 3.60151 1.62363 0.483364 4.3142 3.76848 0.940934 1.31516 1.63518 1.96726 1.95196 0.440309 2.44375 3.5746 0.650518 1.67246 3.90092 7.96855 2.22703 1.4794 0.645704 1.28835 1.33658     0 0.997428 3.88459 0.521282 1.98986 1.65286 0.833878 1.50739 1.2947 1.75326 3.39692 0.524974 0.67377 4.21224 4.21224 4.21224 4.21224 4.21224     0 
19.0583 0.581321 1.85103 0.9466 2.06418 19.6751 5.99403 2.95824 1.79806 1.08086 3.24154 2.59102 2.92027 1.91031 2.79367 2.96871 2.75725 1.75426 0.653951 1.59004 2.43275 0.442749 1.60628 10.9797 0.380625 2.23738 1.65514 19.4312 0.425043 1.16696 4.26321 8.57795 1.7504 0.850073 0.46691 3.76757 0.626282 0.961194 4.71631 4.48325 1.85073 2.06928 1.84366 1.71791 1.51434 1.14145 3.41746 4.40554 1.00108 2.64967 4.69642 8.96291 1.88169 0.512231 0.410474 0.891156 0.404749 0.997428     0 4.65672 0.803683 2.74142 1.86646 0.342882 1.01218 0.558903 2.50061 4.22599 0.472969 1.56044 4.58999 4.58999 4.58999 4.58999 4.58999     0 
18.7456 4.71465 3.47165 3.76502 2.82355 15.3968 4.01666 1.90643 3.30308 3.96992 3.93422 4.50602 5.58792 6.31689 4.62985 3.00841 5.6243 4.01299 4.1141 5.79199 2.25406 4.28289 3.05525 13.2329 4.41296 2.42116 3.08857 15.1916 4.75982 4.41965 0.425749 5.34993 5.99829 4.16308 4.21707 2.84371 5.17417 3.70382 2.05641 0.389235 2.95931 2.59864 5.2224 3.88891 5.82918 4.16016 3.3408 4.8748 3.65714 3.3259 0.164096 6.12847 6.07316 4.93647 4.25441 4.14894 4.78295 3.88459 4.65672     0 3.85523 1.91768 5.23048 4.33039 5.39135 5.12223 4.40108 4.78779 4.26917 3.90217 2.13122 2.13122 2.13122 2.13122 2.13122     0 
18.9767 1.04012 1.39785 0.25241 1.37509 18.9453 5.38503 2.16978 1.1664 0.71412 2.82557 2.38788 3.00551 2.58563 2.60323 2.44299 2.89063 1.54693 0.37867 2.15595 1.63012 0.456243 0.816026 11.3129 0.595346 1.4395 0.93202 18.7075 1.00379 1.23366 3.46484 7.88927 2.34663 0.751542 0.372056 3.20982 1.37356 0.163511 4.03377 3.68962 1.09182 1.26567 2.05537 1.45197 2.13214 0.930811 2.87007 4.07914 0.223011 2.10437 3.89327 8.32256 2.45812 1.17169 0.399556 0.779572 1.01427 0.521282 0.803683 3.85523     0 1.93867 2.07524 0.499179 1.63841 1.28582 2.2743 3.90247 0.455417 1.19007 3.91872 3.91872 3.91872 3.91872 3.91872     0 
18.8083 2.83882 1.85293 1.85013 1.14287 17.1629 4.29492 0.627426 1.53649 2.09696 2.79136 3.01799 4.0264 4.42468 3.19243 1.99521 4.01202 2.39061 2.2001 3.91866 0.374932 2.3656 1.15051 12.2039 2.49647 0.522628 1.24817 16.9405 2.8674 2.64027 1.53703 6.41754 4.12344 2.31214 2.29941 2.38547 3.27487 1.78627 2.58674 1.77881 1.10975 0.683008 3.45475 2.25179 3.94182 2.30952 2.40205 4.01762 1.74479 1.97019 1.95518 7.00582 4.20844 3.04421 2.33742 2.30469 2.88807 1.98986 2.74142 1.91768 1.93867     0 3.46648 2.41924 3.48878 3.20552 2.89581 3.87719 2.35239 2.12985 2.52935 2.52935 2.52935 2.52935 2.52935     0 
20.9213 2.44181 3.47046 1.9357 3.3711 20.6077 5.16241 3.32411 1.9429 1.473 2.19967 1.25158 1.07412 1.52871 1.36289 4.50749 0.894285 3.53655 1.70406 0.984564 3.09155 1.73669 2.68139 12.6839 1.64138 3.12764 2.92705 20.3921 2.27305 3.01865 4.92313 7.93167 1.13228 2.62264 1.83185 5.25337 2.23948 2.10719 5.93341 5.19133 2.3596 2.85324 0.0229831 3.46847 1.14801 1.22495 2.68623 2.99656 2.26622 2.12955 5.21101 8.12297 1.11038 2.29308 1.88503 2.66356 2.24448 1.65286 1.86646 5.23048 2.07524 3.46648     0 2.0325 1.19144 1.54314 1.24841 2.82771 1.71243 1.34057 5.83965 5.83965 5.83965 5.83965 5.83965     0 
18.8992 0.593299 1.54277 0.693086 1.72209 19.3327 5.82605 2.66886 1.60169 0.970892 3.16188 2.59944 3.05108 2.23921 2.80979 2.65369 2.90556 1.51131 0.499988 1.8849 2.12263 0.333052 1.27561 10.9942 0.393062 1.90926 1.31257 19.0892 0.518908 1.00404 3.93322 8.36491 2.05643 0.592238 0.276062 3.44827 0.874383 0.662546 4.37714 4.14965 1.58474 1.7552 2.01042 1.45581 1.82508 1.10307 3.27597 4.37242 0.674464 2.50467 4.374 8.77916 2.18253 0.678716 0.194583 0.633693 0.52405 0.833878 0.342882 4.33039 0.499179 2.41924 2.0325     0 1.31943 0.891039 2.49798 4.19346 0.367294 1.47566 4.25211 4.25211 4.25211 4.25211 4.25211     0 
