delta 0: 1.08621
delta 1: 0.213997
delta 2: 0.168813
delta 3: 0.188755
delta 4: 0.240087
delta 5: 0.170944
delta 6: 0.235116
delta 7: 0.234309
delta 8: 0.199129
delta 9: 0.206711
delta 10: 0.202502
delta 11: 0.166791
delta 12: 0.206765
delta 13: 0.214369
delta 14: 0.269801
delta 15: 0.307627
delta 16: 0.174966
delta 17: 0.258562
delta 18: 0.176327
delta 19: 0.18506
Distance Matrix: 
    0 2.13785 0.68732 1.76035 0.33183 17.3787 5.58205 1.90139 2.09696 2.22488 3.74391 3.6762 4.51209 4.21056 3.88194 0.871396 4.4349 1.2244 2.04398 3.81698 2.36285 7.68952 4.00226 1.56935 2.01057 1.56263 2.65531 1.59788 2.4058 2.50098 2.8854 8.29736 4.11902 2.40155 2.0017 1.54106 2.27107 2.03939 2.3116 2.78859 2.2784 2.2784 2.2784 2.2784 2.2784     0 
19.2168     0 1.75831 0.511156 1.81359 19.39 5.54646 2.52459 1.34125 0.648771 2.83692 2.25913 2.73263 2.14064 2.46944 2.84209 2.59513 1.80137 0.19673 1.71875 3.88561 8.12109 1.9064 0.897378 0.0956928 3.62213 1.08239 0.573138 4.47552 4.11626 4.30015 8.51126 2.02091 0.938966 0.154683 0.936902 0.800638 0.542761 0.457501 4.26889 4.3588 4.3588 4.3588 4.3588 4.3588     0 
17.6731 1.51595     0 1.54132 0.719739 17.9903 6.04194 2.40194 2.17314 2.04294 3.90624 3.65881 4.35987 3.71522 3.87301 1.16108 4.25047 0.534293 1.72893 3.38665 3.06873 8.27415 3.55584 0.980357 1.6236 1.96337 2.04148 1.36058 3.01163 3.21348 3.58588 8.83962 3.68359 1.7901 1.58881 0.943705 1.67904 1.8439 1.8097 3.49429 2.87021 2.87021 2.87021 2.87021 2.87021     0 
19.183 0.940427 1.6928     0 1.7287 19.3006 5.49562 2.44146 1.28081 0.620522 2.81162 2.26144 2.76931 2.22939 2.47342 2.76882 2.63725 1.75824 0.149812 1.80223 3.7958 8.05863 1.99138 0.867349 0.0748722 3.54566 1.14666 0.482693 4.38945 4.02609 4.21156 8.45636 2.10446 0.989492 0.156571 0.905417 0.845017 0.491755 0.5273 4.17967 4.27351 4.27351 4.27351 4.27351 4.27351     0 
19.1677 1.26794 1.54893 0.029219     0 18.911 5.14848 1.9996 0.925882 0.527707 2.58621 2.17705 2.84717 2.62267 2.39263 2.54468 2.74525 1.7522 0.374277 2.15565 3.36376 7.66758 2.35377 0.991668 0.494188 3.29009 1.56241 0.155436 4.04536 3.5987 3.77222 8.09117 2.45554 1.37752 0.552411 1.01823 1.22283 0.328812 0.960097 3.74314 3.93769 3.93769 3.93769 3.93769 3.93769     0 
19.0714 19.5661 18.0166 18.9999 17.6748     0 17.761 17.3542 18.725 19.3151 19.2503 19.938 21.0255 21.5916 20.043 16.9569 21.0735 18.3829 19.342 21.1221 15.7446 16.2132 21.3235 19.0063 19.378 16.182 20.0899 18.8873 15.0468 15.4758 15.4931 17.0731 21.418 19.8363 19.3889 18.9753 19.7117 19.1911 19.7389 15.4547 15.1858 15.1858 15.1858 15.1858 15.1858     0 
22.4193 5.33965 5.21669 4.09854 4.60235 18.5666     0 3.02838 3.18477 3.79486 1.70061 2.62272 3.37049 5.40276 2.53029 5.64015 3.55233 5.65039 4.25403 4.84608 4.00629 4.11683 5.00571 5.0823 4.47697 6.00232 5.48401 4.21622 5.82135 4.24524 3.85372 4.24879 4.98164 5.37704 4.55779 5.10322 5.24223 3.91267 4.87198 3.98713 5.83263 5.83263 5.83263 5.83263 5.83263     0 
20.7112 3.9537 3.56534 2.68867 2.91643 17.8089 2.5018     0 1.78736 2.53564 1.38724 2.16387 3.23063 4.63522 2.22327 3.91973 3.32439 4.03644 2.93188 4.0572 2.49304 4.99265 4.25156 3.59376 3.13656 4.28632 4.21099 2.76291 4.20373 2.76168 2.50143 5.40811 4.27611 4.05245 3.2106 3.60702 3.90182 2.58841 3.58532 2.59648 4.19614 4.19614 4.19614 4.19614 4.19614     0 
19.5827 1.59982 1.94862 0.405351 1.72384 19.0471 4.82755 1.92501     0 0.206941 2.18079 1.75523 2.47022  2.55 1.97074 2.89525 2.38464 2.17546 0.525009 2.02995 3.41341 7.4041 2.23543 1.40064 0.741686 3.61276 1.80126 0.575329 4.27525 3.66499 3.77801 7.79063 2.3182 1.65692 0.821025  1.43 1.51337 0.177941 1.17499 3.76728 4.17868 4.17868 4.17868 4.17868 4.17868     0 
19.1596 0.799546 1.76129 0.627716 1.86653 19.4608 5.67595 2.64299 1.47168     0 2.95603 2.3576 2.79067 2.07767 2.56608 2.85957 2.64549 1.76432 0.327175 1.68183 3.98424 8.25148 1.86304 0.848083 0.154115 3.64673 0.95199 0.66771 4.53019 4.21139 4.40538 8.64141 1.98286 0.810811 0.138778 0.889081 0.675555 0.673054 0.3278 4.37118 4.4104 4.4104 4.4104 4.4104 4.4104     0 
20.9492 3.0603 3.32827 1.90523 2.89802 19.2469 3.57756 2.04713 1.1378 1.50338     0 0.63528 1.72215 3.15225 0.77019 4.09035 1.78257 3.64029 1.97437 2.57636 3.64147 6.30438 2.7577 2.90612 2.19828 4.68922 3.14628 2.0601 5.02198 3.92165 3.81792 6.56308 2.763 3.0615 2.27999 2.93503 2.93767 1.65801 2.54996 3.87141 4.96649 4.96649 4.96649 4.96649 4.96649     0 
21.3335 3.15136 3.68979 2.15724 3.34801 19.8839 3.91479 2.6701 1.59014 1.67876 0.962402     0 1.08569 2.77913 0.214068 4.54842 1.15942 3.93056 2.12244 2.22572 4.27346 6.69182 2.3822 3.11145 2.33186 5.1933 3.1304 2.33169 5.60595 4.55329 4.45555 6.87235 2.35921 3.09622 2.40969 3.14577 2.9958 1.86803 2.59179 4.5084 5.54276 5.54276 5.54276 5.54276 5.54276     0 
21.1956 2.79316 3.62158 2.04687 3.41351 20.3779 4.6312 3.0874 1.79246 1.54682 1.67954 0.719362     0 2.07454 0.812495 4.5927 0.698749 3.76528 1.89731 1.53664 4.70508 7.40987 1.68011 2.87855 2.07009 5.30048 2.66769 2.22729 5.86666 4.9803 4.94617 7.58265 1.64819 2.68352 2.13703 2.91734 2.61094 1.74494 2.21237 4.98117 5.78599 5.78599 5.78599 5.78599 5.78599     0 
20.0107 1.55959 2.91696 1.67656 3.04492 20.612 6.04074 3.56321 2.19186 1.4455 3.10217 2.23518 2.16378     0 2.39223 4.02885 1.96163 2.8248 1.33242 0.514039 5.04048 8.75415 0.681748 1.9261 1.31556 4.82206 1.21676 1.78823 5.7077 5.28462 5.41799 9.02569 0.807733 1.34156 1.32171 1.9672 1.34871 1.51925 1.07604 5.4036 5.59017 5.59017 5.59017 5.59017 5.59017     0 
19.5791 1.50844 1.96116 0.388419 1.78166 19.1548 4.93439 2.05144 0.748979 0.119696 2.25186 1.77509 2.43832 2.42906     0 2.93781 2.34231 2.15647 0.421083 1.9148 3.53094 7.52178 2.11966 1.34833 0.643866 3.668 1.68748 0.568621 4.36062 3.78066 3.90032 7.90141 2.20546 1.55151 0.724955 1.38009 1.41142 0.0919489 1.06157 3.88785 4.26105 4.26105 4.26105 4.26105 4.26105     0 
19.0871 0.829171 1.63133 0.496203 1.71154 19.3031 5.59942 2.50606 1.37967 0.733428 2.92432 2.37195 2.86286 2.23381 2.58351     0 2.72644 1.66964 0.262457 1.82905 3.83042 8.15341 2.01308 0.767946 0.0414376 3.50381 1.05821 0.515577 4.37518 4.0562 4.25497 8.55732 2.13075 0.88922 0.0471478 0.807066 0.741298 0.599356 0.452196 4.21907 4.25624 4.25624 4.25624 4.25624 4.25624     0 
21.6476 3.18344 4.12595 2.55759 3.94781 20.8938 4.85376 3.6149 2.33871 2.06348 1.98689 1.07034 0.330227 2.03579 1.05604 5.11937     0 4.23632 2.37571 1.5874 5.23305 7.64861 1.67324 3.33244 2.52877 5.83636 2.98638 2.73648 6.41358 5.50966 5.45821 7.7559 1.59732 3.04028 2.58902 3.37256 2.98858 2.25871 2.60503 5.49886 6.33277 6.33277 6.33277 6.33277 6.33277     0 
19.1842 0.868707 1.74273 0.541333 1.81573 19.3999 5.59046 2.55641 1.38329 0.693901 2.88191 2.30103 2.76487 2.13301 2.511 2.83177 2.62522     0 0.239247 1.72055 3.90729 8.16289 1.90599 0.86538 0.0863412 3.6144 1.04066 0.591569 4.47885 4.13633 4.32501 8.55467 2.02247 0.894559 0.121968 0.905362 0.755683 0.586133 0.417164 4.29232 4.36095 4.36095 4.36095 4.36095 4.36095     0 
19.3858 1.26542 1.80141 0.257831 1.7035 19.1825 5.16706 2.18315 0.958253 0.318236 2.49547 1.99406 2.59623 2.36051 2.20865 2.82164 2.4847 1.95385     0 1.87913 3.60521 7.73815 2.07932 1.11757 0.402968 3.573 1.46541 0.42152 4.33041 3.84633 3.99754 8.12949 2.17755 1.31744 0.483173 1.15105 1.17406 0.162658 0.839886 3.97571 4.22361 4.22361 4.22361 4.22361 4.22361     0 
20.801 2.41545 3.77892 2.44809 3.86565 21.3639 6.18699 4.17276 2.76686 2.11149 3.22735 2.27334 1.77848 0.553535 2.3649 4.88589 1.55435 3.69292 2.12455     0 5.72206 8.96011 0.253285 2.79448 2.14818 5.67452 2.0211 2.58339 6.51819 5.9784 6.05907 9.13965 0.124142 2.18128 2.16528 2.83566 2.20534 2.23566 1.94458 6.06121 6.40664 6.40664 6.40664 6.40664 6.40664     0 
18.572 4.30346 3.04598 3.38666 2.40091 15.6855 4.17148 1.61822 2.98309 3.61834 3.77225 4.27106 5.3419 5.95768 4.40873 2.60449 5.3644 3.58725 3.73681 5.44301     0 5.67933 5.64872 3.74838 3.83023 2.4954 4.76935 3.3166 1.86283 0.280525 0.535921 6.42691 5.72868 4.52938 3.8644 3.7333 4.37698 3.52204 4.26321 0.425749 1.90902 1.90902 1.90902 1.90902 1.90902     0 
23.7144 8.92916 8.26879 7.67203 7.55998 16.1779 2.79596 5.88757 6.7799 7.52289 5.73289 6.69057 7.48699 9.44689 6.624 8.19521 7.66882 8.79933 7.92437 8.87544 5.67933     0 9.04979 8.52494 8.12737 8.17472 9.20347 7.73178 7.34267 5.73913 5.19146 0.992433 9.04118 9.04101 8.20033 8.53236 8.88867 7.58104 8.57795 5.34993 7.44328 7.44328 7.44328 7.44328 7.44328     0 
20.5536 2.1961 3.59698 2.32642 3.7199 21.2617 6.28918 4.12506 2.72466 2.03042 3.3241 2.3831 1.98105 0.397691 2.4926 4.71011 1.75825 3.4869 1.9912 0.206529 5.64872 9.04979     0 2.59931 1.99224 5.50377 1.78426 2.45049 6.38038 5.90009 6.00286 9.25412 0.143721 1.9543 2.00171  2.64 1.98741 2.13653 1.7504 5.99829 6.26489 6.26489 6.26489 6.26489 6.26489     0 
18.3194 0.571551 1.02169 1.0036 1.38709 18.9414 6.08519 2.68902 1.89779 1.43571 3.57708 3.11016 3.62992 2.74002 3.32419 2.14037 3.49024 0.919621 0.995158 2.44006 3.74838 8.52494 2.59931     0 0.808459 2.94339 1.08604 0.867442 3.96059 3.93742 4.22739 8.99672 2.73147 0.832226 0.743856 0.0417898 0.706181 1.25674 0.850073 4.16308 3.82533 3.82533 3.82533 3.82533 3.82533     0 
19.1273 0.865555 1.66296 0.47987 1.7294 19.315 5.56835 2.49369 1.35122 0.695062 2.88625 2.33074 2.82296 2.21879 2.54223 2.74856 2.68734 1.70824 0.224631 1.80651 3.83023 8.12737 1.99224 0.808459     0 3.52998 1.08043 0.513653 4.39257 4.05775 4.25141 8.52793 2.10848 0.91782 0.0817816 0.847412 0.77197 0.56562 0.46691 4.21707 4.27462 4.27462 4.27462 4.27462 4.27462     0 
16.4272 3.46293 1.92197 3.31918 1.88896 16.1147 6.48021 2.9871 3.60323 3.78751 5.1388 5.19118 6.0658 5.67658 5.39043 0.8037 5.99411 2.20922 3.58816 5.3275 2.4954 8.17472 5.50377 2.94339 3.52998     0 3.9857 3.15243 1.3091 2.45822 2.99544 8.91144 5.62747 3.73878 3.50938 2.90619 3.63673 3.60151 3.76757 2.84371 1.14446 1.14446 1.14446 1.14446 1.14446     0 
18.7969 0.525525 2.08181 1.55253 2.46052 20.0247 6.6176 3.54317 2.42364 1.70247 3.8361 3.12988 3.3136 1.81095 3.32314 3.18348 3.12758 1.81688 1.27911 1.68157 4.76935 9.20347 1.78426 1.08604 1.08043 3.9857     0 1.53689 5.04311 4.97438 5.22488 9.58837 1.92756 0.253856 1.01237 1.11549 0.394129 1.62363 0.626282 5.17417 4.90579 4.90579 4.90579 4.90579 4.90579     0 
19.0126 1.19765 1.39453 0.180757 1.29029 18.8247 5.23906 2.00669 1.0315 0.682475 2.72001 2.33013 3.00059 2.70431 2.54569 2.4003 2.89657 1.60021 0.459605 2.25569 3.3166 7.73178 2.45049 0.867442 0.513653 3.15243 1.53689     0 3.93481 3.5448 3.7394 8.17092 2.55708 1.33484 0.552658 0.890749 1.17724 0.483364 0.961194 3.70382 3.82378 3.82378 3.82378 3.82378 3.82378     0 
16.7106 4.51932 2.97291 4.07401 2.66369 14.9816 6.03285 3.03771 4.0782 4.47382 5.32423 5.60363 6.59375 6.60719 5.77916 1.9651 6.56325 3.37495 4.39396 6.1886 1.86283 7.34267 6.38038 3.96059 4.39257 1.3091 5.04311 3.93481     0 1.68945 2.22041 8.15837 6.49052 4.78966 4.39209 3.92903 4.66651 4.3142 4.71631 2.05641 0.164709 0.164709 0.164709 0.164709 0.164709     0 
18.3947 4.49858 3.18813 3.62237 2.57027 15.4164 4.3532 1.89491 3.24947 3.87077 4.05048 4.5509 5.62074 6.20349 4.6891 2.65403 5.64176 3.7214 3.97268 5.69484 0.280525 5.73913 5.90009 3.93742 4.05775 2.45822 4.97438 3.5448 1.68945     0 0.549058 6.51501 5.98255 4.73124 4.08876 3.92025 4.58081 3.76848 4.48325 0.389235 1.75522 1.75522 1.75522 1.75522 1.75522     0 
18.9073 4.77353 3.5646 3.79324 2.90435 15.4358 3.85912 1.89045 3.29474 3.9787 3.85403 4.45318 5.53814 6.32768 4.57094 3.13856 5.58075 4.10881 4.14081 5.79637 0.535921 5.19146 6.00286 4.22739 4.25141 2.99544 5.22488 3.7394 2.22041 0.549058     0 5.96629 6.07437 4.99003 4.29146 4.21467 4.83535 3.90092 4.69642 0.164096 2.29522 2.29522 2.29522 2.29522 2.29522     0 
24.6356 9.35909 8.83819 8.09231 8.13779 17.04 2.98692 6.43768 7.17807 7.88825 5.93751 6.8714 7.55833 9.65132 6.77585 8.86608 7.75563 9.35339 8.31555 9.0926 6.42691 0.992433 9.25412 8.99672 8.52793 8.91144 9.58837 8.17092 8.15837 6.51501 5.96629     0 9.23031 9.44572 8.60447 9.00819 9.29841 7.96855 8.96291 6.12847 8.24913 8.24913 8.24913 8.24913 8.24913     0 
20.6968 2.3358 3.72463 2.42777 3.83289 21.3564 6.27265 4.19167 2.78749 2.11196 3.30993 2.36024 1.89643 0.439192 2.45877 4.83565 1.67249 3.62296 2.09748 0.302227 5.72868 9.04118 0.143721 2.73147 2.10848 5.62747 1.92756 2.55708 6.49052 5.98255 6.07437 9.23031     0 2.09584 2.12119 2.77235 2.12664 2.22703 1.88169 6.07316 6.37672 6.37672 6.37672 6.37672 6.37672     0 
18.677 0.27587 1.8306 1.37101 2.20908 19.7712 6.48441 3.33389 2.26875 1.58229 3.75311 3.09552 3.36301 2.01648 3.29568 2.93586 3.18709 1.5843 1.13233 1.8328 4.52938 9.04101 1.9543 0.832226 0.91782 3.73878 0.253856 1.33484 4.78966 4.73124 4.99003 9.44572 2.09584     0 0.842103 0.861654 0.158384 1.4794 0.512231 4.93647 4.65264 4.65264 4.65264 4.65264 4.65264     0 
19.0631 0.783965 1.62872 0.540935 1.72853 19.3257 5.64645 2.5482 1.42681 0.776823 2.96803 2.40859 2.88612 2.21539 2.61963 2.72345 2.74707 1.65171 0.306377 1.81999 3.8644 8.20033 2.00171 0.743856 0.0817816 3.50938 1.01237 0.552658 4.39209 4.08876 4.29146 8.60447 2.12119 0.842103     0 0.783695 0.69418 0.645704 0.410474 4.25441 4.27199 4.27199 4.27199 4.27199 4.27199     0 
18.28 0.597211 0.984972 1.03099 1.36517 18.9103 6.10027 2.6899 1.91938 1.46898 3.60436 3.14447 3.66953 2.77901 3.35868 2.10293 3.53045 0.877957 1.03165 2.48119 3.7333 8.53236  2.64 0.0417898 0.847412 2.90619 1.11549 0.890749 3.92903 3.92025 4.21467 9.00819 2.77235 0.861654 0.783695     0 0.739092 1.28835 0.891156 4.14894 3.79312 3.79312 3.79312 3.79312 3.79312     0 
18.6976 0.210886 1.72002 1.21712 2.06883 19.6468 6.34031 3.17551 2.12043 1.44827 3.62903 2.995 3.30767 2.07891 3.19816 2.83305 3.13833 1.51254 0.990627 1.85264 4.37698 8.88867 1.98741 0.706181 0.77197 3.63673 0.394129 1.17724 4.66651 4.58081 4.83535 9.29841 2.12664 0.158384 0.69418 0.739092     0 1.33658 0.404749 4.78295 4.53151 4.53151 4.53151 4.53151 4.53151     0 
19.4904 1.42717 1.87769 0.302608 1.71838 19.1297 5.00501 2.06576 0.801974 0.199144 2.33934 1.8666 2.5186 2.43567 2.08195 2.86524 2.41859 2.06595 0.347204 1.93305 3.52204 7.58104 2.13653 1.25674 0.56562 3.60151 1.62363 0.483364 4.3142 3.76848 3.90092 7.96855 2.22703 1.4794 0.645704 1.28835 1.33658     0 0.997428 3.88459 4.21224 4.21224 4.21224 4.21224 4.21224     0 
19.0583 0.581321 1.85103 0.9466 2.06418 19.6751 5.99403 2.95824 1.79806 1.08086 3.24154 2.59102 2.92027 1.91031 2.79367 2.96871 2.75725 1.75426 0.653951 1.59004 4.26321 8.57795 1.7504 0.850073 0.46691 3.76757 0.626282 0.961194 4.71631 4.48325 4.69642 8.96291 1.88169 0.512231 0.410474 0.891156 0.404749 0.997428     0 4.65672 4.58999 4.58999 4.58999 4.58999 4.58999     0 
18.7456 4.71465 3.47165 3.76502 2.82355 15.3968 4.01666 1.90643 3.30308 3.96992 3.93422 4.50602 5.58792 6.31689 4.62985 3.00841 5.6243 4.01299 4.1141 5.79199 0.425749 5.34993 5.99829 4.16308 4.21707 2.84371 5.17417 3.70382 2.05641 0.389235 0.164096 6.12847 6.07316 4.93647 4.25441 4.14894 4.78295 3.88459 4.65672     0 2.13122 2.13122 2.13122 2.13122 2.13122     0 
16.6653 4.38128 2.83109 3.96651 2.5453 15.1203 6.07964 3.00442 4.0019 4.37537 5.28771 5.54046 6.51911 6.48585 5.7193 1.80933 6.48367 3.22396 4.28213 6.07459 1.90902 7.44328 6.26489 3.82533 4.27462 1.14446 4.90579 3.82378 0.164709 1.75522 2.29522 8.24913 6.37672 4.65264 4.27199 3.79312 4.53151 4.21224 4.58999 2.13122     0     0     0     0     0     0 
16.6653 4.38128 2.83109 3.96651 2.5453 15.1203 6.07964 3.00442 4.0019 4.37537 5.28771 5.54046 6.51911 6.48585 5.7193 1.80933 6.48367 3.22396 4.28213 6.07459 1.90902 7.44328 6.26489 3.82533 4.27462 1.14446 4.90579 3.82378 0.164709 1.75522 2.29522 8.24913 6.37672 4.65264 4.27199 3.79312 4.53151 4.21224 4.58999 2.13122     0     0     0     0     0     0 
16.6653 4.38128 2.83109 3.96651 2.5453 15.1203 6.07964 3.00442 4.0019 4.37537 5.28771 5.54046 6.51911 6.48585 5.7193 1.80933 6.48367 3.22396 4.28213 6.07459 1.90902 7.44328 6.26489 3.82533 4.27462 1.14446 4.90579 3.82378 0.164709 1.75522 2.29522 8.24913 6.37672 4.65264 4.27199 3.79312 4.53151 4.21224 4.58999 2.13122     0     0     0     0     0     0 
16.6653 4.38128 2.83109 3.96651 2.5453 15.1203 6.07964 3.00442 4.0019 4.37537 5.28771 5.54046 6.51911 6.48585 5.7193 1.80933 6.48367 3.22396 4.28213 6.07459 1.90902 7.44328 6.26489 3.82533 4.27462 1.14446 4.90579 3.82378 0.164709 1.75522 2.29522 8.24913 6.37672 4.65264 4.27199 3.79312 4.53151 4.21224 4.58999 2.13122     0     0     0     0     0     0 
16.6653 4.38128 2.83109 3.96651 2.5453 15.1203 6.07964 3.00442 4.0019 4.37537 5.28771 5.54046 6.51911 6.48585 5.7193 1.80933 6.48367 3.22396 4.28213 6.07459 1.90902 7.44328 6.26489 3.82533 4.27462 1.14446 4.90579 3.82378 0.164709 1.75522 2.29522 8.24913 6.37672 4.65264 4.27199 3.79312 4.53151 4.21224 4.58999 2.13122     0     0     0     0     0     0 
    0     0     0     0     0     0     0     0     0     0     0     0     0     0     0     0     0     0     0     0     0     0     0     0     0     0     0     0     0     0     0     0     0     0     0     0     0     0     0     0     0     0     0     0     0     0 

Bundle Vector: [[  0],[ 20,   0,  30],[ 21,   0,  31],[ 22,   0,  32],[ 23,   0,  33],[ 24,   0,  34],[ 25,   0,  35],[ 26,   0,  36],[ 27,   0,  37],[ 28,   0,  38],[ 29,   0,  39],[  1],[ 20,   1,  30],[ 21,   1,  31],[ 22,   1,  32],[ 23,   1,  33],[ 24,   1,  34],[ 25,   1,  35],[ 26,   1,  36],[ 27,   1,  37],[ 28,   1,  38],[ 29,   1,  39],[  2],[ 20,   2,  30],[ 21,   2,  31],[ 22,   2,  32],[ 23,   2,  33],[ 24,   2,  34],[ 25,   2,  35],[ 26,   2,  36],[ 27,   2,  37],[ 28,   2,  38],[ 29,   2,  39],[  3],[ 20,   3,  30],[ 21,   3,  31],[ 22,   3,  32],[ 23,   3,  33],[ 24,   3,  34],[ 25,   3,  35],[ 26,   3,  36],[ 27,   3,  37],[ 28,   3,  38],[ 29,   3,  39],[  4],[ 20,   4,  30],[ 21,   4,  31],[ 22,   4,  32],[ 23,   4,  33],[ 24,   4,  34],[ 25,   4,  35],[ 26,   4,  36],[ 27,   4,  37],[ 28,   4,  38],[ 29,   4,  39],[  5],[ 20,   5,  30],[ 21,   5,  31],[ 22,   5,  32],[ 23,   5,  33],[ 24,   5,  34],[ 25,   5,  35],[ 26,   5,  36],[ 27,   5,  37],[ 28,   5,  38],[ 29,   5,  39],[  6],[ 20,   6,  30],[ 21,   6,  31],[ 22,   6,  32],[ 23,   6,  33],[ 24,   6,  34],[ 25,   6,  35],[ 26,   6,  36],[ 27,   6,  37],[ 28,   6,  38],[ 29,   6,  39],[  7],[ 20,   7,  30],[ 21,   7,  31],[ 22,   7,  32],[ 23,   7,  33],[ 24,   7,  34],[ 25,   7,  35],[ 26,   7,  36],[ 27,   7,  37],[ 28,   7,  38],[ 29,   7,  39],[  8],[ 20,   8,  30],[ 21,   8,  31],[ 22,   8,  32],[ 23,   8,  33],[ 24,   8,  34],[ 25,   8,  35],[ 26,   8,  36],[ 27,   8,  37],[ 28,   8,  38],[ 29,   8,  39],[  9],[ 20,   9,  30],[ 21,   9,  31],[ 22,   9,  32],[ 23,   9,  33],[ 24,   9,  34],[ 25,   9,  35],[ 26,   9,  36],[ 27,   9,  37],[ 28,   9,  38],[ 29,   9,  39],[ 10],[ 20,  10,  30],[ 21,  10,  31],[ 22,  10,  32],[ 23,  10,  33],[ 24,  10,  34],[ 25,  10,  35],[ 26,  10,  36],[ 27,  10,  37],[ 28,  10,  38],[ 29,  10,  39],[ 11],[ 20,  11,  30],[ 21,  11,  31],[ 22,  11,  32],[ 23,  11,  33],[ 24,  11,  34],[ 25,  11,  35],[ 26,  11,  36],[ 27,  11,  37],[ 28,  11,  38],[ 29,  11,  39],[ 12],[ 20,  12,  30],[ 21,  12,  31],[ 22,  12,  32],[ 23,  12,  33],[ 24,  12,  34],[ 25,  12,  35],[ 26,  12,  36],[ 27,  12,  37],[ 28,  12,  38],[ 29,  12,  39],[ 13],[ 20,  13,  30],[ 21,  13,  31],[ 22,  13,  32],[ 23,  13,  33],[ 24,  13,  34],[ 25,  13,  35],[ 26,  13,  36],[ 27,  13,  37],[ 28,  13,  38],[ 29,  13,  39],[ 14],[ 20,  14,  30],[ 21,  14,  31],[ 22,  14,  32],[ 23,  14,  33],[ 24,  14,  34],[ 25,  14,  35],[ 26,  14,  36],[ 27,  14,  37],[ 28,  14,  38],[ 29,  14,  39],[ 15],[ 20,  15,  30],[ 21,  15,  31],[ 22,  15,  32],[ 23,  15,  33],[ 24,  15,  34],[ 25,  15,  35],[ 26,  15,  36],[ 27,  15,  37],[ 28,  15,  38],[ 29,  15,  39],[ 16],[ 20,  16,  30],[ 21,  16,  31],[ 22,  16,  32],[ 23,  16,  33],[ 24,  16,  34],[ 25,  16,  35],[ 26,  16,  36],[ 27,  16,  37],[ 28,  16,  38],[ 29,  16,  39],[ 17],[ 20,  17,  30],[ 21,  17,  31],[ 22,  17,  32],[ 23,  17,  33],[ 24,  17,  34],[ 25,  17,  35],[ 26,  17,  36],[ 27,  17,  37],[ 28,  17,  38],[ 29,  17,  39],[ 18],[ 20,  18,  30],[ 21,  18,  31],[ 22,  18,  32],[ 23,  18,  33],[ 24,  18,  34],[ 25,  18,  35],[ 26,  18,  36],[ 27,  18,  37],[ 28,  18,  38],[ 29,  18,  39],[ 19],[ 20,  19,  30],[ 21,  19,  31],[ 22,  19,  32],[ 23,  19,  33],[ 24,  19,  34],[ 25,  19,  35],[ 26,  19,  36],[ 27,  19,  37],[ 28,  19,  38],[ 29,  19,  39],[ 40],[ 41],[ 42],[ 43],[ 44],[ 45],]

Cluster 0: [(0) [  0] (1) [ 20,  0, 30] (2) [ 21,  0, 31] (3) [ 22,  0, 32] (4) [ 23,  0, 33] (5) [ 24,  0, 34] (6) [ 25,  0, 35] (7) [ 26,  0, 36] (8) [ 27,  0, 37] (9) [ 28,  0, 38] (10) [ 29,  0, 39] ]

Cluster 1: [(11) [  1] (12) [ 20,  1, 30] (13) [ 21,  1, 31] (14) [ 22,  1, 32] (15) [ 23,  1, 33] (16) [ 24,  1, 34] (17) [ 25,  1, 35] (18) [ 26,  1, 36] (19) [ 27,  1, 37] (20) [ 28,  1, 38] (21) [ 29,  1, 39] ]

Cluster 2: [(22) [  2] (23) [ 20,  2, 30] (24) [ 21,  2, 31] (25) [ 22,  2, 32] (26) [ 23,  2, 33] (27) [ 24,  2, 34] (28) [ 25,  2, 35] (29) [ 26,  2, 36] (30) [ 27,  2, 37] (31) [ 28,  2, 38] (32) [ 29,  2, 39] ]

Cluster 3: [(33) [  3] (34) [ 20,  3, 30] (35) [ 21,  3, 31] (36) [ 22,  3, 32] (37) [ 23,  3, 33] (38) [ 24,  3, 34] (39) [ 25,  3, 35] (40) [ 26,  3, 36] (41) [ 27,  3, 37] (42) [ 28,  3, 38] (43) [ 29,  3, 39] ]

Cluster 4: [(44) [  4] (45) [ 20,  4, 30] (46) [ 21,  4, 31] (47) [ 22,  4, 32] (48) [ 23,  4, 33] (49) [ 24,  4, 34] (50) [ 25,  4, 35] (51) [ 26,  4, 36] (52) [ 27,  4, 37] (53) [ 28,  4, 38] (54) [ 29,  4, 39] ]

Cluster 5: [(55) [  5] (56) [ 20,  5, 30] (57) [ 21,  5, 31] (58) [ 22,  5, 32] (59) [ 23,  5, 33] (60) [ 24,  5, 34] (61) [ 25,  5, 35] (62) [ 26,  5, 36] (63) [ 27,  5, 37] (64) [ 28,  5, 38] (65) [ 29,  5, 39] ]

Cluster 6: [(66) [  6] (67) [ 20,  6, 30] (68) [ 21,  6, 31] (69) [ 22,  6, 32] (70) [ 23,  6, 33] (71) [ 24,  6, 34] (72) [ 25,  6, 35] (73) [ 26,  6, 36] (74) [ 27,  6, 37] (75) [ 28,  6, 38] (76) [ 29,  6, 39] ]

Cluster 7: [(77) [  7] (78) [ 20,  7, 30] (79) [ 21,  7, 31] (80) [ 22,  7, 32] (81) [ 23,  7, 33] (82) [ 24,  7, 34] (83) [ 25,  7, 35] (84) [ 26,  7, 36] (85) [ 27,  7, 37] (86) [ 28,  7, 38] (87) [ 29,  7, 39] ]

Cluster 8: [(88) [  8] (89) [ 20,  8, 30] (90) [ 21,  8, 31] (91) [ 22,  8, 32] (92) [ 23,  8, 33] (93) [ 24,  8, 34] (94) [ 25,  8, 35] (95) [ 26,  8, 36] (96) [ 27,  8, 37] (97) [ 28,  8, 38] (98) [ 29,  8, 39] ]

Cluster 9: [(99) [  9] (100) [ 20,  9, 30] (101) [ 21,  9, 31] (102) [ 22,  9, 32] (103) [ 23,  9, 33] (104) [ 24,  9, 34] (105) [ 25,  9, 35] (106) [ 26,  9, 36] (107) [ 27,  9, 37] (108) [ 28,  9, 38] (109) [ 29,  9, 39] ]

Cluster 10: [(110) [ 10] (111) [ 20, 10, 30] (112) [ 21, 10, 31] (113) [ 22, 10, 32] (114) [ 23, 10, 33] (115) [ 24, 10, 34] (116) [ 25, 10, 35] (117) [ 26, 10, 36] (118) [ 27, 10, 37] (119) [ 28, 10, 38] (120) [ 29, 10, 39] ]

Cluster 11: [(121) [ 11] (122) [ 20, 11, 30] (123) [ 21, 11, 31] (124) [ 22, 11, 32] (125) [ 23, 11, 33] (126) [ 24, 11, 34] (127) [ 25, 11, 35] (128) [ 26, 11, 36] (129) [ 27, 11, 37] (130) [ 28, 11, 38] (131) [ 29, 11, 39] ]

Cluster 12: [(132) [ 12] (133) [ 20, 12, 30] (134) [ 21, 12, 31] (135) [ 22, 12, 32] (136) [ 23, 12, 33] (137) [ 24, 12, 34] (138) [ 25, 12, 35] (139) [ 26, 12, 36] (140) [ 27, 12, 37] (141) [ 28, 12, 38] (142) [ 29, 12, 39] ]

Cluster 13: [(143) [ 13] (144) [ 20, 13, 30] (145) [ 21, 13, 31] (146) [ 22, 13, 32] (147) [ 23, 13, 33] (148) [ 24, 13, 34] (149) [ 25, 13, 35] (150) [ 26, 13, 36] (151) [ 27, 13, 37] (152) [ 28, 13, 38] (153) [ 29, 13, 39] ]

Cluster 14: [(154) [ 14] (155) [ 20, 14, 30] (156) [ 21, 14, 31] (157) [ 22, 14, 32] (158) [ 23, 14, 33] (159) [ 24, 14, 34] (160) [ 25, 14, 35] (161) [ 26, 14, 36] (162) [ 27, 14, 37] (163) [ 28, 14, 38] (164) [ 29, 14, 39] ]

Cluster 15: [(165) [ 15] (166) [ 20, 15, 30] (167) [ 21, 15, 31] (168) [ 22, 15, 32] (169) [ 23, 15, 33] (170) [ 24, 15, 34] (171) [ 25, 15, 35] (172) [ 26, 15, 36] (173) [ 27, 15, 37] (174) [ 28, 15, 38] (175) [ 29, 15, 39] ]

Cluster 16: [(176) [ 16] (177) [ 20, 16, 30] (178) [ 21, 16, 31] (179) [ 22, 16, 32] (180) [ 23, 16, 33] (181) [ 24, 16, 34] (182) [ 25, 16, 35] (183) [ 26, 16, 36] (184) [ 27, 16, 37] (185) [ 28, 16, 38] (186) [ 29, 16, 39] ]

Cluster 17: [(187) [ 17] (188) [ 20, 17, 30] (189) [ 21, 17, 31] (190) [ 22, 17, 32] (191) [ 23, 17, 33] (192) [ 24, 17, 34] (193) [ 25, 17, 35] (194) [ 26, 17, 36] (195) [ 27, 17, 37] (196) [ 28, 17, 38] (197) [ 29, 17, 39] ]

Cluster 18: [(198) [ 18] (199) [ 20, 18, 30] (200) [ 21, 18, 31] (201) [ 22, 18, 32] (202) [ 23, 18, 33] (203) [ 24, 18, 34] (204) [ 25, 18, 35] (205) [ 26, 18, 36] (206) [ 27, 18, 37] (207) [ 28, 18, 38] (208) [ 29, 18, 39] ]

Cluster 19: [(209) [ 19] (210) [ 20, 19, 30] (211) [ 21, 19, 31] (212) [ 22, 19, 32] (213) [ 23, 19, 33] (214) [ 24, 19, 34] (215) [ 25, 19, 35] (216) [ 26, 19, 36] (217) [ 27, 19, 37] (218) [ 28, 19, 38] (219) [ 29, 19, 39] ]

Cluster 20: [(220) [ 40] ]

Cluster 21: [(221) [ 41] ]

Cluster 22: [(222) [ 42] ]

Cluster 23: [(223) [ 43] ]

Cluster 24: [(224) [ 44] ]

Cluster 25: [(225) [ 45] ]

Feasible arcs between clusters:
     0  1  2  3  4  5  6  7  8  9 10 11 12 13 14 15 16 17 18 19 20 21 22 23 24 25
  0  0  0  0  1  1  1  1  1  1  1  1  1  1  1  0  1  1  1  1  0  0  0  0  0  0  1
  1  0  0  0  1  1  1  0  1  1  1  1  1  1  1  0  1  1  1  1  0  0  0  0  0  0  1
  2  0  1  0  1  1  1  1  1  1  1  1  1  1  1  1  1  1  1  1  0  0  0  0  0  0  1
  3  0  0  0  0  0  0  0  0  0  0  0  0  0  0  0  0  0  0  1  0  0  0  0  0  0  1
  4  0  0  0  1  0  1  0  0  0  0  0  0  0  0  0  0  0  0  1  0  0  0  0  0  0  1
  5  0  0  0  0  0  0  0  0  0  0  0  0  0  0  0  0  0  0  0  0  0  0  0  0  0  1
  6  0  0  0  1  1  1  0  1  1  1  0  1  1  1  0  1  1  1  1  0  0  0  0  0  0  1
  7  0  0  0  1  1  1  0  0  1  1  0  0  1  1  0  1  1  1  1  0  0  0  0  0  0  1
  8  0  0  0  1  0  1  0  0  0  0  0  0  0  0  0  0  0  0  1  0  0  0  0  0  0  1
  9  0  0  0  1  0  1  0  0  0  0  0  0  0  0  0  0  0  0  1  0  0  0  0  0  0  1
 10  0  0  0  1  1  1  0  0  1  1  0  1  1  1  0  1  1  1  1  0  0  0  0  0  0  1
 11  0  0  0  1  1  1  0  0  1  1  0  0  1  1  0  1  1  1  1  0  0  0  0  0  0  1
 12  0  0  0  1  1  1  0  0  1  1  0  0  0  0  0  1  1  1  1  0  0  0  0  0  0  1
 13  0  0  0  1  1  1  0  0  1  1  0  0  0  0  0  1  1  1  1  0  0  0  0  0  0  1
 14  0  1  0  1  1  1  1  1  1  1  1  1  1  1  0  1  1  1  1  0  0  0  0  0  0  1
 15  0  0  0  1  0  1  0  0  0  0  0  0  0  0  0  0  0  0  1  0  0  0  0  0  0  1
 16  0  0  0  1  1  1  0  0  1  1  0  0  0  0  0  1  0  1  1  0  0  0  0  0  0  1
 17  0  0  0  1  0  1  0  0  0  0  0  0  0  0  0  0  0  0  1  0  0  0  0  0  0  1
 18  0  0  0  0  0  0  0  0  0  0  0  0  0  0  0  0  0  0  0  0  0  0  0  0  0  1
 19  0  1  0  1  1  1  1  1  1  1  1  1  1  1  1  1  1  1  1  0  0  0  0  0  0  1
 20  1  1  1  1  1  1  1  1  1  1  1  1  1  1  1  1  1  1  1  1  0  0  0  0  0  0
 21  1  1  1  1  1  1  1  1  1  1  1  1  1  1  1  1  1  1  1  1  0  0  0  0  0  0
 22  1  1  1  1  1  1  1  1  1  1  1  1  1  1  1  1  1  1  1  1  0  0  0  0  0  0
 23  1  1  1  1  1  1  1  1  1  1  1  1  1  1  1  1  1  1  1  1  0  0  0  0  0  0
 24  1  1  1  1  1  1  1  1  1  1  1  1  1  1  1  1  1  1  1  1  0  0  0  0  0  0
 25  0  0  0  0  0  0  0  0  0  0  0  0  0  0  0  0  0  0  0  0  0  0  0  0  0  0
Tried aggregator 1 time.
MIP Presolve eliminated 0 rows and 3301 columns.
Reduced MIP has 1160 rows, 86875 columns, and 418955 nonzeros.
Reduced MIP has 86875 binaries, 0 generals, 0 SOSs, and 0 indicators.
Presolve time =    1.48 sec.
Probing time =    1.29 sec.
Clique table members: 517671.
MIP emphasis: balance optimality and feasibility.
MIP search method: dynamic search.
Parallel mode: deterministic, using up to 2 threads.
Root relaxation solution time =    3.72 sec.

        Nodes                                         Cuts/
   Node  Left     Objective  IInf  Best Integer    Best Bound    ItCnt     Gap

      0     0      216.5630    61                    216.5630     1697         
*     0+    0                          212.1354      216.5630     1697    2.09%

Repeating presolve.
Tried aggregator 2 times.
MIP Presolve eliminated 273 rows and 61156 columns.
Aggregator did 1 substitutions.
Reduced MIP has 886 rows, 25718 columns, and 120587 nonzeros.
Reduced MIP has 25718 binaries, 0 generals, 0 SOSs, and 0 indicators.
Probing fixed 15 vars, tightened 0 bounds.
Probing time =    3.55 sec.
Tried aggregator 1 time.
MIP Presolve eliminated 0 rows and 15 columns.
Reduced MIP has 886 rows, 25703 columns, and 120512 nonzeros.
Reduced MIP has 25703 binaries, 0 generals, 0 SOSs, and 0 indicators.
Represolve time =    5.01 sec.
Probing time =    0.30 sec.
Clique table members: 138805.
MIP emphasis: balance optimality and feasibility.
MIP search method: dynamic search.
Parallel mode: deterministic, using up to 2 threads.
Root relaxation solution time =    1.07 sec.

        Nodes                                         Cuts/
   Node  Left     Objective  IInf  Best Integer    Best Bound    ItCnt     Gap

*     0+    0                          212.1354      216.5630     2958    2.09%
      0     0      216.5630    45      212.1354      216.5630     2958    2.09%
*     0+    0                          213.7179      216.5630     2958    1.33%

Repeating presolve.
Tried aggregator 1 time.
MIP Presolve eliminated 207 rows and 15007 columns.
Reduced MIP has 679 rows, 10696 columns, and 49066 nonzeros.
Reduced MIP has 10696 binaries, 0 generals, 0 SOSs, and 0 indicators.
Probing time =    0.14 sec.
Tried aggregator 1 time.
Represolve time =    0.68 sec.
Probing time =    0.13 sec.
Clique table members: 73052.
MIP emphasis: balance optimality and feasibility.
MIP search method: dynamic search.
Parallel mode: deterministic, using up to 2 threads.
Root relaxation solution time =    0.53 sec.

        Nodes                                         Cuts/
   Node  Left     Objective  IInf  Best Integer    Best Bound    ItCnt     Gap

*     0+    0                          213.7179      216.5630     4081    1.33%
      0     0      216.5630    20      213.7179      216.5630     4081    1.33%
      0     2      216.5630    20      213.7179      216.5630     4081    1.33%
Elapsed real time =  19.42 sec. (tree size =  0.01 MB, solutions = 2)
*    14    10      integral     0      216.4099      216.5630     4826    0.07%

Root node processing (before b&c):
  Real time             =   17.91
Parallel b&c, 2 threads:
  Real time             =    0.40
  Sync time (average)   =    0.00
  Wait time (average)   =    0.00
                          -------
Total (root+branch&cut) =   18.32 sec.

Sol status: Optimal

Obj Val: 216.409910003413
x(15, 150, 0)
x(28, 15, 0)
x(38, 206, 0)
x(150, 187, 0)
x(187, 38, 0)
x(206, 225, 0)
x(220, 28, 0)
x(45, 55, 1)
x(55, 225, 1)
x(76, 45, 1)
x(221, 76, 1)
x(174, 225, 2)
x(222, 174, 2)
x(99, 225, 3)
x(110, 121, 3)
x(121, 132, 3)
x(132, 176, 3)
x(154, 110, 3)
x(176, 99, 3)
x(212, 154, 3)
x(223, 212, 3)
x(0, 77, 4)
x(77, 88, 4)
x(88, 225, 4)
x(224, 0, 4)

Solution by nodes: 
Vehicle 0: 40 - 25 - 2 - 35 - 23 - 1 - 33 - 26 - 13 - 36 - 17 - 24 - 3 - 34 - 27 - 18 - 37 - 45
Vehicle 1: 41 - 29 - 6 - 39 - 20 - 4 - 30 - 5 - 45
Vehicle 2: 42 - 28 - 15 - 38 - 45
Vehicle 3: 43 - 22 - 19 - 32 - 14 - 10 - 11 - 12 - 16 - 9 - 45
Vehicle 4: 44 - 0 - 7 - 8 - 45


Total passenger time: 3.17668773144007

Total parcel time: 2.85005124418538

Total combined transportation time: 1.93015139915362

Total idle time: 2.9629971382441

Total passenger distance: 25.92673988346

Total parcel distance: 26.0559890127778

Total combined transportation distance: 8.30192200366479

Total idle distance: 57.1858447681112
