26	5	100	50
0	  21.0845	  24.6654	3	876	876
1	  34.5770	  17.5471	3	745	745
2	  44.6563	  24.0291	3	940	940
3	   8.0650	   3.6164	3	699	699
4	  13.7781	  46.9089	3	647	647
5	  29.2220	  11.3395	3	765	765
6	   3.3398	  27.8140	3	576	576
7	   6.9540	  46.7753	3	828	828
8	  42.5711	  46.2418	3	733	733
9	  12.7183	   7.2572	3	607	607
10	  17.2773	  35.5095	3	846	846
11	  40.6686	   9.8537	3	910	910
12	  23.9666	  21.1595	3	586	586
13	  30.5038	  17.2517	3	815	815
14	  24.3456	   1.5883	3	1039	1039
15	  41.9172	   8.9225	3	950	950
16	  19.1354	  36.5735	3	671	671
17	  32.9517	  27.2004	3	811	811
18	  40.1899	  46.7297	3	1024	1024
19	  24.1092	   1.6410	3	932	932
20	  20.5767	   3.3313	3	611	611
21	  12.9805	  23.9165	3	873	873
22	  16.1763	  33.4102	3	1018	1018
23	  30.9735	  33.4536	3	620	620
24	  18.9197	  21.6421	3	779	779
25	  43.3072	  42.8862	3	645	645
26	  10.1380	  17.1472	3	901	901
27	  26.0697	  44.5347	3	646	646
28	  38.6287	   9.0214	3	630	630
29	  21.7351	  28.8186	3	962	962
30	  30.4596	  26.3278	3	898	898
31	  49.1756	  43.4401	3	947	947
32	   0.2443	  30.3209	3	667	667
33	  13.3746	  20.9362	3	798	798
34	   4.3464	  35.0108	3	606	606
35	  13.0045	  23.2660	3	626	626
36	   6.6529	   6.3117	3	876	876
37	  16.1522	  49.4545	3	974	974
38	  16.6017	   5.5220	3	894	894
39	   0.0567	  16.9740	3	569	569
40	   1.6928	  21.7918	3	893	893
41	  45.7926	   7.4440	3	701	701
42	  17.6362	  26.2522	3	792	792
43	  33.7718	  16.8118	3	920	920
44	  19.6923	  34.0161	3	828	828
45	  47.1327	  33.0669	3	791	791
46	   4.9523	   1.1699	3	702	702
47	  12.6179	   9.2987	3	940	940
48	  36.1807	  25.6223	3	562	562
49	  32.5647	  42.8335	3	686	686
50	  31.9341	  48.7169	3	832	832
51	  42.2881	  12.0568	3	966	966
52	  25.0072	   8.8898	3	1000	1000
53	  17.5788	   3.3525	3	683	683
54	  39.4274	  16.1192	3	1026	1026
55	  42.3714	  44.4698	3	611	611
56	  23.8754	  12.0637	3	640	640
57	  28.4859	  21.0081	3	759	759
58	  45.1306	  33.4382	3	569	569
59	  22.1780	   7.7485	3	711	711
60	  42.7368	   8.3587	3	681	681
61	   1.1923	  15.3049	3	907	907
62	  24.0184	  43.4803	3	970	970
63	  27.3617	  49.0256	3	660	660
64	   2.3701	  44.9405	3	1018	1018
65	   2.3781	   3.9312	3	888	888
66	  12.5760	  22.7047	3	726	726
67	   9.0670	  31.1952	3	854	854
68	  12.3530	  32.9425	3	694	694
69	  43.2589	  40.8388	3	933	933
70	  24.2770	  26.1286	3	735	735
71	  34.4874	  29.5088	3	1027	1027
72	  42.3154	  35.6796	3	594	594
73	  44.8137	  16.3338	3	967	967
74	  29.1599	  22.1754	3	779	779
75	  15.3594	  31.5300	3	862	862
76	  17.1159	  17.7375	3	719	719
77	  35.4612	  29.6919	3	921	921
78	  40.4422	  42.6465	3	634	634
79	  31.6954	  29.2661	3	593	593
80	  10.5297	  40.7624	3	920	920
81	  10.4613	  22.8827	3	779	779
82	  23.7049	   3.7202	3	871	871
83	   3.7841	  38.2478	3	752	752
84	  23.9511	  12.5704	3	774	774
85	  13.6615	   3.1110	3	729	729
86	  34.6410	   1.8617	3	803	803
87	  46.7585	  20.1022	3	726	726
88	  31.5536	  37.2007	3	928	928
89	  12.7487	  13.2490	3	812	812
90	   4.0114	  26.9281	3	749	749
91	  46.1611	  27.7163	3	921	921
92	  47.8811	   9.1559	3	1032	1032
93	  11.0059	   2.8935	3	679	679
94	  47.4274	  28.7626	3	1021	1021
95	   0.2212	  21.3784	3	882	882
96	  24.4895	  26.0788	3	879	879
97	  27.9405	  39.6622	3	580	580
98	  29.2327	   9.4942	3	568	568
99	  26.8629	  41.9814	3	1013	1013
100	  20.6918	  23.7163	-3	876	876
101	  34.8081	  17.6217	-3	745	745
102	  42.8016	  23.8110	-3	940	940
103	   7.1853	   2.0034	-3	699	699
104	  16.1683	  48.0736	-3	647	647
105	  30.6483	   9.8826	-3	765	765
106	   4.0372	  29.5509	-3	576	576
107	   5.7511	  45.8444	-3	828	828
108	  41.3648	  46.8953	-3	733	733
109	  14.0364	   7.6173	-3	607	607
110	  18.9986	  34.6701	-3	846	846
111	  41.1510	  10.7644	-3	910	910
112	  23.6642	  19.1846	-3	586	586
113	  31.1453	  19.9345	-3	815	815
114	  23.2549	   0.4645	-3	1039	1039
115	  42.9037	   9.1305	-3	950	950
116	  19.4010	  37.7725	-3	671	671
117	  33.3708	  25.3015	-3	811	811
118	  38.1046	  45.9273	-3	1024	1024
119	  25.8528	   3.1233	-3	932	932
120	  20.3266	   3.2540	-3	611	611
121	  12.8667	  24.2420	-3	873	873
122	  15.6269	  33.3919	-3	1018	1018
123	  32.0907	  33.7684	-3	620	620
124	  19.3191	  22.2480	-3	779	779
125	  43.2588	  43.2286	-3	645	645
126	  10.0704	  15.5710	-3	901	901
127	  26.8826	  46.3658	-3	646	646
128	  38.0400	   9.7632	-3	630	630
129	  23.4881	  29.9446	-3	962	962
130	  30.1227	  26.2902	-3	898	898
131	  46.6308	  45.3320	-3	947	947
132	   0.4307	  27.4062	-3	667	667
133	  14.6304	  21.6987	-3	798	798
134	   3.4876	  33.7486	-3	606	606
135	  13.4327	  22.2994	-3	626	626
136	   9.0993	   6.9973	-3	876	876
137	  17.7567	  47.3277	-3	974	974
138	  16.8479	   4.4381	-3	894	894
139	   1.5612	  17.6356	-3	569	569
140	   2.0495	  21.9884	-3	893	893
141	  45.4743	   6.6599	-3	701	701
142	  16.9344	  26.8537	-3	792	792
143	  33.7068	  13.6513	-3	920	920
144	  22.0127	  33.2701	-3	828	828
145	  46.7101	  34.3901	-3	791	791
146	   4.4709	   0.9060	-3	702	702
147	  10.6980	   7.0636	-3	940	940
148	  36.0039	  27.6788	-3	562	562
149	  33.8121	  43.0039	-3	686	686
150	  29.4946	  45.7656	-3	832	832
151	  41.3330	  13.8828	-3	966	966
152	  25.8233	   9.9807	-3	1000	1000
153	  18.7480	   0.6570	-3	683	683
154	  38.8239	  17.8832	-3	1026	1026
155	  42.6384	  41.0224	-3	611	611
156	  24.6413	  10.2438	-3	640	640
157	  29.4059	  21.4150	-3	759	759
158	  45.5924	  31.3802	-3	569	569
159	  21.4994	   6.3156	-3	711	711
160	  40.6913	   7.1385	-3	681	681
161	   2.1401	  13.8025	-3	907	907
162	  23.5133	  43.6502	-3	970	970
163	  28.9944	  49.7368	-3	660	660
164	   3.2284	  45.8956	-3	1018	1018
165	   1.3267	   3.0497	-3	888	888
166	  11.8409	  20.8996	-3	726	726
167	   8.0756	  27.9887	-3	854	854
168	  13.5131	  34.7099	-3	694	694
169	  42.1098	  37.9985	-3	933	933
170	  25.1247	  25.7339	-3	735	735
171	  34.7458	  29.0209	-3	1027	1027
172	  40.3991	  32.5613	-3	594	594
173	  47.4135	  17.1194	-3	967	967
174	  30.1563	  18.8555	-3	779	779
175	  17.5153	  31.8713	-3	862	862
176	  17.6673	  15.7081	-3	719	719
177	  34.3129	  32.2583	-3	921	921
178	  35.9925	  43.8708	-3	634	634
179	  30.8446	  29.0859	-3	593	593
180	   8.0587	  40.8945	-3	920	920
181	   8.9514	  22.6306	-3	779	779
182	  21.4243	   8.7851	-3	871	871
183	   5.0124	  38.2715	-3	752	752
184	  21.3035	   9.8427	-3	774	774
185	  13.2000	   1.8346	-3	729	729
186	  36.9569	   5.1122	-3	803	803
187	  47.1608	  21.0792	-3	726	726
188	  31.3684	  38.2895	-3	928	928
189	  15.3006	  12.7303	-3	812	812
190	   5.6085	  26.2387	-3	749	749
191	  45.1037	  27.5666	-3	921	921
192	  47.1383	   5.4875	-3	1032	1032
193	   9.8073	   1.0893	-3	679	679
194	  46.3001	  26.9396	-3	1021	1021
195	   4.8012	  22.7652	-3	882	882
196	  23.6720	  24.5302	-3	879	879
197	  26.5141	  40.7537	-3	580	580
198	  30.0840	   7.5645	-3	568	568
199	  25.5933	  42.0548	-3	1013	1013
200	  22.7432	  43.3296	1	873	933
201	  15.2598	  26.7546	1	833	893
202	  20.2577	  11.4209	1	901	961
203	  22.0782	  16.4260	1	717	777
204	  37.8044	   4.7657	1	893	953
205	  36.1822	  12.2939	1	632	692
206	  18.2792	  45.6109	1	641	701
207	  38.9405	   7.8982	1	842	902
208	  10.1043	  40.6227	1	904	964
209	  18.4385	  31.8855	1	938	998
210	   4.1848	   5.3197	1	927	987
211	  36.6370	  40.3670	1	644	704
212	  17.6136	  17.4816	1	739	799
213	  19.4529	  39.0379	1	609	669
214	  26.2666	  38.2009	1	638	698
215	  33.8118	  32.3334	1	963	1023
216	  35.5683	  22.7523	1	658	718
217	  40.2316	   3.3453	1	881	941
218	  31.9505	   9.5508	1	541	601
219	   0.1734	   7.6839	1	669	729
220	   8.7732	  44.2618	1	945	1005
221	  41.8662	  26.2885	1	911	971
222	  26.1331	  46.0510	1	640	700
223	  31.6082	  12.7701	1	849	909
224	  36.4180	  49.2217	1	922	982
225	  30.2516	   5.8709	1	914	974
226	  38.2596	   6.5183	1	941	1001
227	  44.0718	  27.9546	1	742	802
228	   1.0641	  27.8836	1	964	1024
229	  10.2880	  36.6324	1	789	849
230	   0.6359	   0.5196	1	695	755
231	  44.7263	  12.0907	1	827	887
232	   8.3166	  20.8594	1	545	605
233	  33.6295	  44.5598	1	988	1048
234	  39.1465	  13.8811	1	936	996
235	  20.3993	  44.5025	1	898	958
236	   5.3607	  21.4635	1	611	671
237	  22.3862	  15.6487	1	969	1029
238	  13.6446	  30.2498	1	730	790
239	  36.4825	  36.8995	1	907	967
240	  18.9277	  25.4407	1	897	957
241	  43.8106	  21.9301	1	579	639
242	  16.4327	  39.0826	1	943	1003
243	   4.7313	  43.7693	1	558	618
244	  41.8429	  17.4494	1	580	640
245	  47.6993	  33.6207	1	571	631
246	  38.5590	   0.1544	1	913	973
247	  10.4790	   9.3902	1	631	691
248	  41.2380	   7.2647	1	844	904
249	  40.1493	  31.5658	1	915	975
250	  20.7109	  43.5687	-1	939	1140
251	  13.0303	  29.1560	-1	899	1140
252	  17.7770	   9.1982	-1	967	1140
253	  22.5944	  17.5377	-1	783	1140
254	  36.0651	   5.7282	-1	959	1140
255	  33.7218	  14.2100	-1	698	1140
256	  18.5795	  44.0036	-1	707	1140
257	  39.7755	   7.5788	-1	908	1140
258	   8.1418	  39.9248	-1	970	1140
259	  20.1977	  29.6281	-1	1004	1140
260	   4.7869	   8.2594	-1	993	1140
261	  34.7461	  39.5795	-1	710	1140
262	  14.1472	  17.6845	-1	805	1140
263	  17.1194	  39.2556	-1	675	1140
264	  24.9929	  40.6438	-1	704	1140
265	  31.2302	  30.3246	-1	1029	1140
266	  34.8482	  23.7780	-1	724	1140
267	  41.9046	   3.4108	-1	947	1140
268	  31.5228	   8.9347	-1	607	1140
269	   2.6778	   3.3692	-1	735	1140
270	   5.8195	  43.8985	-1	1011	1140
271	  44.1581	  26.7564	-1	977	1140
272	  26.6064	  47.3854	-1	706	1140
273	  30.7144	   6.7070	-1	915	1140
274	  37.1934	  48.4747	-1	988	1140
275	  32.9091	   6.6406	-1	980	1140
276	  37.7593	   7.2297	-1	1007	1140
277	  42.3870	  28.4136	-1	808	1140
278	   0.9187	  24.4132	-1	1030	1140
279	  11.8987	  34.8280	-1	855	1140
280	   3.8543	   9.1255	-1	761	1140
281	  41.2425	  11.2119	-1	893	1140
282	   6.6026	  20.8665	-1	611	1140
283	  34.8173	  45.1590	-1	1054	1140
284	  40.3278	  11.3147	-1	1002	1140
285	  20.1466	  43.5199	-1	964	1140
286	   8.0959	  23.0221	-1	677	1140
287	  21.0426	  22.0300	-1	1035	1140
288	  11.8058	  29.8948	-1	796	1140
289	  35.6734	  38.8188	-1	973	1140
290	  18.7978	  27.2443	-1	963	1140
291	  45.8283	  18.2558	-1	645	1140
292	  19.3449	  40.7317	-1	1009	1140
293	   2.6909	  44.4717	-1	624	1140
294	  38.5759	  18.2516	-1	646	1140
295	  45.3537	  31.1220	-1	637	1140
296	  41.0758	   5.5828	-1	979	1140
297	  14.8777	  11.7357	-1	697	1140
298	  46.1340	   8.3548	-1	910	1140
299	  36.4129	  32.1309	-1	981	1140
300	  17.5473	  46.5870	0	540	1140
301	  12.0438	  23.8946	0	540	1140
302	  11.6286	  32.5323	0	540	1140
303	  25.3993	   2.0552	0	540	1140
304	   1.6641	  27.0654	0	540	1140
305	  39.6949	  44.5459	0	540	1140
306	  46.1380	  17.0138	0	540	1140
307	  45.6971	  32.4214	0	540	1140
308	  28.6115	   3.3692	0	540	1140
309	  13.1740	  36.5433	0	540	1140
310	  33.9612	  14.0953	0	540	1140
311	  16.4668	  23.2784	0	540	1140
312	  31.8033	  29.5696	0	540	1140
313	  39.9777	  32.5865	0	540	1140
314	   3.9506	  38.3895	0	540	1140
315	  28.3454	  42.6714	0	540	1140
316	   5.3718	  22.7581	0	540	1140
317	  15.0699	  11.3222	0	540	1140
318	  34.3293	   8.4354	0	540	1140
319	  13.7215	  27.6555	0	540	1140
320	  20.2245	  32.0282	0	540	1140
321	   8.3753	  17.2099	0	540	1140
322	  11.4511	  23.8470	0	540	1140
323	  27.8642	   9.1852	0	540	1140
324	   9.1977	  42.6474	0	540	1140
325	  17.1691	  29.9296	0	540	1140
