DIMENSION: 47
N: 15
M: 15
K: 2

SERVICE: 
318 395 85 77 343 324 256 452 281 175 189 141 456 68 131 

DIST MATRIX: 
    0   749   926   534   432  1059   702   888   872   282   406   688   324   810   575   515   395   369   713    49   231   630   277   492   244   611   527   784   249   227   542   653   479   740   298   116   830   351   546   412   554   270  1104   348   167   545   561     0 
  449     0   407   142   203   615   273   375   402   272   232   382   323   397   106   101   279   277   485   479   343   536   322   260   342   498   338   336   286   310   174   498   181   505   225   407   444   220   233   202   376   265   656   219   354   191   245     0 
  732   415     0   364   473   427   305    94   240   590   507   458   614   341   293   353   555   565   590   805   660   710   632   488   657   674   542   280   610   634   372   635   427   597   550   733   415   529   426   484   566   588   467   529   680   382   415     0 
  467   495   479     0   256   716   248   457   500   198   276   476   344   500   208   190   177   179   404   425   266   439   238   162   263   401   241   326   223   247   264   576   252   427   200   355   407   134   149   247   280   201   652   135   314   280   332     0 
  564   137   296   456     0   290   500   228   109   585   371   191   472    71   232   275   612   610   775   744   652   855   642   587   655   817   661   513   584   607   232   373   294   789   491   676   652   546   546   362   696   567   747   543   613   228   223     0 
  508    46   469   578   358     0   654   400   253   643   375    85   451   125   335   351   702   693   914   754   702   975   704   699   710   937   777   678   631   651   281   228   323   931   529   695   814   622   670   380   815   619   923   617   629   268   227     0 
  913   864   592   379   705   958     0   625   758   561   728   872   793   825   594   611   433   460   142   777   596   300   550   342   582   285   299   252   603   616   681  1007   691   124   633   723   121   502   310   698   277   586   360   507   711   698   752     0 
  993   782   395   470   744   772   297     0   611   717   775   815   867   713   580   625   616   639   431   950   772   590   730   518   762   567   517   217   752   772   675   982   711   420   741   885   204   648   456   746   515   731   111   652   852   690   736     0 
  621   164   506   690   485   254   749   441     0   769   501   210   574   179   449   472   824   816  1019   879   829  1090   830   815   836  1052   893   762   758   777   405   306   449  1035   656   821   901   746   781   506   929   745   978   741   756   392   354     0 
  315   431   549   229   125   706   396   509   505     0   134   392   191   465   198   142   252   236   545   341   238   553   236   288   244   518   364   469   169   191   192   453   146   569    81   270   559   161   296   109   404   153   794   155   211   202   242     0 
  123   381   719   537   216   709   691   658   573   431     0   309   143   469   382   333   548   526   859   427   459   854   485   600   473   821   674   754   398   405   292   224   247   883   311   390   861   454   610   219   713   398  1068   448   335   282   253     0 
  303   201   522   433   142   523   558   459   372   434   152     0   227   276   218   193   514   500   776   528   487   808   495   533   496   772   613   607   417   434   124   204   124   797   313   470   730   425   521   163   653   406   903   420   405   108    59     0 
  549   133   303   445   326   306   493   235   124   569   355   182     0    80   217   259   599   595   766   727   636   844   627   575   640   806   649   509   569   591   215   364   278   781   475   660   647   531   535   346   685   551   748   528   596   211   207     0 
  616   162   278   496   397   238   525   209    63   636   426   228   526     0   280   327   659   657   805   798   703   893   692   628   707   855   701   530   637   659   286   407   348   818   545   730   669   595   584   416   734   619   743   592   667   282   276     0 
  439   418   434   128   202   644   275   403   430   244   228   401   313   424     0   115   251   249   471   453   314   515   293   238   314   477   317   343   259   283   190   509   187   492   202   381   444   191   217   198   355   237   666   190   330   206   260     0 
  383   309   424   242   123   565   369   377   362   310   157   286   262   329    62     0   352   345   585   480   377   629   368   352   381   591   431   424   310   333    74   397    87   606   221   410   541   276   332   131   470   292   735   272   349    91   144     0 
  511   661   641   192   377   893   328   626   678   132   383   633   408   674   382   352     0    27   334   345   163   306   118    99   151   273   140   410   175   185   422   705   392   361   237   289   437    94   161   360   175   162   717   100   281   436   484     0 
  486   653   650   204   361   893   348   633   678   106   366   622   385   670   378   345    27     0   361   319   137   328    92   124   125   296   167   431   148   158   412   688   379   388   215   262   462    76   182   344   201   137   741    81   254   426   472     0 
  839   868   662   343   660  1008   287   683   797   467   677   864   727   845   582   585   334   361     0   665   489   160   444   260   474   143   194   321   509   519   659   979   656    27   558   618   230   417   255   649   161   496   500   423   615   676   730     0 
  323   727   886   487   405  1031   654   849   840   234   382   669   309   784   539   480   345   319   665     0   182   584   227   443   195   564   478   736   202   180   512   647   451   692   260    72   781   303   497   384   505   224  1055   300   131   517   537     0 
  393   667   744   317   346   942   477   716   735    70   337   623   317   703   426   377   163   137   489   182     0   428    46   261    16   402   299   560    71    56   429   652   380   516   174   128   599   133   316   325   328    85   876   132   139   440   475     0 
  811   931   788   400   677  1111   407   798   895   429   687   915   713   924   641   629   306   328   160   584   428     0   388   277   412    38   198   460   468   471   703  1005   685   176   543   551   387   400   310   662   160   461   659   406   566   719   770     0 
  427   667   717   281   353   931   436   693   721    61   348   627   342   697   413   368   118    92   444   227    46   388     0   216    33   361   253   520    87    84   426   668   382   471   185   174   555   104   273   333   283    90   833   104   178   438   477     0 
  580   655   573   134   407   856   234   567   639   219   421   638   467   654   366   352    99   124   260   443   261   277   216     0   249   240    80   315   261   275   426   733   410   285   299   384   339   161    67   394   119   244   619   166   368   442   494     0 
  408   674   741   310   355   945   468   715   737    71   347   631   330   708   428   381   151   125   474   195    16   412    33   249     0   387   284   551    80    68   435   663   387   501   184   143   587   128   306   334   313    91   865   128   155   446   483     0 
  781   893   753   362   641  1073   373   762   857   399   652   878   681   886   603   591   273   296   143   564   402    38   361   240   387     0   160   428   439   443   665   969   648   163   510   528   364   367   272   627   122   431   641   373   539   681   733     0 
  647   733   624   205   485   924   260   625   707   272   498   717   538   729   443   431   140   167   194   478   299   198   253    80   284   160     0   333   315   325   505   812   489   221   368   427   323   225   119   472    40   301   610   231   421   521   573     0 
  781   632   344   253   538   706    83   373   508   502   568   651   656   583   389   424   410   431   321   736   560   460   520   315   551   428   333     0   537   558   483   804   511   324   525   670   139   434   250   538   342   516   326   437   636   499   550     0 
  343   596   692   286   275   875   455   661   671    42   267   552   255   635   362   310   175   148   509   202    71   468    87   261    80   439   315   537     0    24   360   584   309   535   104   133   592   105   305   254   349    22   859   101   108   370   404     0 
  343   616   716   307   293   897   475   685   694    57   283   570   262   656   385   333   185   158   519   180    56   471    84   275    68   443   325   558    24     0   381   596   329   545   122   112   609   124   323   272   358    46   879   121    97   390   424     0 
  363   241   433   316   114   520   434   378   331   366   146   213   254   275    95    74   422   412   659   512   429   703   426   426   435   665   505   483   360   381     0   326    64   679   262   445   605   341   406   132   544   345   784   336   381    17    71     0 
  345   246   667   637   329   546   759   599   470   609   323   182   344   345   417   397   705   688   979   647   652  1005   668   733   663   969   812   804   584   596   326     0   324  1001   484   603   930   613   724   345   852   578  1087   607   543   309   256     0 
  305   287   492   315    50   580   453   439   395   321    83   246   191   333   137    87   392   379   656   451   380   685   382   410   387   648   489   511   309   329    64   324     0   677   208   385   625   305   400    68   529   296   821   300   321    66    96     0 
  865   885   668   364   683  1018   297   690   809   493   701   883   752   860   601   606   361   388    27   692   516   176   471   285   501   163   221   324   535   545   679  1001   677     0   584   645   223   443   277   672   188   522   484   449   642   696   750     0 
  281   495   629   275   172   781   448   590   583   126   164   449   171   538   279   221   237   215   558   260   174   543   185   299   184   510   368   525   104   122   262   484   208   584     0   189   602   144   324   151   406    95   851   138   131   270   302     0 
  299   665   814   419   341   965   587   778   771   168   320   611   260   718   468   410   289   262   618    72   128   551   174   384   143   528   427   670   133   112   445   603   385   645   189     0   720   237   434   319   457   155   991   233    65   451   474     0 
  874   769   472   330   646   842   172   508   647   552   672   784   750   722   513   541   437   462   230   781   599   387   555   339   587   364   323   139   592   609   605   930   625   223   602   720     0   487   287   642   315   573   288   491   697   622   674     0 
  422   582   614   185   286   833   351   589   621    69   290   549   315   604   315   276    94    76   417   303   133   400   104   161   128   367   225   434   105   124   341   613   305   443   144   237   487     0   200   268   263    86   754     6   211   354   399     0 
  603   625   510    92   406   806   168   507   589   266   425   614   484   614   335   332   161   182   255   497   316   310   273    67   306   272   119   250   305   323   406   724   400   277   324   434   287   200     0   396   151   286   559   205   411   423   476     0 
  253   348   552   319    21   648   473   502   463   272    30   298   131   400   191   131   360   344   649   384   325   662   333   394   334   627   472   538   254   272   132   345    68   672   151   319   642   268   396     0   512   244   856   263   254   134   155     0 
  684   771   647   240   525   956   274   651   739   307   538   756   577   764   481   470   175   201   161   505   328   160   283   119   313   122    40   342   349   358   544   852   529   188   406   457   315   263   151   512     0   337   603   269   455   560   613     0 
  350   583   671   264   264   857   434   639   652    33   259   540   255   618   343   292   162   137   496   224    85   461    90   244    91   431   301   516    22    46   345   578   296   522    95   155   573    86   286   244   337     0   838    81   125   355   391     0 
 1104   881   476   578   854   843   405   538   698   823   886   918   978   808   690   735   717   741   500  1055   876   659   833   619   865   641   610   326   859   879   784  1087   821   484   851   991   288   754   559   856   603   838     0   758   960   799   844     0 
  416   578   614   188   280   830   354   589   619    66   285   544   309   601   312   272   100    81   423   300   132   406   104   166   128   373   231   437   101   121   336   607   300   449   138   233   491     6   205   263   269    81   758     0   206   350   394     0 
  256   600   760   383   276   901   555   721   709   150   255   546   199   654   408   349   281   254   615   131   139   566   178   368   155   539   421   636   108    97   381   543   321   642   131    65   697   211   411   254   455   125   960   206     0   386   409     0 
  357   229   441   333   115   515   451   384   330   378   145   198   251   268   110    91   436   426   676   517   440   719   438   442   446   681   521   499   370   390    17   309    66   696   270   451   622   354   423   134   560   355   799   350   386     0    54     0 
  343   193   467   386   133   499   503   406   331   417   155   150   250   249   161   144   484   472   730   537   475   770   477   494   483   733   573   550   404   424    71   256    96   750   302   474   674   399   476   155   613   391   844   394   409    54     0     0 
    0     0     0     0     0     0     0     0     0     0     0     0     0     0     0     0     0     0     0     0     0     0     0     0     0     0     0     0     0     0     0     0     0     0     0     0     0     0     0     0     0     0     0     0     0     0     0     0 
