DIMENSION: 27
N: 15
M: 5
K: 2

SERVICE: 
74 13 384 76 121 182 306 179 76 134 242 656 293 384 137 

DIST MATRIX: 
    0   704   759   535   159   667   335   535   638   419   494   263   702   588   224   954  1089   725   584   289  1192   910   652   224   704   480   938     0 
  724     0   219   439   666   300   520   262    99   430   476   515   209   148   473   259   481   348   389   658   540   261   265   692    92   502   280     0 
 1056   323     0   687   988   525   821   544   396   720   759   831   425   451   804    74   366   535   620   977   329   235   504  1007   349   765   213     0 
  668   409   622     0   487   654   280   179   316   187   708   342   594   280   429   582   887   717    31   742   923   665   617   469   496   156   678     0 
  300   781   893   473     0   829   280   553   696   387   699   262   840   641   340  1024  1222   893   539   522  1307  1021   806    86   810   396  1046     0 
  832   425   197   815   889     0   822   635   501   765   380   780   215   529   670   476   310   117   780   652   448   292   210   939   323   859   316     0 
  108   698   763   508   124   677     0   519   629   394   514   238   707   577   216   948  1094   736   560   320  1194   910   660   189   703   451   938     0 
  515   440   619    85   333   616   127     0   343    37   616   188   580   292   289   657   919   683   138   608   977   700   582   321   504    72   719     0 
  609   168   356   280   516   386   356    99     0   264   480   359   325    21   346   404   646   448   241   594   706   427   349   535   234   338   447     0 
  528   552   733   139   313   725   130   291   455     0   705   212   692   405   346   763  1033   792   209   660  1088   813   692   278   618    56   831     0 
  408   340   366   436   417   291   368   302   307   343     0   313   310   276   198   582   697   356   436   335   798   517   268   467   316   447   546     0 
  465   735   625   866   655   482   735   752   737   756   247     0   579   717   516   933   880   494   878   231  1015   795   499   724   665   855   826     0 
  964   461   249   884  1005   302   918   703   551   850   520   884     0   590   785   434   178   247   841   791   319   250   320  1051   371   938   262     0 
  922   235   190   668   893   332   756   496   332   667   574   746   238     0   688   148   255   335   612   812   304    42   316   924   200   736    45     0 
  264   486   503   488   327   405   356   400   443   375   255   280   446   404     0   730   830   463   508   209   938   661   391   389   463   473   691     0 
  982   250   319   632   919   458   756   481   328   657   687   763   356   383   732     0   359   473   567   902   351   188   435   939   275   708   172     0 
 1094   482   331   919  1104   435   989   742   580   907   674   968   387   628   889   359     0   396   865   940   141   222   441  1143   419   983   211     0 
  718   360   155   717   771    68   710   539   421   658   278   665   140   441   553   473   396     0   687   547   526   309   101   823   258   755   339     0 
  645   385   595    70   471   624   265   149   290   166   676   322   566   252   403   567   865   687     0   714   905   643   587   458   470   153   657     0 
  237   670   634   688   427   507   531   609   641   571   272   449   578   607   319   902   940   547   714     0  1063   804   507   496   628   663   835     0 
 1203   538   436   965  1192   557  1060   797   634   970   801  1049   493   687   983   351   141   526   905  1063     0   286   557  1225   497  1035   262     0 
  924   261   173   697   906   313   776   522   359   690   559   763   226   409   697   188   222   309   643   804   286     0   301   939   211   763    31     0 
  653   278   129   615   685    37   612   439   328   558   258   571    80   343   466   435   441   101   587   507   557   301     0   733   183   654   333     0 
  297   697   815   394    69   758   196   467   611   302   645   178   763   556   271   939  1143   823   458   496  1225   939   733     0   729   319   964     0 
  723   102   128   514   695   216   570   333   181   490   418   553   119   219   488   275   419   258   470   628   497   211   183   729     0   571   237     0 
  548   501   688    83   346   688   145   240   404   104   686   223   650   355   344   708   983   755   153   663  1035   763   654   319   571     0   780     0 
  954   279   204   713   932   344   798   540   376   710   591   787   257   428   725   172   211   339   657   835   262    31   333   964   237   780     0     0 
    0     0     0     0     0     0     0     0     0     0     0     0     0     0     0     0     0     0     0     0     0     0     0     0     0     0     0     0 
