DIMENSION: 27
N: 15
M: 5
K: 2

SERVICE: 
318 395 85 77 343 324 256 452 281 175 189 141 456 68 131 

DIST MATRIX: 
    0   749   926   534   432  1059   702   888   872   282   406   688   324   810   575   531   814  1017   408   614   169   940   965   398   587   545   633     0 
  449     0   407   142   203   615   273   375   402   272   232   382   323   397   106   689   379   504   134   126   536   566   458   192   110   191   225     0 
  732   415     0   364   473   427   305    94   240   590   507   458   614   341   293   939   300   207   447   258   853   484   192   484   285   382   322     0 
  467   495   479     0   256   716   248   457   500   198   276   476   344   500   208   588   482   548   161   145   459   668   494   230   117   280   326     0 
  564   137   296   456     0   290   500   228   109   585   371   191   472    71   232  1023    45   473   381   372   835   240   471   375   384   228   140     0 
  508    46   469   578   358     0   654   400   253   643   375    85   451   125   335  1107   166   647   433   512   868   168   647   399   517   268   215     0 
  913   864   592   379   705   958     0   625   758   561   728   872   793   825   594   591   791   509   613   404   728   990   445   682   407   698   705     0 
  993   782   395   470   744   772   297     0   611   717   775   815   867   713   580   876   673   249   676   420   941   855   204   737   440   690   659     0 
  621   164   506   690   485   254   749   441     0   769   501   210   574   179   449  1231   217   685   559   615   994    68   697   526   624   392   331     0 
  315   431   549   229   125   706   396   509   505     0   134   392   191   465   198   642   460   654    36   266   420   620   608    88   243   202   280     0 
  123   381   719   537   216   709   691   658   573   431     0   309   143   469   382   883   491   868   302   544   566   555   839   233   528   282   350     0 
  303   201   522   433   142   523   558   459   372   434   152     0   227   276   218   904   292   679   234   405   645   392   656   184   398   108   152     0 
  549   133   303   445   326   306   493   235   124   569   355   182     0    80   217  1010    60   479   365   362   819   251   474   359   373   211   124     0 
  616   162   278   496   397   238   525   209    63   636   426   228   526     0   280  1069    28   458   433   406   888   214   463   429   420   282   194     0 
  439   418   434   128   202   644   275   403   430   244   228   401   313   424     0   662   407   525   122   135   507   591   478   186   115   206   248     0 
  804  1067  1023   585   762  1302   656  1019  1086   471   758  1033   742  1085   793     0  1069  1021   675   689   363  1250   955   721   666   839   904     0 
  595   135   304   500   382   247   538   235    90   629   410   201   509    42   277  1069     0   483   424   414   879   200   487   416   426   268   182     0 
  933   610   180   496   672   535   368   248   405   746   706   659   812   525   492  1021   483     0   634   404  1000   643    67   680   432   587   529     0 
  317   396   523   234    99   671   395   481   471   211   115   358   192   430   167   675   424   634     0   257   455   584   591    69   236   167   244     0 
  574   466   344   106   328   625   153   332   408   342   357   469   448   442   190   689   414   404   257     0   601   612   350   318    28   297   302     0 
  467   837   937   504   510  1126   653   910   924   264   493   785   438   883   615   363   879  1000   455   601     0  1029   941   471   573   615   698     0 
  675   193   466   694   519   187   738   403   245   795   538   253   618   171   460  1250   200   643   584   612  1029     0   660   558   624   418   346     0 
  896   607   195   438   636   568   302   257   417   690   670   650   773   529   458   955   487    67   591   350   941   660     0   640   378   559   509     0 
  258   366   555   303    41   662   461   507   474   251    47   319   133   415   193   721   416   680    69   318   471   558   640     0   300   148   235     0 
  554   471   370    82   312   643   164   356   426   315   341   470   428   453   188   666   426   432   236    28   573   624   378   300     0   291   304     0 
  357   229   441   333   115   515   451   384   330   378   145   198   251   268   110   839   268   587   167   297   615   418   559   148   291     0    88     0 
  438   170   370   363   203   429   450   309   242   452   233   167   337   186   120   904   182   529   244   302   698   346   509   235   304    88     0     0 
    0     0     0     0     0     0     0     0     0     0     0     0     0     0     0     0     0     0     0     0     0     0     0     0     0     0     0     0 
