DIMENSION: 27
N: 15
M: 5
K: 2

SERVICE: 
318 231 131 268 316 143 335 279 175 130 185 104 300 207 356 

DIST MATRIX: 
    0   107   344   338   247   223   118   192   544   698   234   471   188   449   313   261   342   515   101   266   415    58   385   367   617   474   727     0 
  366     0   444   446   351   310   229   325   665   718   307   604   308   592   422   393   375   544    93   407   556    86   420   278   709   394   723     0 
  486   245     0   418    42    72   271   254   335   864   105   283   287   350   396    92   518   681   243   159   272   263   556   428   404   690   910     0 
  462   406   507     0   484   525   415   312   471   703   558   358   338   138   276   368   500   566   594   294   244   551   504   847   670   814   798     0 
  490   340   326   322     0   364   358   260   301   806   396   186   302    58   315   201   530   644   482   144    64   460   550   712   491   807   886     0 
  571   337    60   475    90     0   363   324   230   942   167   195   363   324   456   100   606   762   347   177   225   370   641   505   308   795   996     0 
  332   353   653   491   557   522     0   437   862   592   521   787   402   729   474   578   317   447   308   571   718   268   352   428   922   181   568     0 
  516   354   301   353   300   350   373     0   267   838   382   152   322    81   345   189   556   674   483   144    30   466   577   705   457   826   916     0 
  851   620   252   737   349   383   646   600     0  1217   388   278   642   497   722   374   887  1039   600   436   394   639   921   675    35  1069  1276     0 
  421   659  1034   563   944   935   634   672  1162     0   951  1054   630   885   571   897   386   241   777   842   941   704   351   973  1299   416    17     0 
  723   486   216   686   235   211   508   520   419  1105     0   443   545   594   664   346   750   921   360   425   496   426   792   346   335   838  1135     0 
  718   504   203   584   281   331   529   464    38  1069   350     0   509   324   571   252   756   896   539   293   222   559   786   681   209   976  1137     0 
  365   379   577   179   532   564   379   291   582   572   596   467     0   251   197   424   400   443   584   344   346   528   396   847   772   724   670     0 
  316   176   358   175   299   325   189    85   439   657   356   330   124     0   159   202   356   485   359   127   223   316   379   616   593   629   726     0 
  435   562   820   332   768   793   553   493   828   442   823   714   483   495     0   665   452   393   769   586   594   701   424  1034  1021   761   558     0 
  477   252   156   374   116   163   278   226   287   844   195   211   267   259   356     0   514   665   313    80   181   316   546   518   402   724   902     0 
   40   273   648   231   558   552   248   292   786   355   570   683   248   544   226   514     0   174   417   463   579   341    44   653   914   326   392     0 
  198   439   808   322   722   720   415   438   923   184   739   814   398   644   330   665   174     0   590   605   700   514   130   820  1067   386   242     0 
  399   208   352   438   260   218   216   293   577   770   214   521   289   533   414   313   417   590     0   339   485    76   461   266   616   482   787     0 
  425   224   235   302   191   231   247   171   323   781   264   225   216   199   286    80   463   605   339     0   149   323   492   569   467   702   845     0 
  539   367   281   379   288   340   388   297   237   865   371   122   341   107   371   181   579   700   485   149     0   473   601   699   428   843   942     0 
  323   149   387   373   290   259   151   241   596   694   264   527   228   506   348   316   341   514    76   323   473     0   385   333   658   431   714     0 
   70   312   684   239   596   592   287   322   814   313   610   709   279   559   238   546    44   130   461   492   601   385     0   697   948   342   356     0 
  644   474   478   704   419   365   481   556   718   990   338   700   555   768   679   518   653   820   266   569   699   333   697     0   678   602   985     0 
  878   645   273   768   370   401   671   629   209  1246   403   312   670   532   752   402   914  1067   616   467   428   658   948   678     0  1089  1304     0 
  358   479   817   549   720   690   456   547  1011   485   693   926   505   834   538   724   326   386   482   702   843   431   342   602  1089     0   432     0 
  426   665  1039   563   950   942   640   676  1164   118   959  1056   634   884   572   902   392   242   787   845   942   714   356   985  1304   432     0     0 
    0     0     0     0     0     0     0     0     0     0     0     0     0     0     0     0     0     0     0     0     0     0     0     0     0     0     0     0 
