DIMENSION: 27
N: 15
M: 5
K: 2

SERVICE: 
99 251 65 260 150 184 221 136 204 170 220 144 383 196 317 

DIST MATRIX: 
    0   591   820   359   624   537   600   388   678   584   624  1207   428   390   699   596   155   850  1036   776   362   279   886  1111   696   178   829     0 
  286     0   465     1   305   272   262    86   331   229   318   887   110   291   420   286   241   691   739   447   297   380   696   770   495   242   667     0 
  786   321     0   501   311   433   287   482   207   276   335   499   444   665   381   340   728   717   453   229   693   805   668   326   553   732   698     0 
  522    28   285     0   296   365   229   286   227   143   326   765   264   372   432   304   501   774   666   361   399   629   753   610   576   458   751     0 
  674   465   325   432     0   173   217   354   232   304   124   509   322   712    13   154   553   340   328   165   724   538   310   461   164   658   319     0 
  323   319   461   109   253     0   233    35   313   238   256   839    65   395   344   227   224   587   676   405   397   311   598   741   395   303   564     0 
  328   298   447    94   246   187     0    14   300   220   251   833    49   384   344   221   237   598   673   397   387   331   606   731   404   303   574     0 
  201   331   551    88   376   319   341     0   413   315   384   962   173   280   478   353   160   715   806   523   275   322   730   852   527   169   692     0 
  590   407   329   349    98    89   161   270     0   247    67   586   239   633    75    86   471   384   411   193   643   469   368   520   187   573   361     0 
  575    73   258   313   316   397   251   336   231     0   347   741   311   413   446   328   555   795   656   357   442   680   769   579   599   510   772     0 
  368   251   395    99   209   177   174    42   250   166     0   795    16   384   322   189   289   603   642   356   392   384   604   686   404   334   579     0 
 1114   802   511   856   550   614   601   787   557   668   539     0   751  1113   451   570   996   494   117   421  1131   964   416   288   499  1092   493     0 
  186   594   780   346   561   459   551   345   632   553   556  1131     0   465   617   531   104   734   951   713   442   152   774  1052   591   253   714     0 
  180   512   803   366   672   626   626   440   686   576   684  1250   473     0   783   652   325  1012  1106   811   161   505  1032  1122   831   145   989     0 
  397   213   358   115   194   189   147    84   218   125   210   772    54   383     0   178   327   618   627   332   395   427   613   657   417   357   594     0 
  549   321   279   287    31    93    77   217   136   161    32   612   181   560   141     0   446   471   454   181   573   479   453   520   272   522   447     0 
  151   490   683   242   474   382   457   247   537   453   472  1054   286   387   545   446     0   707   881   627   369   189   738   964   544   190   685     0 
  855   792   654   692   479   429   545   604   572   631   448   625   588   982   352   471   707     0   432   489   984   596    78   676   201   867    24     0 
  998   693   413   739   434   499   485   670   445   555   423   200   635   999   336   454   881   432     0   308  1016   857   356   262   401   975   426     0 
  723   387   165   447   153   262   185   391   137   247   159   440   352   693   158   181   627   489   308     0   711   654   444   339   328   689   470     0 
  266   373   678   296   586   569   531   382   579   466   604  1144   405    35   711   573   369   984  1016   711     0   558   992  1003   790   190   960     0 
  325   625   751   381   510   392   518   345   600   544   497  1046   374   575   534   479   189   596   857   654   558     0   643   989   473   377   577     0 
  882   773   607   697   457   427   524   611   541   611   427   547   590   987   322   453   738    78   356   444   992   643     0   605   203   888    80     0 
 1053   638   325   770   491   598   512   724   440   547   497   189   684   978   462   520   964   676   262   339  1003   989   605     0   593  1012   666     0 
  685   592   488   495   284   228   348   409   385   433   253   599   389   786   172   272   544   201   401   328   790   473   203   593     0   687   178     0 
   79   438   701   242   544   487   504   305   572   467   553  1129   341   216   647   522   190   867   975   689   190   377   888  1012   687     0   844     0 
  833   769   635   668   456   405   522   581   551   608   425   621   564   958   330   447   685    24   426   470   960   577    80   666   178   844     0     0 
    0     0     0     0     0     0     0     0     0     0     0     0     0     0     0     0     0     0     0     0     0     0     0     0     0     0     0     0 
