DIMENSION: 37
N: 15
M: 10
K: 2

SERVICE: 
74 13 384 76 121 182 306 179 76 134 242 656 293 384 137 

DIST MATRIX: 
    0   704   759   535   159   667   335   535   638   419   494   263   702   588   224   302   250   405   925   559  1081   962   506   800   566   748    99   417  1007   709  1086   898   744   903   776   480   311     0 
  724     0   219   439   666   300   520   262    99   430   476   515   209   148   473   397   446   546   240   144   475   266   203   229   139   127   624   586   312   193   479   471   221   332   167   502   684     0 
 1056   323     0   687   988   525   821   544   396   720   759   831   425   451   804   727   777   829   118   470   365    68   526   352   468   303   952   864    23   382   366   510   372   360   320   765  1001     0 
  668   409   622     0   487   654   280   179   316   187   708   342   594   280   429   370   416   240   515   325   881   590   295   640   409   346   506   262   623   255   885   300   261   746   580   156   774     0 
  300   781   893   473     0   829   280   553   696   387   699   262   840   641   340   395   365   310   979   632  1214  1032   573   930   668   792   205   297  1075   729  1219   848   756  1041   893   396   545     0 
  832   425   197   815   889     0   822   635   501   765   380   780   215   529   670   625   646   875   528   487   303   478   529   201   406   533   813   916   507   608   307   879   635   173   261   859   662     0 
  108   698   763   508   124   677     0   519   629   394   514   238   707   577   216   293   244   374   916   551  1086   955   496   804   563   737    75   384  1000   694  1091   875   728   909   778   451   343     0 
  515   440   619    85   333   616   127     0   343    37   616   188   580   292   289   246   282   111   601   312   913   665   260   646   384   415   352   148   704   339   917   454   360   758   593    72   640     0 
  609   168   356   280   516   386   356    99     0   264   480   359   325    21   346   267   321   379   362    57   639   412    67   378   142   180   486   419   454   154   644   422   194   488   322   338   624     0 
  528   552   733   139   313   725   130   291   455     0   705   212   692   405   346   325   347    52   703   426  1026   771   374   759   497   520   360    54   808   439  1030   501   455   872   707    56   692     0 
  408   340   366   436   417   291   368   302   307   343     0   313   310   276   198   158   174   435   568   223   689   589   201   406   190   418   347   474   634   417   694   682   457   511   383   447   364     0 
  465   735   625   866   655   482   735   752   737   756   247     0   579   717   516   547   515   814   946   660   872   938   649   663   599   837   565   845   980   857   877  1131   897   716   684   855   211     0 
  964   461   249   884  1005   302   918   703   551   850   520   884     0   590   785   734   761   964   500   558   171   434   609   227   486   555   934  1005   452   640   175   890   660   129   288   938   802     0 
  922   235   190   668   893   332   756   496   332   667   574   746   238     0   688   617   661   782   208   377   250   149   436   153   341   292   842   822   179   384   254   606   394   169   136   736   833     0 
  264   486   503   488   327   405   356   400   443   375   255   280   446   404     0   168   133   434   714   358   822   737   322   544   337   556   241   466   782   543   827   789   583   644   527   473   241     0 
  343   405   498   320   278   444   212   248   336   209   382   155   445   286    79     0    55   283   623   257   819   662   204   535   276   446   226   320   707   412   824   634   449   645   499   310   404     0 
  288   454   531   361   244   465   224   303   389   245   371   152   477   340    27    55     0   301   675   308   854   712   257   570   320   500   181   335   757   467   859   686   504   679   539   341   359     0 
  475   547   716   165   263   698    79   289   452   116   665   161   672   398   298   283   301     0   712   413  1017   776   357   745   478   526   308    41   815   449  1021   538   469   857   694    86   641     0 
  958   228   354   569   878   485   706   429   288   604   699   719   381   341   701   623   675   712     0   367   432    83   420   332   378   187   847   747   108   264   435   415   254   377   283   647   923     0 
  593   150   308   329   522   330   380   148    85   297   427   371   273    58   335   257   308   413   367     0   604   406    59   334    85   198   483   453   450   197   609   474   237   446   282   380   586     0 
 1086   476   323   913  1096   427   982   736   573   900   666   961   379   622   881   819   854  1017   432   604     0   352   661   285   549   542  1034  1057   354   634     5   846   644   178   324   977   947     0 
  990   258   323   639   926   462   764   489   336   665   693   771   361   391   739   662   712   776    83   406   352     0   463   293   401   250   888   812    46   335   354   498   331   316   256   716   933     0 
  544   208   359   288   464   363   321   116   132   242   426   311   319    84   283   204   257   357   420    59   661   463     0   387   124   243   427   398   507   222   666   482   261   500   338   331   557     0 
  809   236    43   658   812   181   704   476   324   629   427   679    99   363   597   535   570   745   332   334   285   293   387     0   269   337   750   785   329   418   289   682   441   113    63   713   695     0 
  590   150   238   409   553   245   435   231   140   364   358   412   196   139   347   276   320   478   378    85   549   401   124   269     0   239   501   519   446   264   554   549   303   382   226   454   547     0 
  787   115   336   390   693   428   519   241   113   417   594   533   334   160   525   446   500   526   187   198   542   250   243   337   239     0   666   562   289    92   546   347   105   427   274   466   781     0 
  167   631   710   436    91   634   236   444   559   320   494   164   655   506   154   226   181   308   847   483  1034   888   427   750   501   666     0   323   933   621  1039   801   654   857   720   381   365     0 
  489   587   757   190   267   739   110   327   490   157   701   189   714   438   329   320   335    41   747   453  1057   812   398   785   519   562   323     0   851   483  1061   555   501   898   735   106   666     0 
 1035   303   361   675   970   502   805   529   379   705   735   814   401   434   784   707   757   815   108   450   354    46   507   329   446   289   933   851     0   370   355   511   362   340   297   753   978     0 
  754   183   411   304   637   485   451   178   125   346   621   476   400   142   491   412   467   449   264   197   634   335   222   418   264    92   621   483   370     0   637   286    40   513   355   383   778     0 
 1091   480   328   917  1101   432   987   740   578   905   671   966   384   626   886   824   859  1021   435   609     5   354   666   289   554   546  1039  1061   355   637     0   848   647   183   329   981   952     0 
  957   460   683   376   787   769   580   389   410   482   901   638   680   416   704   634   686   538   415   474   846   498   482   682   549   347   801   555   511   286   848     0   251   762   619   452  1029     0 
  791   211   438   317   667   518   477   210   162   370   660   507   430   182   527   449   504   469   254   237   644   331   261   441   303   105   654   501   362    40   647   251     0   532   378   399   818     0 
  908   337   148   767   922   252   817   587   430   742   496   791   202   473   705   645   679   857   377   446   178   316   500   113   382   427   857   898   340   513   183   762   532     0   167   825   775     0 
  791   174    71   601   777   206   658   420   264   578   441   638   105   306   566   499   539   694   283   282   324   256   338    63   226   274   720   735   297   355   329   619   378   167     0   659   696     0 
  548   501   688    83   346   688   145   240   404   104   686   223   650   355   344   310   341    86   647   380   977   716   331   713   454   466   381   106   753   383   981   452   399   825   659     0   694     0 
  254   697   653   720   453   523   562   640   670   603   283   480   598   637   351   404   359   641   923   586   947   933   557   695   547   781   365   666   978   778   952  1029   818   775   696   694     0     0 
    0     0     0     0     0     0     0     0     0     0     0     0     0     0     0     0     0     0     0     0     0     0     0     0     0     0     0     0     0     0     0     0     0     0     0     0     0     0 
