DIMENSION: 47
N: 15
M: 15
K: 2

SERVICE: 
278 62 567 203 365 122 430 140 299 30 314 161 210 118 343 

DIST MATRIX: 
    0   395   533   387   566   478   529   702   530   729    93   655   423   562   529   707   511   247   231   452   590   135   262   387   481   484   533   581   460   286   756   259   170   286   390   556   371   294   639   406   664   502   386   407   275   355   396     0 
  101     0   436    69   718   543   209   700   703   705   380   654   480   429   405   564   160   277   431   334   307   472   209   110   567   365   209   468    99   211   763   312   255   414    28   201   727   624   278   400   468   266    27    69   340   716   220     0 
  365   261     0   260   935   742   223   840   931   830   657   800   686   535   527   625   166   505   691   488   251   750   440   280   772   504   213   577   180   451   901   557   514   658   250   130  1005   887     4   596   504   354   256   237   581   992   395     0 
  273   318   705     0   978   812   412   972   959   975   577   926   749   692   671   818   332   300   666   605    80   653   260   168   835   633   406   733   240   478  1035   569   354   666   262   340   885   692   298   672   710   515   279   208   598   835   490     0 
  476   397    59   510     0   168   376   260   378   267   422   214   143   111    91   223   437   622   320   112   737   488   576   549   202    94   385   102   490   260   323   236   548   243   450   468   691   775   594    93   237   246   434   505   221   762   223     0 
  533   462   110   572   310     0   443   199   328   213   444   152   123   160   149   234   504   670   327   178   802   500   628   611   154   161   452   135   556   313   262   271   593   252   514   535   684   794   662   122   278   313   498   568   250   764   288     0 
  424   396   204   487   300   127     0   334   293   359   287   287    63   251   222   372   471   538   173   184   728   344   505   520   147   196   439   250   495   210   392   131   456    96   439   511   543   637   635    63   377   319   424   490   104   614   243     0 
  771   670   287   790   437   340   601     0   478    94   706   163   374   295   316   196   677   923   585   390  1000   758   875   832   356   358   609   254   751   560   152   533   849   512   726   694   917  1054   812   383   318   477   710   780   514  1011   503     0 
  418   464   405   513   334   273   552   501     0   535   139   458   234   449   418   575   567   461    37   362   748   153   455   531   267   384   559   453   555   278   549   178   377   109   487   612   344   450   723   261   572   470   476   525   166   411   369     0 
  746   666   282   781   316   248   624    21   359     0   634    65   297   310   321   267   694   882   503   379  1005   674   841   821   257   352   633   268   756   527    55   478   803   436   721   718   813   971   842   332   376   493   704   775   454   914   493     0 
  118    86   369   151   632   460   219   625   618   633     0   578   396   369   342   512   200   292   350   266   392   408   231   186   483   299   222   406   174   126   688   227   245   329   107   246   665   593   344   319   428   230    95   154   255   667   155     0 
  772   725   375   828   173   222   715   153   222   197   592     0   286   418   416   418   775   881   454   449  1064   609   852   863   207   432   724   381   821   554   146   478   798   404   774   807   702   900   933   359   512   584   758   827   449   816   554     0 
  546   451    64   568   394   213   403   215   416   209   507   177     0    91   100   145   472   699   402   166   787   572   650   610   244   135   412    53   537   336   276   321   627   326   507   497   768   860   621   177   192   272   490   561   307   843   280     0 
  403   322    89   434   415   217   311   335   420   341   382   289   171     0    85   260   367   554   300    43   663   458   505   474   249    50   320   136   415   191   398   190   483   227   375   400   679   734   527    85   236   186   359   429   183   737   148     0 
  789   696   309   814   399   324   636   104   442    62   702   139   366   325     0   242   710   934   576   411  1030   748   890   856   336   381   645   283   781   574   101   537   858   505   752   730   895  1045   850   388   363   509   736   806   515   994   526     0 
  630   507   175   629   519   353   417   272   547   241   640   257   354   148   180     0   496   796   544   260   823   711   741   673   383   226   425   126   578   441   318   449   732   467   564   508   913   993   621   315   123   303   549   616   439   985   357     0 
  261   116   412   185   769   577    80   686   765   681   513   645   521   386   373   496     0   433   533   326   328   608   364   225   606   346    74   429    99   290   749   395   415   495   137    46   864   782   164   431   381   201   133   162   418   866   229     0 
  180   336   640   253   787   662   486   866   757   883   326   818   599   650   620   796   433     0   449   540   378   381    69   226   674   574   486   682   345   363   926   407    85   479   296   469   592   395   506   549   719   522   303   278   434   535   441     0 
  393   431   372   485   339   255   516   484   308   515   138   439   210   415   384   544   533   449     0   326   722   173   437   505   254   349   523   420   524   243   534   142   364    77   456   578   379   470   690   229   537   433   445   496   128   441   333     0 
  381   288   103   403   458   260   268   368   463   370   394   324   213   113    81   260   326   540   326     0   627   476   488   444   292    35   277   142   379   180   432   203   473   256   343   358   705   744   485   125   216   142   326   397   202   756   115     0 
  330   341   724   242  1024   850   407   996  1008   995   641   951   787   706   688   823   328   378   722   627     0   721   334   217   874   653   400   748   249   518  1059   615   427   716   290   324   958   772   254   706   709   523   306   238   644   912   515     0 
  400   494   537   507   469   425   612   654   428   687    95   610   383   575   543   711   608   381   173   476   721     0   396   513   420   503   618   586   571   343   702   273   305   248   500   654   256   297   749   396   691   558   493   525   275   281   451     0 
  115   268   589   185   770   631   418   826   743   840   328   778   567   596   567   741   364    69   437   488   334   396     0   160   646   522   417   630   277   316   888   375    94   457   228   400   625   452   441   509   658   459   235   209   403   580   384     0 
  114   166   546    44   811   644   294   809   793   814   428   762   581   539   515   673   225   226   505   444   217   513   160     0   666   475   291   578   128   310   872   402   240   500   109   253   758   611   281   505   573   372   124    63   430   728   330     0 
  570   539   258   634   166    33   557   237   176   274   390   197    87   310   293   383   606   674   254   292   874   420   646   666     0   288   566   288   638   357   282   272   590   198   585   643   561   717   769   175   431   434   569   636   244   658   378     0 
  415   316    72   433   454   255   282   343   462   342   424   300   216    79    47   226   346   574   349    35   653   503   522   475   288     0   292   108   404   215   406   232   507   276   371   375   728   775   501   134   189   152   355   426   228   783   145     0 
  308   151   354   249   731   535     9   627   731   618   523   587   483   323   313   425    74   486   523   277   400   618   417   291   566   292     0   365   170   282   688   382   458   476   191    85   872   815   210   392   309   141   182   228   401   886   198     0 
  522   416    49   536   443   256   356   264   463   253   514   228   242    43    63   126   429   682   420   142   748   586   630   578   288   108   365     0   498   321   324   323   614   344   472   451   793   867   574   191   143   227   456   526   313   861   251     0 
  188    99   474    92   795   612   175   747   784   746   479   703   551   457   439   578    99   345   524   379   249   571   277   128   638   404   170   498     0   292   810   397   341   500    71   125   825   713   179   465   469   276    80    68   424   813   268     0 
  220   195   278   277   506   335   276   512   493   525   250   465   271   293   261   441   290   363   243   180   518   343   316   310   357   215   282   321   292     0   575   106   293   208   232   335   594   580   449   198   382   218   217   280   131   620   110     0 
  795   719   337   833   312   279   679    63   358    77   668   110   334   366   376   318   749   926   534   432  1059   702   888   872   282   406   688   324   810   575     0   520   846   471   773   773   826   999   897   378   430   548   757   828   495   932   545     0 
  300   300   275   374   409   256   374   461   392   482   192   413   193   307   274   449   395   407   142   203   615   273   375   402   272   232   382   323   397   106   520     0   326   103   334   439   511   544   555   150   419   294   321   380    29   555   191     0 
  155   307   570   254   702   579   457   787   671   806   243   739   517   585   554   732   415    85   364   473   427   305    94   240   590   507   458   614   341   293   846   326     0   395   280   456   531   373   514   471   663   472   282   277   352   490   382     0 
  394   403   296   474   314   192   468   417   293   446   198   371   139   340   309   467   495   479    77   256   716   248   457   500   198   276   476   344   500   208   471   103   395     0   436   538   452   542   657   152   463   374   423   482    77   518   280     0 
  125    57   443    65   737   560   193   710   724   713   408   665   498   432   410   564   137   296   456   343   290   500   228   109   585   371   191   472    71   232   773   334   280   436     0   176   755   650   249   416   464   263    16    54   361   744   228     0 
  302   161   438   217   807   613    94   712   804   703   559   672   558   408   398   508    46   469   578   358   324   654   400   253   643   375    85   451   125   335   773   439   456   538   176     0   910   825   127   468   389   225   175   193   461   911   268     0 
  649   750   747   757   532   580   867   792   483   833   351   757   561   792   762   913   864   592   379   705   958   256   625   758   561   728   872   793   825   594   826   511   531   452   755   910     0   302  1004   604   915   804   749   776   505   136   698     0 
  525   668   819   627   749   723   812   951   704   984   354   908   680   851   818   993   782   395   470   744   772   297   452   611   717   775   815   867   713   580   999   544   373   542   650   825   302     0   887   683   958   795   650   650   555   183   690     0 
  365   260   564   261   932   739   219   836   928   826   656   797   684   532   523   621   164   506   690   485   254   749   441   281   769   501   210   574   179   449   897   555   514   657   249   127  1004   887     0   594   500   351   256   237   579   992   392     0 
  419   368   144   469   339   147   383   317   340   334   330   269    91   189   160   315   431   549   229   125   706   396   509   505   175   134   392   191   465   198   378   150   471   152   416   468   604   683   594     0   314   265   400   468   131   670   202     0 
  544   408   178   529   586   399   301   378   606   354   610   352   380   127   154   123   381   719   537   216   709   691   658   573   431   189   309   143   469   382   430   419   663   463   464   389   915   958   500   314     0   202   449   513   417   972   282     0 
  344   207   213   328   600   402   131   487   604   479   467   447   355   185   173   303   201   522   433   142   523   558   459   372   434   152   141   227   276   218   548   294   472   374   263   225   804   795   351   265   202     0   248   314   305   837   108     0 
  128    41   426    80   723   544   183   694   710   696   400   648   482   416   394   549   133   303   445   326   306   493   235   124   569   355   182   456    80   217   757   321   282   423    16   175   749   650   256   400   449   248     0    71   348   741   211     0 
  129   110   497    25   786   611   231   764   772   767   436   719   549   486   464   616   162   278   496   397   238   525   209    63   636   426   228   526    68   280   828   380   277   482    54   193   776   650   237   468   513   314    71     0   408   757   282     0 
  329   326   264   402   381   228   393   437   364   459   201   389   166   301   268   439   418   434   128   202   644   275   403   430   244   228   401   313   424   131   495    29   352    77   361   461   505   555   579   131   417   305   348   408     0   555   206     0 
  627   750   813   735   651   672   881   893   602   932   370   855   643   854   822   985   866   535   441   756   912   281   580   728   658   783   886   861   813   620   932   555   490   518   744   911   136   183   992   670   972   837   741   757   555     0   729     0 
  273   174   217   289   540   349   189   482   537   485   359   437   292   214   187   357   229   441   333   115   515   451   384   330   378   145   198   251   268   110   545   191   382   280   228   268   698   690   392   202   282   108   211   282   206   729     0     0 
    0     0     0     0     0     0     0     0     0     0     0     0     0     0     0     0     0     0     0     0     0     0     0     0     0     0     0     0     0     0     0     0     0     0     0     0     0     0     0     0     0     0     0     0     0     0     0     0 
