DIMENSION: 27
N: 15
M: 5
K: 2

SERVICE: 
99 251 65 260 150 184 221 136 204 170 220 144 383 196 317 

DIST MATRIX: 
    0   591   820   359   624   537   600   388   678   584   624  1207   428   390   699   715  1181   155   469  1117   512   985   511    41  1118   178   801     0 
  286     0   465     1   305   272   262    86   331   229   318   887   110   291   420   357   889   326   236   838   199   729   287   370   791   242   444     0 
  786   321     0   501   311   433   287   482   207   276   335   499   444   665   381   147   576   814   489   571   413   551   534   872   392   732   103     0 
  522    28   285     0   296   365   229   286   227   143   326   765   264   372   432   156   810   537   381   781   120   711   247   612   659   458   208     0 
  674   465   325   432     0   173   217   354   232   304   124   509   322   712    13   353   473   737   239   413   510   297   651   737   435   658   431     0 
  323   319   461   109   253     0   233    35   313   238   256   839    65   395   344   375   824   383   134   767   291   648   393   393   748   303   471     0 
  328   298   447    94   246   187     0    14   300   220   251   833    49   384   344   357   822   384   144   766   271   650   376   401   741   303   453     0 
  201   331   551    88   376   319   341     0   413   315   384   962   173   280   478   444   955   251   268   900   266   783   321   284   868   169   531     0 
  590   407   329   349    98    89   161   270     0   247    67   586   239   633    75   325   557   652   157   498   442   381   580   653   505   573   414     0 
  575    73   258   313   316   397   251   336   231     0   347   741   311   413   446   134   795   588   421   772   165   712   278   666   635   510   163     0 
  368   251   395    99   209   177   174    42   250   166     0   795    16   384   322   303   792   417   155   740   236   630   355   446   700   334   399     0 
 1114   802   511   856   550   614   601   787   557   668   539     0   751  1113   451   627    35  1174   681    75   877   212  1018  1179   188  1092   641     0 
  186   594   780   346   561   459   551   345   632   553   556  1131     0   465   617   689  1093   264   389  1025   529   888   560   168  1048   253   782     0 
  180   512   803   366   672   626   626   440   686   576   684  1250   473     0   783   679  1255   100   573  1204   419  1089   349   220  1151   145   744     0 
  397   213   358   115   194   189   147    84   218   125   210   772    54   383     0   262   777   441   181   729   208   625   336   478   676   357   357     0 
  640   184   129   356   228   337   179   345   122   137   259   610   310   525   342     0   662   667   381   639   272   585   403   726   504   585    99     0 
 1146   837   545   889   584   646   635   819   592   703   572   152   784  1148   482   662     0  1206   712    83   911   230  1053  1210   213  1125   674     0 
   83   515   785   326   627   566   588   387   656   550   635  1212   424   250   727   667  1206     0   507  1150   426  1029   389   126  1117    84   742     0 
  440   389   431   237   186    70   204   150   282   256   173   742   139   527   230   381   712   507     0   649   388   523   509   499   660   432   479     0 
 1087   807   531   839   535   586   591   765   557   665   520   219   731  1106   423   639    83  1150   649     0   876   149  1019  1148   249  1070   664     0 
  421    94   401   198   360   393   295   258   320   213   386   876   252   253   497   272   911   426   388   876     0   794   143   512   771   351   326     0 
  962   735   499   729   437   464   500   650   484   581   416   340   619  1008   309   585   230  1029   523   149   794     0   937  1018   330   951   631     0 
  412   219   532   286   502   525   437   365   462   356   527  1012   371   155   638   403  1053   389   509  1019   143   937     0   499   906   334   438     0 
   91   594   835   371   647   565   620   408   695   599   649  1232   447   371   728   726  1210   126   499  1148   512  1018   499     0  1142   166   810     0 
 1068   687   377   791   495   590   528   735   465   577   495   107   696  1019   439   504   213  1117   660   249   771   330   906  1142     0  1033   495     0 
   79   438   701   242   544   487   504   305   572   467   553  1129   341   216   647   585  1125    84   432  1070   351   951   334   166  1033     0   661     0 
  721   232   133   443   320   434   276   440   210   234   349   601   406   575   420    99   674   742   479   664   326   631   438   810   495   661     0     0 
    0     0     0     0     0     0     0     0     0     0     0     0     0     0     0     0     0     0     0     0     0     0     0     0     0     0     0     0 
