DIMENSION: 27
N: 15
M: 5
K: 2

SERVICE: 
224 289 314 199 415 112 374 191 432 223 315 221 354 436 241 

DIST MATRIX: 
    0   742   447   468   373   571   391   650   387   211   553   427   461   412   202   648   772   295   442  1009   671   885   298   582   481   357   884     0 
  812     0   643   640   870   578   735   586   735   924   629   726   572   660   928   432   495  1069   726   214   336   433   885   532   571   781   747     0 
   93   658     0   333   248   435   254   624   249    99   416   289   398   279    92   585   732   403   304   929   578   836   174   450   425   219   747     0 
  370   278   197     0   426   178   288   477   287   475   225   284   269   210   480   316   499   720   288   532   185   548   436   131   295   333   523     0 
  467   452   243   224     0   121   312   690   315   529   152   284   478   279   536   523   701   886   275   658   370   733   459   116   507   358   311     0 
  289   375    94    97   324     0   186   532   186   382   145   182   293   112   388   390   575   684   186   633   281   635   336    88   326   232   487     0 
  482   898   442   429   267   453     0  1018   378   403   402   356   762   452   412   904  1086   898   345  1147   804  1157   331   503   797   355   454     0 
  607   145   545   558   755   561   621     0   618   736   607   633   279   538   737    91   126   720   642   294   209   171   736   515   256   654   887     0 
  544   938   489   474   329   487   427  1071     0   468   436   406   815   503   476   951  1134   963   394  1180   844  1201   394   537   850   412   435     0 
  143   591   344   367   352   466   314   513   309     0   460   352   310   306   217   497   629   315   368   857   521   738   285   468   331   296   813     0 
  322   780   316   310   109   364   234   871   237   246     0   227   615   317   255   769   947   742   221  1041   686  1026   170   409   650   205   498     0 
  144   433   172   196   302   283   192   461   187   270   290     0   207   138   271   378   545   495   236   706   350   636   269   276   241   206   651     0 
  657    87   551   559   775   538   636   319   634   783   588   640     0   553   784   180   235   830   647   195   181   213   768   489   341   675   826     0 
  481   873   422   408   266   424   360  1004   365   412   373   339   748     0   421   885  1068   908   327  1118   779  1135   335   474   783   347   413     0 
  338   843   382   379   154   444   293   908   295   234   395   294   655   376     0   820   993   720   292  1108   750  1078   183   487   689   255   579     0 
  516   147   463   477   668   490   535   181   532   645   533   549   188   453   645     0   185   650   559   368   166   259   646   447   168   567   833     0 
  675   270   646   661   843   675   714   136   711   804   718   730   341   634   803   185     0   705   741   347   333   122   815   631   309   743  1011     0 
  456   781   655   679   651   775   630   569   625   496   774   667   499   618   487   650   705     0   683  1013   740   827   577   770   498   608  1128     0 
  229   560    97    89   147   161    54   679    59   258   123    17   423   109   266   559   741   683     0   819   466   812   184   198   459    87   447     0 
  849   273   726   731   954   694   815   468   814   973   745   815   549   733   975   368   347  1013   819     0   361   252   953   644   534   857   928     0 
  493    94   370   378   596   362   457   346   455   614   410   460   241   374   617   166   333   740   466   361     0   366   592   314   245   497   678     0 
  772   281   715   728   926   726   792   258   789   901   773   803   439   709   901   259   122   827   812   252   366     0   904   679   411   825  1035     0 
  156   683   244   252    76   343   154   726   153    88   307   176   475   226    98   646   815   577   184   953   592   904     0   374   508   106   597     0 
  359   405   138   124   345    49   221   602   222   434   101   201   374   171   441   447   631   770   198   644   314   679   374     0   405   269   404     0 
  366   284   371   391   543   438   423   221   419   495   468   445    35   350   494   168   309   498   459   534   245   411   508   405     0   445   809     0 
  153   590   139   146   101   239    48   666    47   172   208    75   410   124   180   567   743   608    87   857   497   825   106   269   445     0   528     0 
  675   754   480   455   526   376   500  1000   505   684   361   463   778   516   693   833  1011  1128   447   928   678  1035   597   404   809   528     0     0 
    0     0     0     0     0     0     0     0     0     0     0     0     0     0     0     0     0     0     0     0     0     0     0     0     0     0     0     0 
