DIMENSION: 27
N: 15
M: 5
K: 2

SERVICE: 
217 133 211 203 342 286 141 301 284 345 378 170 144 302 159 

DIST MATRIX: 
    0   226   554   218   499    97   371   807   376   136   107   348   159   408   221   276   202   515   686   455   488   205   540   793   343   493   492     0 
  328     0   271   379   551   261    75   480   578   320   305   144   201   538   142    90   510   530   434   130   583   562   501   456   339   667   507     0 
  622   540     0   671   674   651   453   460   822   660   663   403   588   736   527   504   846   895   602   407   734   948   845   412   731   864   876     0 
  238   487   552     0   144   414   613  1021    86   295   332   429   420    24   443   528   275   914   980   682    95   464   927   991   725   115   890     0 
   60   189   384   108     0   142   322   751   310    73    90   190   125   288   146   232   259   638   686   398   352   372   642   726   441   408   614     0 
  388   156   332   436   625     0     6   434   638   367   345   221   235   605   185   104   550   465   362    78   654   577   431   416   284   732   444     0 
  413   245   210   465   594   371     0   402   656   419   408   190   310   602   249   201   612   598   410   118   635   673   557   372   422   735   577     0 
  858   609   730   901  1104   713   483     0  1104   820   791   695   684  1082   651   565   978   442   124   430  1133   936   365   341   466  1205   443     0 
   92   222   471    97   376   118   369   807     0    15    36   272   143   295   191   272   181   617   721   451   370   285   631   786   429   396   593     0 
  351   556   755   299   409   436   705  1143   179     0   366   583   477   287   527   608   169   867  1049   786   353   297   902  1121   711   251   846     0 
  341   567   730   289   351   455   712  1145   127   352     0   571   488   233   533   616   203   910  1065   791   291   357   941  1121   745   181   888     0 
  386   329    43   436   481   425   291   525   597   425   429     0   364   520   306   306   610   755   575   289   533   716   721   485   567   652   733     0 
   39   214   411    79   331   148   351   781   282    52    81   219     0   268   173   259   229   650   713   427   335   351   657   757   455   384   626     0 
  344   539   752   293   425   416   689  1128   196   331   350   575   460     0   512   591   147   839  1028   771   372   265   875  1107   686   277   818     0 
  260   142   505   282   553    73   272   700   466   189   152   304   110   480     0   185   312   431   574   354   553   300   445   689   244   580   407     0 
  293    52   349   338   551   183    98   538   541   264   241   179   131   517    86     0   446   471   454   181   573   479   453   520   272   640   447     0 
  226   394   638   183   405   269   544   983   212   193   206   448   315   287   370   446     0   707   881   627   369   189   738   964   544   327   685     0 
  689   479   797   713   980   503   464   657   890   620   583   650   515   911   526   471   707     0   432   489   984   596    78   676   201  1007    24     0 
  746   500   606   792   984   613   367   233   995   714   687   574   578   967   540   454   881   432     0   308  1016   857   356   262   401  1093   426     0 
  456   233   328   506   677   364    84   357   706   441   421   266   312   667   259   181   627   489   308     0   711   654   444   339   328   797   470     0 
  296   537   536   273    66   481   650  1036   176   365   402   448   477    83   490   573   369   984  1016   711     0   558   992  1003   790   140   960     0 
  367   430   751   340   591   302   571   999   398   300   288   546   364   476   427   479   189   596   857   654   558     0   643   989   473   509   577     0 
  696   470   762   725   983   514   431   584   911   632   596   630   517   923   518   453   738    78   356   444   992   643     0   605   203  1026    80     0 
  781   572   500   833   957   702   423    48  1027   776   758   562   650   973   595   520   964   676   262   339  1003   989   605     0   593  1106   666     0 
  494   278   610   522   783   311   282   588   710   430   394   451   316   720   324   272   544   201   401   328   790   473   203   593     0   824   178     0 
  348   597   661   307   206   514   727  1137   118   396   431   544   527   133   554   640   327  1007  1093   797   140   509  1026  1106   824     0   984     0 
  665   455   775   689   956   479   442   649   867   596   559   626   491   888   502   447   685    24   426   470   960   577    80   666   178   984     0     0 
    0     0     0     0     0     0     0     0     0     0     0     0     0     0     0     0     0     0     0     0     0     0     0     0     0     0     0     0 
