DIMENSION: 27
N: 15
M: 5
K: 2

SERVICE: 
74 13 384 76 121 182 306 179 76 134 242 656 293 384 137 

DIST MATRIX: 
    0   704   759   535   159   667   335   535   638   419   494   263   702   588   224   661   798   688   548   340   384   902   443   113   833   480  1185     0 
  724     0   219   439   666   300   520   262    99   430   476   515   209   148   473   411   526   196   402   390   311   556   692   584   234   502   557     0 
 1056   323     0   687   988   525   821   544   396   720   759   831   425   451   804   603   648   426   649   718   643   618   987   916   318   765   382     0 
  668   409   622     0   487   654   280   179   316   187   708   342   594   280   429    57   199   577    58   497   381   297   849   530   647   156   953     0 
  300   781   893   473     0   829   280   553   696   387   699   262   840   641   340   605   713   823   501   501   492   823   676   291   958   396  1312     0 
  832   425   197   815   889     0   822   635   501   765   380   780   215   529   670   817   940   232   784   511   534   969   588   737   221   859   409     0 
  108   698   763   508   124   677     0   519   629   394   514   238   707   577   216   636   770   692   523   346   380   875   473   116   836   451  1189     0 
  515   440   619    85   333   616   127     0   343    37   616   188   580   292   289   212   348   561   100   390   288   451   728   381   662    72   996     0 
  609   168   356   280   516   386   356    99     0   264   480   359   325    21   346   284   423   307   246   317   206   482   663   463   391   338   723     0 
  528   552   733   139   313   725   130   291   455     0   705   212   692   405   346   263   363   674   175   475   386   473   792   413   776    56  1109     0 
  408   340   366   436   417   291   368   302   307   343     0   313   310   276   198   503   655   294   419    62    89   730   400   282   439   447   792     0 
  465   735   625   866   655   482   735   752   737   756   247     0   579   717   516   949  1102   577   856   412   530  1180    78   480   701   855   979     0 
  964   461   249   884  1005   302   918   703   551   850   520   884     0   590   785   866   974   311   850   633   639   988   729   862   223   938   272     0 
  922   235   190   668   893   332   756   496   332   667   574   746   238     0   688   620   707   244   630   574   524   707   805   791   118   736   322     0 
  264   486   503   488   327   405   356   400   443   375   255   280   446   404     0   583   735   432   482    86   184   823   316   159   579   473   928     0 
  723   405   626   132   544   669   337   205   317   242   741   398   603   290   480     0   153   586   113   538   419   244   892   583   644   211   936     0 
  862   517   745   263   669   804   465   354   441   382   891   535   729   425   628   153     0   713   257   691   572   110  1044   727   751   323  1009     0 
  696   208    71   584   704   109   607   403   272   541   333   576    18   297   487   586   713     0   552   349   332   750   563   577   147   631   497     0 
  610   400   602    38   433   622   227   149   303   129   661   285   570   260   372   113   257   552     0   446   331   355   795   472   634   119   952     0 
  349   401   420   458   380   332   361   343   365   355   231   296   363   330   164   538   691   349   446     0   120   771   355   230   495   458   846     0 
  414   320   401   347   374   353   290   223   264   256   331   246   349   221   164   419   572   332   331   120     0   651   475   273   466   359   821     0 
  965   545   772   367   777   848   571   429   484   484   960   638   764   480   724   244   110   750   355   771   651     0  1126   827   767   432   992     0 
  388   705   617   803   578   477   664   698   697   690   230   584   567   673   446   892  1044   563   795   355   475  1126     0   404   696   788   993     0 
  147   593   648   465   179   561   283   438   530   345   408   202   592   481   117   583   727   577   472   230   273   827   404     0   721   424  1074     0 
  843   239    80   670   840   219   726   489   332   647   466   704   136   375   626   644   751   147   634   495   466   767   696   721     0   728   355     0 
  548   501   688    83   346   688   145   240   404   104   686   223   650   355   344   211   323   631   119   458   359   432   788   424   728     0  1057     0 
 1192   556   426   990  1195   535  1072   818   653   986   774  1056   483   705   982   936  1009   497   952   846   821   992   993  1074   355  1057     0     0 
    0     0     0     0     0     0     0     0     0     0     0     0     0     0     0     0     0     0     0     0     0     0     0     0     0     0     0     0 
