DIMENSION: 37
N: 15
M: 10
K: 2

SERVICE: 
196 443 380 481 396 120 81 250 209 183 268 188 471 321 490 

DIST MATRIX: 
    0   379   392   510   199   359   458   328   431   585   827   418   114   395   532   577   258   586   538   421   349   543   782   581   400   630   365   682   408   203   358   556   266   574   213   468   794     0 
  807     0   569   262   832   974   769   495   487    54   331   785   679   763   359   211   767   194   219   846   885   834   169   165   747   166   620    91   256   726   339   833   467   261   746   602   491     0 
  489   250     0   260   513   662   555   263   342   268   551   549   370   524   334   290   479   306   253   593   596   636   467   292   515   330   386   372   130   430   153   641   215   322   449   424   589     0 
  664   203   692     0   749   914   870   270   642   290   652   862   644   837   582   112   773   464   108   902   885   951   348   436   829   174   364   413   380   720   448   956   530   517   737   307   785     0 
  254   254   649   656     0   559   740   189   662   622   948   702   396   679   715   529   537   704   495   702   611   826   773   688   683   596   114   747   528   484   522   839   488   719   491   227   979     0 
  195   638   562   772    94     0   518   576   635   873  1088   458   263   448   771   863   282   856   824   411   260   581  1071   856   464   918   560   965   687   272   624   599   507   834   258   674  1017     0 
  596   808   277   596   448   418     0   776   368   807   846    67   368    92   529   899   236   687   865    81   238    92  1013   703   100   925   840   835   598   283   513   110   402   631   280   935   684     0 
  432   253   359   295   454   604   521     0   336   327   598   510   313   485   356   341   427   352   303   549   543   605   526   341   478   385   365   429   171   377   164   611   186   359   396   418   618     0 
  765   794   199   402   656   688   240   788     0   642   571   299   510   297   304   784   447   475   758   373   513   243   824   500   276   787   888   625   470   461   402   231   367   409   472   957   380     0 
  577   227   480   282   620   774   664   268   428     0   520   662   484   638   377   173   597   292   137   709   714   743   362   268   627   213   397   307   168   547   234   747   326   330   567   402   605     0 
 1127   759   798   486  1139  1271   992   815   705   378     0  1022   978  1004   543   495  1045   394   518  1093  1161  1039   261   386   985   428   937   269   547  1012   618  1034   746   442  1032   905   505     0 
  477   569   100   373   381   450   194   546   178   562   663     0   224   164   334   646   201   465   612   243   307   278   771   476   153   673   629   606   350   191   265   286   149   421   207   712   558     0 
  680   522   253    68   641   748   451   537   163   305   356   477     0   458    59   453   508   157   431   546   620   510   495   174   440   451   659   306   155   482   136   508   227   107   502   698   322     0 
  217   566   416   631    69   176   392   512   487   749   945   336   122     0   626   761   150   718   721   306   184   464   953   719   335   811   529   833   554   127   486   481   364   691   116   639   869     0 
  646   821   251   565   504   485    60   794   335   786   798   101   407   120     0   891   287   653   858   148   304    29   988   672   115   912   867   804   582   327   498    45   399   595   328   957   626     0 
  712   276   645   397   776   935   834   340   583   184   542   834   651   810   501     0   768   367    39   882   884   911   248   338   799    69   451   302   317   718   396   914   498   425   737   410   686     0 
  360   621   294   561   219   251   242   578   379   720   861   186   145   171   533   768     0   652   730   166   119   315   930   659   185   808   623   784   511    56   431   332   302   614    46   726   757     0 
  776   518   410    93   762   884   608   552   319   189   246   633   596   614   171   367   652     0   357   701   767   664   349    30   596   344   680   152   182   621   232   661   356    67   641   694   321     0 
  673   245   614   379   736   896   801   307   555   183   547   799   612   775   481    39   730   357     0   846   846   878   279   328   764   102   422   309   289   680   365   882   463   412   698   388   678     0 
  522   767   295   609   370   337   133   730   390   805   879    77   307    90   554   882   166   701   846     0   157   173  1014   715   110   913   785   846   593   219   508   191   387   651   212   884   733     0 
  398   724   391   675   237   181   280   676   481   839   970   218   243   216   641   884   119   767   846   157     0   329  1049   775   237   926   707   901   630   167   549   347   420   727   148   814   851     0 
  674   846   268   578   532   510    87   821   348   802   801   130   435   149   499   911   315   664   878   173   329     0  1002   684   143   930   895   815   600   356   516    18   421   604   356   984   622     0 
  938   524   738   427   979  1129   938   585   655   210   401   953   835   931   520   248   930   349   279  1014  1049  1002     0   324   916   179   700   205   422   887   506  1001   632   416   907   655   607     0 
  769   495   426   107   762   887   625   531   337   159   259   648   597   628   196   338   659    30   328   715   775   684   324     0   611   314   660   132   174   626   233   682   360    95   646   670   349     0 
  538   712   187   504   404   413    59   683   281   709   769    38   294    22   445   799   185   596   764   110   237   143   916   611     0   825   753   742   499   218   413   156   301   543   221   844   625     0 
  773   345   662   390   829   986   856   408   593   155   494   861   697   837   493    69   808   344   102   913   926   930   179   314   825     0   520   255   330   760   414   932   526   407   779   478   655     0 
  367   178   693   646   503   668   808   129   691   571   916   775   479   752   718   451   623   680   422   785   707   895   700   660   753   520     0   701   516   568   528   906   522   705   578   114   975     0 
  861   525   558   239   871  1004   757   573   469   131   240   780   711   759   322   302   784   152   309   846   901   815   205   132   742   255   701     0   279   747   353   813   482   216   768   689   412     0 
  595   369   332   130   592   726   527   390   267   212   428   536   432   513   213   317   511   182   289   593   630   600   422   174   499   330   516   279     0   471    86   602   211   191   492   546   460     0 
  320   565   291   531   195   266   277   522   366   678   839   226    89   208   513   718    56   621   680   219   167   356   887   626   218   760   568   747   471     0   394   371   266   588    20   670   748     0 
  552   403   250   152   530   654   442   410   194   297   469   450   363   427   193   396   431   232   365   508   549   516   506   233   413   414   528   353    86   394     0   519   129   216   415   575   458     0 
  690   855   269   576   549   528    98   830   346   802   794   146   450   164   494   914   332   661   882   191   347    18  1001   682   156   932   906   813   602   371   519     0   427   601   372   994   611     0 
  461   436   175   267   415   528   340   423   175   423   581   337   244   312   269   498   302   356   463   387   420   421   632   360   301   526   522   482   211   266   129   427     0   327   286   592   529     0 
  768   551   357    65   741   853   551   578   263   253   255   581   571   562   107   425   614    67   412   651   727   604   416    95   543   407   705   216   191   588   216   601   327     0   607   728   275     0 
  318   580   306   551   185   247   280   535   384   698   858   227   101   209   532   737    46   641   698   212   148   356   907   646   221   779   578   768   492    20   415   372   286   607     0   681   765     0 
  481   177   767   674   615   782   898   169   753   558   918   869   581   845   757   410   726   694   388   884   814   984   655   670   844   478   114   689   546   670   575   994   592   728   681     0  1003     0 
  990   826   463   330   929  1008   606   850   382   503   237   656   760   646   266   686   757   321   678   733   851   622   607   349   625   655   975   412   460   748   458   611   529   275   765  1003     0     0 
    0     0     0     0     0     0     0     0     0     0     0     0     0     0     0     0     0     0     0     0     0     0     0     0     0     0     0     0     0     0     0     0     0     0     0     0     0     0 
