DIMENSION: 37
N: 15
M: 10
K: 2

SERVICE: 
278 62 567 203 365 122 430 140 299 30 314 161 210 118 343 

DIST MATRIX: 
    0   395   533   387   566   478   529   702   530   729    93   655   423   562   529   428   415    28   313   372   241   296   174   329   518   314   322   152   169   433   204   224   244   616   748   355   626     0 
  101     0   436    69   718   543   209   700   703   705   380   654   480   429   405   314   753   343   103   390   159   304   515   138   617   292   643   500   205   531   320   158   557   259   895   716   276     0 
  365   261     0   260   935   742   223   840   931   830   657   800   686   535   527   479  1029   619   356   599   427   509   792   369   821   516   917   778   483   746   580   424   830   100  1098   992    77     0 
  273   318   705     0   978   812   412   972   959   975   577   926   749   692   671   585   934   493   373   659   408   277   693   410   884   560   839   672   420   796   563   307   756   362  1160   835   227     0 
  476   397    59   510     0   168   376   260   378   267   422   214   143   111    91   128   659   503   346   128   344   670   514   306   243   191   546   520   389   201   291   488   484   508   507   762   644     0 
  533   462   110   572   310     0   443   199   328   213   444   152   123   160   149   193   642   535   406   153   397   720   521   366   189   237   534   530   435   168   321   540   481   575   443   764   711     0 
  424   396   204   487   300   127     0   334   293   359   287   287    63   251   222   178   514   383   318    40   284   589   367   286   196   130   399   375   303   111   171   419   335   562   474   614   668     0 
  771   670   287   790   437   340   601     0   478    94   706   163   374   295   316   414   861   798   637   416   644   970   775   595   355   492   765   786   690   395   584   787   725   716   470  1011   877     0 
  418   464   405   513   334   273   552   501     0   535   139   458   234   449   418   346   328   255   370   228   303   514   168   358   296   239   210   179   270   221   144   385   135   670   517   411   736     0 
  746   666   282   781   316   248   624    21   359     0   634    65   297   310   321   398   751   734   617   359   610   932   686   577   245   450   660   700   646   301   523   753   628   750   353   914   900     0 
  118    86   369   151   632   460   219   625   618   633     0   578   396   369   342   243   684   299    20   306    81   330   451    61   533   207   571   438   145   446   239   154   485   306   810   667   354     0 
  772   725   375   828   173   222   715   153   222   197   592     0   286   418   416   461   629   703   658   373   632   934   612   621   166   472   553   630   649   254   508   767   540   847   190   816   982     0 
  546   451    64   568   394   213   403   215   416   209   507   177     0    91   100   189   731   588   412   213   420   746   597   371   275   273   620   603   469   259   376   563   563   530   511   843   678     0 
  403   322    89   434   415   217   311   335   420   341   382   289   171     0    85    53   657   451   271   111   275   601   488   231   295   133   540   491   325   234   247   418   470   444   569   737   573     0 
  789   696   309   814   399   324   636   104   442    62   702   139   366   325     0   434   834   799   656   418   658   983   762   616   328   502   742   775   700   378   585   802   707   755   420   994   913     0 
  357   269   127   383   461   265   262   387   463   391   372   342   214   138   107     0   672   429   223   138   235   560   489   182   344   117   555   488   293   276   238   376   480   395   619   736   521     0 
  685   770   717   791   456   531   874   731   407   774   373   699   521   765   736   672     0   441   676   546   603   694   242   673   507   567   118   262   548   477   463   635   201   986   577   232  1028     0 
  256   379   539   365   588   494   517   716   553   742   116   669   438   565   532   429   441     0   301   382   231   269   201   319   537   318   349   179   158   451   214   201   272   599   772   373   604     0 
  136    94   349   170   614   440   216   605   601   612   308   558   377   350   323   223   676   301     0   287    75   347   445    41   513   188   562   434   144   427   226   168   476   311   792   666   368     0 
  400   362   178   457   336   153   391   343   332   363   295   295    91   222   191   138   546   382   287     0   260   574   387   253   228   100   430   392   287   147   168   399   362   523   507   635   632     0 
  140   167   360   215   571   410   289   596   552   609   233   548   346   372   341   235   603   231    75   260     0   326   371    88   479   162   490   359    73   389   162   144   404   386   752   592   433     0 
  214   365   686   269   840   714   512   916   810   933   378   868   651   694   665   560   694   269   347   574   326     0   464   386   771   482   614   440   287   680   426   183   540   534  1025   566   463     0 
  443   537   565   550   464   439   653   666   421   701   137   624   402   605   573   489   242   201   445   387   371   464     0   448   453   373   150    25   310   385   254   393    85   756   635   249   788     0 
  177   112   308   207   585   406   205   565   574   572   312   518   344   310   282   182   673   319    41   253    88   386   448     0   481   157   557   439   161   396   214   205   472   313   760   677   388     0 
  619   589   297   683   122    79   605   225   141   267   426   193   137   348   334   344   507   537   513   228   479   771   453   481     0   325   415   469   489    91   345   608   388   739   280   671   858     0 
  301   268   221   358   428   253   321   435   418   450   255   387   189   248   215   117   567   318   188   100   162   482   373   157   325     0   449   372   198   240   121   303   370   448   604   619   543     0 
  581   656   603   685   387   428   757   639   338   680   266   604   411   650   620   555   118   349   562   430   490   614   150   557   415   449     0   174   439   373   345   535    86   871   535   264   919     0 
  425   524   569   533   485   452   644   680   442   714   127   637   412   608   576   488   262   179   434   392   359   440    25   439   469   372   174     0   296   399   252   374   109   744   657   248   771     0 
  148   229   413   247   569   428   360   630   545   648   175   582   365   431   399   293   548   158   144   287    73   287   310   161   489   198   439   296     0   398   147   121   353   450   754   522   480     0 
  529   507   260   596   190    55   535   281   187   317   342   239    63   312   291   276   477   451   427   147   389   680   385   396    91   240   373   399   398     0   254   517   330   668   364   617   779     0 
  289   320   332   376   422   290   412   505   398   529   135   458   230   365   331   238   463   214   226   168   162   426   254   214   345   121   345   252   147   254     0   268   262   527   607   499   593     0 
   59   209   503   165   690   545   360   738   666   752   270   690   481   511   481   376   635   201   168   399   144   183   393   205   608   303   535   374   121   517   268     0   451   416   874   570   404     0 
  495   570   539   599   386   385   673   608   341   645   181   568   358   584   553   480   201   272   476   362   404   540    85   472   388   370    86   109   353   330   262   451     0   785   552   287   833     0 
  358   221   474   267   855   660   134   745   855   733   619   707   607   439   433   395   986   599   311   523   386   534   756   313   739   448   871   744   450   668   527   416   785     0  1013   971   171     0 
  891   869   551   961   185   357   880   341   219   383   656   351   417   598   592   619   577   772   792   507   752  1025   635   760   280   604   535   657   754   364   607   874   552  1013     0   794  1137     0 
  627   750   813   735   651   672   881   893   602   932   370   855   643   854   822   736   232   373   666   635   592   566   249   677   671   619   264   248   522   617   499   570   287   971   794     0   974     0 
  348   276   619   240   968   780   277   893   960   886   655   852   721   591   579   521  1028   604   368   632   433   463   788   388   858   543   919   771   480   779   593   404   833   171  1137   974     0     0 
    0     0     0     0     0     0     0     0     0     0     0     0     0     0     0     0     0     0     0     0     0     0     0     0     0     0     0     0     0     0     0     0     0     0     0     0     0     0 
