DIMENSION: 47
N: 15
M: 15
K: 2

SERVICE: 
74 705 379 27 260 128 387 104 67 334 122 301 326 101 97 

DIST MATRIX: 
    0   422   412   659   512   429   703   426   426   435   665   505   483   360   381   721    28   203   450   668   285   526   272   111   438   463   518   193   157   472   694    16   335   427   779   399   689   449   175   562   322   710   441   230   470    71   512     0 
  397     0   688   979   647   652  1005   668   733   663   969   812   804   584   596  1017   304   451   574   917   579   733   459   342   627   787   756   476   390   755   978   316   156   512  1011   625   966   619   409   712   639  1034   593   303   782   256   656     0 
   87   392     0   656   451   380   685   382   410   387   648   489   511   309   329   699    50   265   388   628   333   475   212    48   382   487   474   249    99   443   666    51   362   363   736   459   659   390   119   503   315   730   505   285   458    96   452     0 
  606   361   388     0   692   516   176   471   285   501   163   221   324   535   545   223   699   665   704   425   538   540   631   668   586   303   458   610   633   333   281   687  1007   760   515   682   313   623   619   670   363   242   822   843   231   750   675     0 
  221   237   215   558     0   174   543   185   299   184   510   368   525   104   122   546   257   431   211   434   440   267    49   164   176   490   275   394   109   283   500   255   557   221   535   605   485   189    89   303   254   703   681   491   353   302   257     0 
  410   289   262   618    72     0   551   174   384   143   528   427   670   133   112   539   435   620    61   356   622   149   174   338    59   631   211   582   287   311   475   435   706   132   424   792   449    24   270   118   390   812   870   670   432   474    68     0 
  541   437   462   230   781   599     0   555   339   587   364   323   139   592   609   434   631   528   772   597   387   654   651   632   666   144   578   480   613   435   478   617   903   812   704   495   505   702   605   778   348   105   636   717   298   674   767     0 
  276    94    76   417   303   133   400     0   161   128   367   225   434   105   124   406   346   457   286   328   419   223   189   274   188   395   187   407   223   143   365   339   666   327   442   599   355   222   204   317   155   582   699   565   214   399   292     0 
  332   161   182   255   497   316   310   273     0   306   272   119   250   305   323   338   424   429   486   387   333   383   372   391   381   209   314   372   358   177   335   412   738   526   508   509   345   417   345   499    85   383   634   589    74   476   483     0 
  131   360   344   649   384   325   662   333   394     0   627   472   538   254   272   672   117   330   320   582   384   417   146    21   321   510   424   308    46   411   634   119   407   295   685   522   623   326    66   437   312   747   572   350   446   155   386     0 
  470   175   201   161   505   328   160   283   119   313     0    40   342   349   358   187   559   580   516   284   479   358   451   511   398   305   277   523   469   146   192   549   879   572   396   650   209   435   453   487   224   383   780   737    77   613   489     0 
  292   162   137   496   224    85   461    90   244    91   431     0   516    22    46   461   343   493   201   339   477   183   125   255   114   478   180   449   200   201   410   339   651   242   441   652   393   143   179   248   236   668   741   574   296   391   215     0 
  735   717   741   500  1055   876   659   833   619   865   641   610     0   859   879   706   812   641  1039   885   508   938   898   841   940   362   863   612   837   720   758   799  1022  1069   989   515   787   975   834  1058   604   243   635   821   583   844  1043     0 
  272   100    81   423   300   132   406   104   166   128   373   231   437     0   121   412   342   455   282   332   419   223   183   268   185   398   189   406   217   149   371   335   661   322   446   599   360   218   198   315   158   587   698   561   219   394   289     0 
  349   281   254   615   131   139   566   178   368   155   539   421   636   108     0   558   370   560    82   395   570   194   109   273    88   599   240   524   224   313   499   371   642   118   474   736   476    76   207   183   357   793   809   605   420   409   131     0 
  648   312   332   207   566   419    47   382   298   403    74   221   502   465   465     0   733   767   599   232   664   403   585   675   481   470   328   710   627   264    74   724  1056   668   300   832   108   515   609   528   408   465   964   922   264   787   548     0 
   93   430   419   678   500   427   717   427   440   434   680   520   510   357   377   733     0   228   436   672   313   523   261    97   432   489   520   220   149   481   704    13   323   409   781   425   698   440   168   552   340   735   461   235   486    54   501     0 
  211   512   513   651   691   575   738   558   476   576   700   547   390   513   536   767   228     0   636   774   143   672   454   309   601   387   644    57   343   558   759   219   384   622   893   197   763   619   356   733   366   625   249   190   503   234   688     0 
  425   346   319   677    73   188   612   233   439   203   589   485   716   181   164   599   436   636     0   413   651   206   182   340   120   678   272   602   295   371   535   439   687    76   473   815   508    85   280   139   436   866   884   668   488   470    83     0 
  604   262   262   402   364   267   267   250   322   254   264   287   621   333   322   232   672   774   413     0   708   207   459   592   308   582   161   720   537   219   159   666   988   487   121   889   124   333   516   313   417   655  1005   893   327   724   346     0 
  253   450   458   527   694   550   630   523   391   547   593   451   248   499   523   664   313   143   651   708     0   642   475   365   591   248   598   104   380   488   667   300   525   654   829   182   677   616   386   725   291   482   302   332   405   338   688     0 
  475   222   201   514   163    98   423   120   320    96   404   337   632   166   146   403   523   672   206   207   642     0   277   431   107   592    82   626   376   220   335   520   821   280   280   822   306   127   356   130   368   735   918   756   356   570   145     0 
  243   280   256   605   240   193   584   213   346   205   552   413   572   126   137   585   261   454   182   459   475   277     0   164   176   537   298   421   114   323   535   262   544   179   553   635   519   179    99   291   302   752   703   496   400   301   240     0 
  112   364   349   645   403   338   663   343   393   346   628   471   524   267   286   675    97   309   340   592   365   431   164     0   337   498   435   288    55   415   638    99   396   316   696   501   629   343    76   455   307   737   551   332   443   139   404     0 
  395   232   205   559   116    69   493   115   328    84   469   368   621    92    68   481   432   601   120   308   591   107   176   337     0   582   156   559   283   252   419   430   720   187   387   765   394    37   264   134   343   756   850   667   375   475   104     0 
  401   370   391   297   698   521   429   480   275   511   396   295    40   499   519   470   489   387   678   582   248   592   537   498   582     0   524   337   485   384   494   476   759   708   699   380   514   616   480   705   242   247   520   574   255   532   686     0 
  459   156   141   432   240   106   344    92   249    93   324   257   564   173   161   328   520   644   272   161   598    82   298   435   156   524     0   594   380   143   263   515   831   342   262   780   238   188   359   212   313   656   884   746   280   570   223     0 
  181   459   461   595   654   529   681   510   419   529   643   490   344   469   493   710   220    57   602   720   104   626   421   288   559   337   594     0   314   503   702   209   425   594   840   215   707   580   325   692   310   579   293   238   446   239   650     0 
  134   315   299   609   355   283   618   288   352   291   583   429   515   212   231   627   149   343   295   537   380   376   114    55   283   485   380   314     0   365   588   148   451   280   641   529   577   292    21   405   276   717   590   384   404   193   355     0 
  403    51    68   306   360   183   261   138   110   168   230   118   425   210   216   264   481   558   371   219   488   220   323   415   252   384   143   503   365     0   224   473   804   429   340   670   216   289   346   346   198   516   785   688   137   535   344     0 
  623   275   290   261   498   360   110   326   283   345   118   216   529   412   409    74   704   759   535   159   667   335   535   638   419   494   263   702   588   224     0   695  1027   605   235   841    35   451   569   457   394   520   969   904   262   758   480     0 
   81   422   412   666   502   424   707   422   430   430   669   509   496   354   375   724    13   219   439   666   300   520   262    99   430   476   515   209   148   473   695     0   332   413   776   415   690   440   167   552   328   722   455   237   475    64   502     0 
  409   753   741   988   759   731  1038   739   761   741  1001   840   768   661   677  1056   323   384   687   988   525   821   544   396   720   759   831   425   451   804  1027   332     0   633  1092   528  1020   718   472   821   656  1003   469   201   804   269   765     0 
  414   399   372   733   143   250   678   293   486   266   653   539   744   225   214   668   409   622    76   487   654   280   179   316   187   708   342   594   280   429   605   413   633     0   549   809   580   155   270   210   467   909   867   633   537   436   156     0 
  718   382   380   495   412   361   343   354   443   351   352   404   737   431   416   300   781   893   473   121   829   280   553   696   387   699   262   840   641   340   235   776  1092   549     0  1010   202   404   620   350   538   753  1125  1006   446   831   396     0 
  395   632   640   676   864   728   795   703   569   726   759   625   362   673   697   832   425   197   815   889   182   822   635   501   765   380   780   215   529   670   841   415   528   809  1010     0   853   788   539   899   472   571   141   329   580   429   859     0 
  619   267   280   292   469   338   145   307   289   323   150   228   550   394   389   108   698   763   508   124   677   306   519   629   394   514   238   707   577   216    35   690  1020   580   202   853     0   425   557   426   398   551   978   903   274   751   451     0 
  410   269   243   596    82   107   528   153   365   122   504   405   655   121    98   515   440   619    85   333   616   127   179   343    37   616   188   580   292   289   451   440   718   155   404   788   425     0   273   114   376   793   869   675   412   481    72     0 
  145   297   279   595   338   262   600   267   337   270   565   413   511   191   210   609   168   356   280   516   386   356    99    76   264   480   359   325    21   346   569   167   472   270   620   539   557   273     0   387   264   709   604   403   389   214   338     0 
  524   341   317   644    67   185   550   226   440   194   533   464   745   226   202   528   552   733   139   313   725   130   291   455   134   705   212   692   405   346   457   552   821   210   350   899   426   114   387     0   471   862   982   787   480   592    56     0 
  248   160   172   340   458   286   385   250   111   279   347   187   280   257   278   408   340   366   436   417   291   368   302   307   343   242   313   310   276   198   394   328   656   467   538   472   398   376   264   471     0   450   588   514   148   392   447     0 
  646   525   551   259   870   688   418   643   428   675   402   399   235   686   702   465   735   625   866   655   482   735   752   737   756   247   656   579   717   516   520   722  1003   909   753   571   551   793   709   862   450     0   710   814   382   779   855     0 
  460   744   749   814   940   821   929   802   691   822   893   752   503   761   785   964   461   249   884  1005   302   918   703   551   850   520   884   293   590   785   969   455   469   867  1125   141   978   869   604   982   588   710     0   292   707   449   938     0 
  289   639   633   827   734   659   897   655   624   665   859   701   579   590   611   922   235   190   668   893   332   756   496   332   667   574   746   238   384   688   904   237   201   633  1006   329   903   675   403   787   514   814   292     0   660   198   736     0 
  395   143   169   206   488   306   238   260    54   293   200    46   295   312   325   264   486   503   488   327   405   356   400   443   375   255   280   446   404   137   262   475   804   537   446   580   274   412   389   480   148   382   707   660     0   539   473     0 
  144   484   472   730   537   475   770   477   494   483   733   573   550   404   424   787    54   234   470   724   338   570   301   139   475   532   570   239   193   535   758    64   269   436   831   429   751   481   214   592   392   779   449   198   539     0   539     0 
  478   331   305   648    18   168   567   213   428   180   547   462   725   193   170   548   501   688    83   346   688   145   240   404   104   686   223   650   355   344   480   502   765   156   396   859   451    72   338    56   447   855   938   736   473   539     0     0 
    0     0     0     0     0     0     0     0     0     0     0     0     0     0     0     0     0     0     0     0     0     0     0     0     0     0     0     0     0     0     0     0     0     0     0     0     0     0     0     0     0     0     0     0     0     0     0     0 
