DIMENSION: 47
N: 15
M: 15
K: 2

SERVICE: 
278 62 567 203 365 122 430 140 299 30 314 161 210 118 343 

DIST MATRIX: 
    0   395   533   387   566   478   529   702   530   729    93   655   423   562   529   554    66   248   285   281   360   215   302   201   133   311   728   276   410   413   638   286   255    38   425   336   316   371   377    38   264   742   630   574   222   355   492     0 
  101     0   436    69   718   543   209   700   703   705   380   654   480   429   405   203   320   548    84   380   328   342   142   413   312   389   965   177   264   485   277    83   584   334   496   146   142    17   411   388   170   928   277   298   195   716   164     0 
  365   261     0   260   935   742   223   840   931   830   657   800   686   535   527   103   593   820   360   622   534   600   388   677   585   622  1205   427   395   697     6   359   860   609   705   369   379   271   623   663   427  1148   121   259   462   992   182     0 
  273   318   705     0   978   812   412   972   959   975   577   926   749   692   671   202   457   754   332   635   599   586   411   642   530   650  1208   441   134   752   289   332   773   482   763   418   413   284   680   528   431  1185   388    62   442   835   144     0 
  476   397    59   510     0   168   376   260   378   267   422   214   143   111    91   587   516   462   399   228   141   283   312   337   362   198   656   295   689   162   601   398   526   503   161   296   306   428   134   532   311   570   501   731   328   762   588     0 
  533   462   110   572   310     0   443   199   328   213   444   152   123   160   149   653   552   458   457   246   188   309   370   348   393   214   602   350   747   142   668   456   523   536   136   358   366   491   148   560   365   509   567   796   377   764   653     0 
  424   396   204   487   300   127     0   334   293   359   287   287    63   251   222   602   403   313   357    90   103   155   279   192   242    59   570   247   638    64   639   356   377   385    76   281   280   414    18   405   258   513   561   718   255   614   583     0 
  771   670   287   790   437   340   601     0   478    94   706   163   374   295   316   833   814   701   693   509   442   572   606   608   656   477   697   594   980   390   820   691   765   799   380   585   598   707   411   823   610   567   700   996   629  1011   852     0 
  418   464   405   513   334   273   552   501     0   535   139   458   234   449   418   663   288   115   379   135   258   126   337    49   160   159   519   298   604   217   725   379   177   262   228   359   346   462   218   257   298   515   677   735   266   411   621     0 
  746   666   282   781   316   248   624    21   359     0   634    65   297   310   321   848   755   605   669   440   401   507   582   529   594   410   575   563   960   309   850   668   667   737   297   568   577   699   348   755   578   447   737  1000   589   914   855     0 
  118    86   369   151   632   460   219   625   618   633     0   578   396   369   342   282   283   474    42   295   246   260    58   334   240   304   881    92   324   401   345    40   515   290   412    71    61    81   328   343    86   843   319   382   116   667   249     0 
  772   725   375   828   173   222   715   153   222   197   592     0   286   418   416   922   731   519   702   422   431   488   620   483   573   398   408   592   986   287   940   701   575   708   275   614   618   750   353   714   604   281   838  1056   603   816   916     0 
  546   451    64   568   394   213   403   215   416   209   507   177     0    91   100   627   600   540   468   312   223   368   381   420   447   281   686   370   756   229   629   467   605   587   225   361   373   486   216   617   385   586   518   782   406   843   637     0 
  403   322    89   434   415   217   311   335   420   341   382   289   171     0    85   514   460   449   325   202    87   244   238   311   314   177   700   224   615   187   533   324   512   449   191   221   231   352   129   484   240   625   439   656   262   737   513     0 
  789   696   309   814   399   324   636   104   442    62   702   139   366   325     0   866   818   684   711   506   452   572   624   601   657   475   650   609  1001   380   858   710   747   800   369   606   617   732   410   822   624   518   740  1026   640   994   881     0 
  276   207   565   168   902   716   234   840   892   835   581   797   656   542   527     0   504   751   286   574   502   542   333   615   514   578  1160   371   293   665    99   286   786   522   674   323   328   201   590   575   368  1114   186   180   397   903    79     0 
  228   360   549   336   621   519   502   738   587   761   150   690   461   572   539   504     0   313   250   316   377   249   285   252   161   345   792   266   345   452   591   251   321    28   465   319   298   331   407    73   251   802   594   512   213   399   438     0 
  490   559   517   593   366   362   659   584   321   622   177   545   335   562   532   751   313     0   465   249   373   233   436   151   236   273   483   398   653   316   820   465    65   285   325   461   447   551   329   258   395   511   780   803   358   310   701     0 
   79   111   405   136   647   482   255   656   630   665   297   609   418   408   380   286   250   465     0   305   273   262    87   330   228   318   887   110   290   420   359     1   501   260   432   109    94    88   349   313    99   856   346   366   115   640   242     0 
  364   367   277   441   343   204   433   422   325   448   198   375   145   318   286   574   316   249   305     0   123    67   241   110   155    31   587   203   572   137   624   305   311   296   150   253   246   376    98   316   209   550   561   672   194   537   544     0 
  347   298   173   397   401   216   328   387   396   401   295   339   155   205   172   502   377   373   273   123     0   158   189   228   228   105   673   164   561   163   537   272   433   365   173   184   187   319    89   397   177   614   459   626   189   653   487     0 
  312   339   327   398   399   271   427   489   375   514   139   442   212   362   329   542   249   233   262    67   158     0   212    82    87    97   625   173   514   204   600   262   287   229   217   233   221   341   161   251   174   601   551   626   147   496   504     0 
  165   128   319   209   576   402   231   569   562   578   287   522   338   324   295   333   285   436    87   241   189   212     0   290   208   248   828    39   377   343   388    86   482   286   354    35    14   136   270   336    42   787   345   440    84   650   305     0 
  370   416   387   464   369   282   508   510   337   541   108   465   234   427   395   615   252   151   330   110   228    82   290     0   113   139   566   251   559   221   678   331   207   227   232   313   300   413   204   231   250   557   632   686   218   427   572     0 
  259   325   401   358   474   358   438   576   446   601    80   529   299   431   398   514   161   236   228   155   228    87   208   113     0   184   679   173   446   291   584   229   276   143   304   238   220   315   247   170   166   668   553   576   125   450   467     0 
  381   371   248   453   329   178   426   392   315   417   229   345   116   291   260   578   345   273   318    31   105    97   248   139   184     0   583   212   592   111   624   318   335   326   124   256   251   384    67   347   220   539   556   684   210   565   553     0 
  935   954   710  1024   292   487  1000   560   280   605   647   556   529   761   746  1160   792   483   887   587   673   625   828   566   679   583     0   790  1123   515  1207   887   499   765   509   839   833   962   586   741   795   144  1131  1250   772   662  1129     0 
  183   167   310   241   541   372   265   549   526   561   252   502   308   321   290   371   266   398   110   203   164   173    39   251   173   212   790     0   398   311   428   110   444   264   322    65    49   173   239   311    16   751   383   473    54   619   341     0 
  215   323   693   203   913   764   452   946   889   956   479   899   700   690   665   293   345   653   290   572   561   514   377   559   446   592  1123   398     0   700   390   291   665   372   712   395   384   280   633   413   384  1113   465   196   383   707   216     0 
  487   459   222   552   238    67   487   290   236   320   325   245    20   273   249   665   452   316   420   137   163   204   343   221   291   111   515   311   700     0   699   420   381   432    13   344   344   478    75   446   322   451   617   783   317   625   647     0 
  363   261   571   257   937   745   226   844   933   834   656   804   689   539   531    99   591   820   359   624   537   600   388   678   584   624  1207   428   390   699     0   358   859   607   708   370   380   271   625   661   427  1150   126   253   462   990   178     0 
   80   109   404   136   647   481   254   655   630   665   298   608   417   407   379   286   251   465     1   305   272   262    86   331   229   318   887   110   291   420   358     0   502   261   432   108    93    87   349   314    98   856   344   366   115   641   242     0 
  518   601   581   624   416   426   708   647   370   685   205   608   400   626   595   786   321    65   501   311   433   287   482   207   276   335   499   444   665   381   859   502     0   293   389   509   493   589   393   256   440   543   827   825   401   247   732     0 
  246   370   537   354   595   498   509   719   561   744   123   672   441   563   530   522    28   285   260   296   365   229   286   227   143   326   765   264   372   432   607   261   293     0   444   321   300   344   390    54   251   775   605   537   210   383   458     0 
  500   469   220   563   229    54   494   278   229   309   337   233    20   272   249   674   465   325   432   150   173   217   354   232   304   124   509   322   712    13   708   432   389   444     0   354   354   488    85   459   333   442   624   794   330   634   658     0 
  188   116   298   215   580   400   200   556   570   562   317   509   338   299   272   323   319   461   109   253   184   233    35   313   238   256   839    65   395   344   370   108   509   321   354     0    21   136   269   370    73   792   319   442   116   683   303     0 
  173   121   311   210   578   401   218   564   566   572   299   518   338   315   286   328   298   447    94   246   187   221    14   300   220   251   833    49   384   344   380    93   493   300   354    21     0   134   270   350    54   789   334   440    97   664   303     0 
  117    44   422    82   711   535   192   688   698   692   385   642   472   414   391   201   331   551    88   376   319   341   136   413   315   384   962   173   280   478   271    87   589   344   488   136   134     0   404   398   167   923   264   307   195   726   169     0 
  419   385   188   478   313   133   415   331   308   354   296   284    69   234   205   590   407   329   349    98    89   161   270   204   247    67   586   239   633    75   625   349   393   390    85   269   270   404     0   412   251   526   545   709   251   628   573     0 
  299   424   571   407   590   511   561   736   553   763   123   690   458   600   566   575    73   258   313   316   397   251   336   231   170   347   741   311   413   446   661   314   256    54   459   370   350   398   412     0   299   761   659   584   257   329   510     0 
  169   166   326   233   549   383   273   564   534   576   245   516   319   337   307   368   251   395    99   209   177   174    42   250   166   220   795    16   384   322   427    98   440   251   333    73    54   167   251   299     0   759   387   464    43   610   334     0 
  913   908   619   991   213   408   934   434   226   477   653   438   461   668   658  1114   802   511   856   550   614   601   787   557   668   539   144   751  1113   451  1150   856   543   775   442   792   789   923   526   761   759     0  1064  1222   744   742  1092     0 
  377   235   464   289   852   655   131   733   853   720   630   696   604   427   423   186   594   780   346   561   459   551   345   632   553   556  1131   383   465   617   126   344   827   605   624   319   334   264   545   659   387  1064     0   364   427   985   253     0 
  317   334   719   231  1013   841   407   990   996   990   626   945   778   702   683   180   512   803   366   672   626   626   440   686   576   684  1250   473   196   783   253   366   825   537   794   442   440   307   709   584   464  1222   364     0   480   894   145     0 
  171   201   349   251   537   382   315   574   518   589   203   526   318   366   334   397   213   358   115   194   189   147    84   218   125   210   772    54   383   317   462   115   401   210   330   116    97   195   251   257    43   744   427   480     0   567   357     0 
  627   750   813   735   651   672   881   893   602   932   370   855   643   854   822   903   399   310   640   537   653   496   650   427   450   565   662   619   707   625   990   641   247   383   634   683   664   726   628   329   610   742   985   894   567     0   835     0 
  215   191   574   109   881   703   268   846   867   846   528   801   641   557   539    79   438   701   242   544   487   504   305   572   467   553  1129   341   216   647   178   242   732   458   658   303   303   169   573   510   334  1092   253   145   357   835     0     0 
    0     0     0     0     0     0     0     0     0     0     0     0     0     0     0     0     0     0     0     0     0     0     0     0     0     0     0     0     0     0     0     0     0     0     0     0     0     0     0     0     0     0     0     0     0     0     0     0 
