DIMENSION: 47
N: 15
M: 15
K: 2

SERVICE: 
224 289 314 199 415 112 374 191 432 223 315 221 354 436 241 

DIST MATRIX: 
    0   742   447   468   373   571   391   650   387   211   553   427   461   412   202   920   419   263   647   505   625   472   646   397   439   531   582   612   745   579  1003   647   198   398   587   677   659   734   591   346   604   665   987   926   562   357   856     0 
  812     0   643   640   870   578   735   586   735   924   629   726   572   660   928   239   620   787   370   559   450   555   358   637   565   550  1118   393   513   603   178   369   837   629   609   328   345   294   534   682   400  1045    54   417   441   781   303     0 
   93   658     0   333   248   435   254   624   249    99   416   289   398   279    92   843   364   129   560   377   500   354   545   274   338   401   496   508   708   442   919   561    67   338   450   573   557   649   458   295   503   558   890   875   463   219   787     0 
  370   278   197     0   426   178   288   477   287   475   225   284   269   210   480   463   300   341   208   113    79   109   133   190   158   115   698    99   491   212   511   208   396   289   224   141   136   269   142   326   109   654   450   571   112   333   438     0 
  467   452   243   224     0   121   312   690   315   529   152   284   478   279   536   610   504   428   406   203   137   263   320   309   346   171   616   299   697   122   630   406   493   488   121   309   316   443   105   514   314   533   534   749   326   358   607     0 
  289   375    94    97   324     0   186   532   186   382   145   182   293   112   388   563   310   255   295    11   117    62   230   113   149    35   597   193   563   144   613   295   316   292   157   243   235   365   100   312   199   561   551   661   184   232   533     0 
  482   898   442   429   267   453     0  1018   378   403   402   356   762   452   412  1083   753   458   818   513   586   560   752   512   624   505   115   716  1070   424  1123   818   488   726   417   760   756   888   498   710   723    58  1040  1184   705   355  1057     0 
  607   145   545   558   755   561   621     0   618   736   607   633   279   538   737   203   318   601   176   477   448   427   259   484   373   492  1049   286   131   596   301   176   625   341   608   272   263   149   525   391   274  1026   352   203   283   654   127     0 
  544   938   489   474   329   487   427  1071     0   468   436   406   815   503   476  1119   809   518   861   556   619   607   792   564   674   545   147   756  1119   456  1155   861   550   782   447   797   795   928   531   768   764     7  1068  1228   749   412  1097     0 
  143   591   344   367   352   466   314   513   309     0   460   352   310   306   217   768   268   180   495   384   498   341   498   274   295   413   619   466   602   481   851   496   130   247   491   530   511   582   478   195   457   672   837   779   415   296   704     0 
  322   780   316   310   109   364   234   871   237   246     0   227   615   317   255   970   602   299   694   397   492   432   637   372   485   396   194   599   929   343  1020   694   327   575   340   650   643   770   408   555   603   217   950  1056   579   205   936     0 
  144   433   172   196   302   283   192   461   187   270   290     0   207   138   271   622   193   132   336   190   299   142   317    85   110   220   601   281   525   305   694   337   166   165   317   346   329   424   287   155   275   610   663   671   236   206   570     0 
  657    87   551   559   775   538   636   319   634   783   588   640     0   553   784   108   400   643   178   472   411   437   232   508   407   479  1059   269   250   571   191   178   678   417   582   227   229    97   497   471   264  1018   224   221   291   675    77     0 
  481   873   422   408   266   424   360  1004   365   412   373   339   748     0   421  1056   742   454   796   490   557   540   727   497   607   480   156   691  1052   394  1093   795   489   715   386   733   730   863   468   702   699    61  1009  1162   683   347  1032     0 
  338   843   382   379   154   444   293   908   295   234   395   294   655   376     0  1034   637   325   753   465   567   492   702   424   535   468   163   663   973   424  1088   753   336   609   422   718   709   833   486   582   666   244  1024  1111   639   255   996     0 
  765   192   654   660   880   632   741   383   739   891   683   743   459   658   892     0   504   751   286   574   502   542   333   615   514   578  1160   371   293   665    99   286   786   522   674   323   328   201   590   575   368  1114   186   180   397   781    79     0 
  308   338   340   363   494   422   382   271   378   436   447   407    48   315   435   504     0   313   250   316   377   249   285   252   161   345   792   266   345   452   591   251   321    28   465   319   298   331   407    73   251   802   594   512   213   399   438     0 
   40   561   185   205   190   308   136   584   131   140   292   173   334   150   143   751   313     0   465   249   373   233   436   151   236   273   483   398   653   316   820   465    65   285   325   461   447   551   329   258   395   511   780   803   358   116   701     0 
  480    97   379   389   599   386   461   299   459   604   432   468   202   377   606   286   250   465     0   305   273   262    87   330   228   318   887   110   290   420   359     1   501   260   432   109    94    88   349   313    99   856   346   366   115   499   242     0 
  284   386    84    87   314   106   177   541   176   375   137   171   300   104   380   574   316   249   305     0   123    67   241   110   155    31   587   203   572   137   624   305   311   296   150   253   246   376    98   316   209   550   561   672   194   223   544     0 
  407   328   201   194   422   133   291   553   292   497   184   277   347   226   503   502   377   373   273   123     0   158   189   228   228   105   673   164   561   163   537   272   433   365   173   184   187   319    89   397   177   614   459   626   189   339   487     0 
  261   351   118   133   338   174   200   477   198   369   202   207   233   116   373   542   249   233   262    67   158     0   212    82    87    97   625   173   514   204   600   262   287   229   217   233   221   341   161   251   174   601   551   626   147   240   504     0 
  458   146   321   328   549   309   409   383   408   576   357   411   240   327   579   333   285   436    87   241   189   212     0   290   208   248   828    39   377   343   388    86   482   286   354    35    14   136   270   336    42   787   345   440    84   451   305     0 
  181   423    91   115   271   199   139   508   135   287   207   158   252    63   291   615   252   151   330   110   228    82   290     0   113   139   566   251   559   221   678   331   207   227   232   313   300   413   204   231   250   557   632   686   218   170   572     0 
  253   324   189   209   383   261   251   399   248   376   287   268   148   172   378   514   161   236   228   155   228    87   208   113     0   184   679   173   446   291   584   229   276   143   304   238   220   315   247   170   166   668   553   576   125   281   467     0 
  309   393    96    90   320    78   187   564   187   393   115   175   328   123   399   578   345   273   318    31   105    97   248   139   184     0   583   212   592   111   624   318   335   326   124   256   251   384    67   347   220   539   556   684   210   234   553     0 
  499   972   508   500   299   541   428  1062   431   397   490   419   807   511   404  1160   792   483   887   587   673   625   828   566   679   583     0   790  1123   515  1207   887   499   765   509   839   833   962   586   741   795   144  1131  1250   772   398  1129     0 
  420   183   282   289   510   277   370   394   369   537   324   372   224   288   540   371   266   398   110   203   164   173    39   251   173   212   790     0   398   311   428   110   444   264   322    65    49   173   239   311    16   751   383   473    54   412   341     0 
  652   276   631   647   824   665   697   106   694   781   707   714   319   618   779   293   345   653   290   572   561   514   377   559   446   592  1123   398     0   700   390   291   665   372   712   395   384   280   633   413   384  1113   465   196   383   724   216     0 
  356   487   138   114   293    35   192   675   195   408    30   162   437   175   416   665   452   316   420   137   163   204   343   221   291   111   515   311   700     0   699   420   381   432    13   344   344   478    75   446   322   451   617   783   317   237   647     0 
  837   262   707   710   936   669   797   482   795   960   721   795   545   715   962    99   591   820   359   624   537   600   388   678   584   624  1207   428   390   699     0   358   859   607   708   370   380   271   625   661   427  1150   126   253   462   839   178     0 
  480    97   379   389   599   386   461   300   459   605   432   468   203   378   607   286   251   465     1   305   272   262    86   331   229   318   887   110   291   420   358     0   502   261   432   108    93    87   349   314    98   856   344   366   115   499   242     0 
   27   598   250   270   223   372   198   588   193   116   356   235   350   214   114   786   321    65   501   311   433   287   482   207   276   335   499   444   665   381   859   502     0   293   389   509   493   589   393   256   440   543   827   825   401   171   732     0 
  281   351   316   339   466   402   355   299   351   409   425   381    63   290   408   522    28   285   260   296   365   229   286   227   143   326   765   264   372   432   607   261   293     0   444   321   300   344   390    54   251   775   605   537   210   371   458     0 
  365   498   148   124   295    47   198   688   202   414    34   167   450   186   421   674   465   325   432   150   173   217   354   232   304   124   509   322   712    13   708   432   389   444     0   354   354   488    85   459   333   442   624   794   330   242   658     0 
  485   145   336   340   565   311   426   408   425   600   361   425   275   345   603   323   319   461   109   253   184   233    35   313   238   256   839    65   395   344   370   108   509   321   354     0    21   136   269   370    73   792   319   442   116   470   303     0 
  469   144   327   333   556   310   417   393   415   586   359   417   254   335   589   328   298   447    94   246   187   221    14   300   220   251   833    49   384   344   380    93   493   300   354    21     0   134   270   350    54   789   334   440    97   459   303     0 
  567    10   454   462   679   444   540   319   538   691   493   544   284   457   693   201   331   551    88   376   319   341   136   413   315   384   962   173   280   478   271    87   589   344   488   136   134     0   404   398   167   923   264   307   195   580   169     0 
  367   413   145   129   346    44   225   614   227   440    96   204   386   179   447   590   407   329   349    98    89   161   270   204   247    67   586   239   633    75   625   349   393   390    85   269   270   404     0   412   251   526   545   709   251   273   573     0 
  247   405   321   345   446   420   346   332   342   372   436   376   116   290   370   575    73   258   313   316   397   251   336   231   170   347   741   311   413   446   661   314   256    54   459   370   350   398   412     0   299   761   659   584   257   355   510     0 
  416   177   287   295   512   287   373   378   371   535   333   376   209   290   537   368   251   395    99   209   177   174    42   250   166   220   795    16   384   322   427    98   440   251   333    73    54   167   251   299     0   759   387   464    43   414   334     0 
  537   932   483   468   322   482   421  1065   425   461   431   400   809   496   469  1114   802   511   856   550   614   601   787   557   668   539   144   751  1113   451  1150   856   543   775   442   792   789   923   526   761   759     0  1064  1222   744   406  1092     0 
  803   258   645   645   875   590   737   542   737   919   641   731   546   660   922   186   594   780   346   561   459   551   345   632   553   556  1131   383   465   617   126   344   827   605   624   319   334   264   545   659   387  1064     0   364   427   783   253     0 
  809   298   744   755   958   749   822   302   820   938   796   832   477   739   938   180   512   803   366   672   626   626   440   686   576   684  1250   473   196   783   253   366   825   537   794   442   440   307   709   584   464  1222   364     0   480   856   145     0 
  378   205   265   276   485   283   347   365   344   498   325   354   173   263   501   397   213   358   115   194   189   147    84   218   125   210   772    54   383   317   462   115   401   210   330   116    97   195   251   257    43   744   427   480     0   385   357     0 
  153   590   139   146   101   239    48   666    47   172   208    75   410   124   180   781   399   116   499   223   339   240   451   170   281   234   398   412   724   237   839   499   171   371   242   470   459   580   273   355   414   406   783   856   385     0   741     0 
  712   160   620   629   842   613   704   304   701   840   663   710   395   620   841    79   438   701   242   544   487   504   305   572   467   553  1129   341   216   647   178   242   732   458   658   303   303   169   573   510   334  1092   253   145   357   741     0     0 
    0     0     0     0     0     0     0     0     0     0     0     0     0     0     0     0     0     0     0     0     0     0     0     0     0     0     0     0     0     0     0     0     0     0     0     0     0     0     0     0     0     0     0     0     0     0     0     0 
