DIMENSION: 27
N: 15
M: 5
K: 2

SERVICE: 
99 251 65 260 150 184 221 136 204 170 220 144 383 196 317 

DIST MATRIX: 
    0   591   820   359   624   537   600   388   678   584   624  1207   428   390   699   767   197   137  1023   602  1128   123    88   954   197   178   538     0 
  286     0   465     1   305   272   262    86   331   229   318   887   110   291   420   574   164   221   665   251   848   260   304   617   365   242   296     0 
  786   321     0   501   311   433   287   482   207   276   335   499   444   665   381   599   665   723   165   263   574   759   804   228   826   732   507     0 
  522    28   285     0   296   365   229   286   227   143   326   765   264   372   432   647   411   472   441   174   788   495   540   480   624   458   225     0 
  674   465   325   432     0   173   217   354   232   304   124   509   322   712    13   216   559   594   517   271   423   654   691   312   592   658   641     0 
  323   319   461   109   253     0   233    35   313   238   256   839    65   395   344   475   205   245   674   245   777   301   340   584   319   303   399     0 
  328   298   447    94   246   187     0    14   300   220   251   833    49   384   344   483   207   251   658   230   776   305   345   574   337   303   381     0 
  201   331   551    88   376   319   341     0   413   315   384   962   173   280   478   606    78   134   752   335   910   177   220   697   294   169   337     0 
  590   407   329   349    98    89   161   270     0   247    67   586   239   633    75   258   474   510   538   218   508   569   606   365   517   573   572     0 
  575    73   258   313   316   397   251   336   231     0   347   741   311   413   446   668   465   526   395   195   778   548   593   457   677   510   251     0 
  368   251   395    99   209   177   174    42   250   166     0   795    16   384   322   484   245   295   605   177   750   344   386   530   391   334   355     0 
 1114   802   511   856   550   614   601   787   557   668   539     0   751  1113   451   465   996  1035   540   634    67  1093  1131   315  1026  1092   998     0 
  186   594   780   346   561   459   551   345   632   553   556  1131     0   465   617   658   214   161   992   564  1036   196   186   893    71   253   583     0 
  180   512   803   366   672   626   626   440   686   576   684  1250   473     0   783   909   247   242   977   604  1213   179   178   974   433   145   382     0 
  397   213   358   115   194   189   147    84   218   125   210   772    54   383     0   495   274   327   565   140   738   372   415   502   433   357   333     0 
  760   665   535   575   352   307   418   488   446   504   321   578   469   866   227     0   662   681   712   474   417   746   774   475   606   765   825     0 
  123   396   629   164   452   387   419   211   492   392   458  1039   249   269   549   662     0    61   828   413   982    99   141   775   260   103   369     0 
   80   457   684   222   497   422   469   258   544   448   501  1083   297   306   585   681    61     0   886   467  1018    66    96   824   215   104   424     0 
  947   466   217   664   465   588   449   646   368   440   486   454   609   807   511   712   828   886     0   428   587   921   966   258   990   891   636     0 
  536   194   218   250   123   208    56   219    82    35   153   648   181   479   258   474   413   467   428     0   638   510   554   370   563   491   376     0 
 1098   814   536   848   544   596   600   775   564   673   530   211   741  1114   433   417   982  1018   587   638     0  1078  1114   348   995  1080  1009     0 
   27   477   725   260   551   482   517   310   590   488   556  1137   348   274   644   746    99    66   921   510  1078     0    45   873   260    58   415     0 
   18   521   769   305   591   518   560   351   633   533   596  1178   389   303   681   774   141    96   966   554  1114    45     0   916   255    92   454     0 
  898   507   201   617   332   441   356   567   288   399   338   285   528   839   311   475   775   824   258   370   348   873   916     0   874   859   704     0 
  253   616   776   367   545   434   543   349   625   556   536  1101   384   522   586   606   260   215   990   563   995   260   255   874     0   314   625     0 
   79   438   701   242   544   487   504   305   572   467   553  1129   341   216   647   765   103   104   891   491  1080    58    92   859   314     0   362     0 
  440   197   507   294   491   521   425   370   445   342   517   989   372   188   628   825   369   424   636   376  1009   415   454   704   625   362     0     0 
    0     0     0     0     0     0     0     0     0     0     0     0     0     0     0     0     0     0     0     0     0     0     0     0     0     0     0     0 
