DIMENSION: 37
N: 15
M: 10
K: 2

SERVICE: 
74 13 384 76 121 182 306 179 76 134 242 656 293 384 137 

DIST MATRIX: 
    0   704   759   535   159   667   335   535   638   419   494   263   702   588   224   951   742   502   978  1013  1051  1179   643   595   377   708   251   230   401  1035   917  1083   403   345   345   480   447     0 
  724     0   219   439   666   300   520   262    99   430   476   515   209   148   473   256   332   196   289   460   356   540   146   256   537   159   593   797   382   385   225   453   432   375   690   502   462     0 
 1056   323     0   687   988   525   821   544   396   720   759   831   425   451   804    91   474   528   111   428    59   353   410   529   845   363   905  1114   699   244   111   314   742   705  1001   765   758     0 
  668   409   622     0   487   654   280   179   316   187   708   342   594   280   429   600   178   384   650   873   682   932   268   576   692   283   379   576   553   779   534   853   609   477   796   156   667     0 
  300   781   893   473     0   829   280   553   696   387   699   262   840   641   340  1028   717   604  1065  1161  1126  1301   683   747   593   739   187    27   575  1149   981  1207   594   497   579   396   648     0 
  832   425   197   815   889     0   822   635   501   765   380   780   215   529   670   445   747   451   417   202   499   419   554   267   506   574   859  1022   441   340   488   335   442   513   646   859   413     0 
  108   698   763   508   124   677     0   519   629   394   514   238   707   577   216   946   721   498   974  1021  1046  1183   631   602   400   694   219   200   412  1037   910  1086   418   349   377   451   466     0 
  515   440   619    85   333   616   127     0   343    37   616   188   580   292   289   668   314   337   713   886   760   979   312   531   578   355   226   430   458   824   611   892   509   372   665    72   571     0 
  609   168   356   280   516   386   356    99     0   264   480   359   325    21   346   409   255   137   448   617   506   707    77   312   500   143   435   642   343   551   361   619   401   298   637   338   449     0 
  528   552   733   139   313   725   130   291   455     0   705   212   692   405   346   776   387   447   822  1000   866  1091   421   639   652   459   207   377   548   936   716  1005   595   458   720    56   657     0 
  408   340   366   436   417   291   368   302   307   343     0   313   310   276   198   573   512   139   593   626   672   786   337   209   237   400   390   552    86   642   552   689   143    50   374   447   200     0 
  465   735   625   866   655   482   735   752   737   756   247     0   579   717   516   912   961   574   910   773   997   988   776   477   217   835   701   750   366   888   918   900   309   432   177   855   263     0 
  964   461   249   884  1005   302   918   703   551   850   520   884     0   590   785   401   778   542   360    65   428   286   601   379   645   606   965  1140   568   243   459   214   575   632   787   938   550     0 
  922   235   190   668   893   332   756   496   332   667   574   746   238     0   688   116   513   407    97   269   184   304   370   351   672   352   826  1026   539   149   167   220   574   564   829   736   581     0 
  264   486   503   488   327   405   356   400   443   375   255   280   446   404     0   721   619   281   741   752   820   924   466   335   173   531   338   453   139   784   699   827   149   100   260   473   204     0 
  976   249   294   646   921   434   764   490   333   666   668   767   333   388   729     0   457   449    54   369   100   341   356   438   755   319   843  1050   612   203    72   280   653   622   912   721   668     0 
  797   323   551   249   643   619   440   220   255   335   734   487   538   251   539   457     0   392   510   772   528   796   203   555   749   173   538   743   595   650   386   727   653   538   876   332   703     0 
  528   206   296   373   488   279   377   205   168   313   343   349   249   143   282   449   392     0   476   568   549   697   203   196   369   264   430   622   210   546   420   603   267   182   512   409   313     0 
 1000   284   286   694   955   428   804   534   373   709   669   803   332   428   758    54   510   476     0   323    88   287   401   443   763   368   881  1086   626   150   126   226   663   643   921   768   673     0 
 1012   464   272   896  1041   348   944   715   558   870   576   915   322   601   823   369   772   568   323     0   383   221   606   419   699   604   996  1176   614   191   432   152   625   673   845   954   604     0 
 1076   349   373   733  1020   516   860   584   430   760   756   865   419   485   829   100   528   549    88   383     0   294   450   529   849   407   941  1148   708   194   150   260   748   721  1006   811   759     0 
 1188   539   421   970  1185   536  1058   800   636   970   778  1044   478   688   973   341   796   697   287   221   294     0   672   591   896   649  1125  1319   791   156   413    97   812   835  1047  1039   800     0 
  685   141   361   298   584   417   411   134    53   310   541   424   341    62   422   356   203   203   401   606   450   672     0   353   571    66   496   706   412   518   301   589   469   373   711   368   514     0 
  598   269   173   569   626    86   556   396   302   505   231   513   116   309   407   438   555   196   443   419   529   591   353     0   321   397   592   761   200   457   441   495   225   254   479   603   231     0 
  346   550   491   650   482   361   529   536   536   541   128   453   436   511   310   755   749   369   763   699   849   896   571   321     0   633   507   597   159   773   749   801   106   215   157   642    96     0 
  750   150   378   327   643   453   463   186    99   359   596   482   367   127   487   319   173   264   368   604   407   649    66   397   633     0   552   762   474   497   257   571   530   438   774   404   572     0 
  323   598   725   304   109   677    99   366   511   204   589    81   675   456   205   843   538   430   881   996   941  1125   496   592   507   552     0   211   445   971   795  1032   478   357   543   237   538     0 
  292   802   909   500   135   842   305   577   718   412   705   283   856   663   354  1050   743   622  1086  1176  1148  1319   706   761   597   762   211     0   585  1168  1003  1225   602   509   575   423   655     0 
  399   394   371   520   455   267   438   388   377   423   159   374   314   352   242   612   595   210   626   614   708   791   412   200   159   474   445   585     0   655   600   694    58    91   308   527   115     0 
 1048   384   284   816  1034   414   903   645   480   815   662   891   341   532   825   203   650   546   150   191   194   156   518   457   773   497   971  1168   655     0   275    77   682   691   928   884   678     0 
  948   215   318   584   877   451   712   435   286   611   672   720   348   340   694    72   386   420   126   432   150   413   301   441   749   257   795  1003   600   275     0   351   645   599   905   661   667     0 
 1091   453   324   887  1090   441   967   714   550   882   685   951   381   601   878   280   727   603   226   152   260    97   589   495   801   571  1032  1225   694    77   351     0   716   738   954   954   706     0 
  390   444   398   574   476   278   480   445   432   474   112   412   342   409   273   653   653   267   663   625   748   812   469   225   106   530   478   602    58   682   645   716     0   137   260   577    63     0 
  358   386   415   438   376   333   347   322   347   336   247   284   358   311   158   622   538   182   643   673   721   835   373   254   215   438   357   509    91   691   599   738   137     0   340   440   200     0 
  288   702   647   744   486   514   590   658   680   628   269   508   593   649   377   912   876   512   921   845  1006  1047   711   479   157   774   543   575   308   928   905   954   260   340     0   721   250     0 
  548   501   688    83   346   688   145   240   404   104   686   223   650   355   344   721   332   409   768   954   811  1039   368   603   642   404   237   423   527   884   661   954   577   440   721     0   639     0 
  426   475   397   635   531   265   542   500   474   536    51   473   344   456   334   668   703   313   673   604   759   800   514   231    96   572   538   655   115   678   667   706    63   200   250   639     0     0 
    0     0     0     0     0     0     0     0     0     0     0     0     0     0     0     0     0     0     0     0     0     0     0     0     0     0     0     0     0     0     0     0     0     0     0     0     0     0 
