9	5	50	25
0	  37.7857	-122.4096	3	788	788
1	  37.6179	-122.3869	3	984	984
2	  37.7997	-122.4078	3	725	725
3	  37.7844	-122.4391	3	981	981
4	  37.7909	-122.4054	3	765	765
5	  37.7948	-122.4021	3	692	692
6	  37.7911	-122.3900	3	908	908
7	  37.7803	-122.4127	3	808	808
8	  37.7972	-122.4007	3	547	547
9	  37.8002	-122.4419	3	794	794
10	  37.7120	-122.2122	3	876	876
11	  37.7844	-122.4312	3	701	701
12	  37.8007	-122.4223	3	556	556
13	  37.7710	-122.4252	3	747	747
14	  37.7398	-122.4024	3	837	837
15	  37.7876	-122.4103	3	918	918
16	  37.7908	-122.4030	3	645	645
17	  37.7861	-122.4013	3	914	914
18	  37.6163	-122.3860	3	647	647
19	  37.7891	-122.4014	3	1007	1007
20	  37.7901	-122.3971	3	913	913
21	  37.7891	-122.4014	3	1007	1007
22	  37.7551	-122.4233	3	851	851
23	  37.7741	-122.4174	3	725	725
24	  37.7858	-122.4113	3	787	787
25	  37.7857	-122.4113	3	675	675
26	  37.7818	-122.4048	3	618	618
27	  37.7758	-122.3950	3	569	569
28	  37.7749	-122.4531	3	678	678
29	  37.7855	-122.4086	3	899	899
30	  37.8057	-122.4211	3	887	887
31	  37.7993	-122.4399	3	649	649
32	  37.7948	-122.4021	3	692	692
33	  37.6179	-122.3861	3	690	690
34	  37.7844	-122.4312	3	701	701
35	  37.7818	-122.4048	3	618	618
36	  37.7551	-122.4233	3	851	851
37	  37.7687	-122.4130	3	594	594
38	  37.7909	-122.4073	3	572	572
39	  37.7617	-122.4101	3	548	548
40	  37.6146	-122.3896	3	696	696
41	  37.7862	-122.4333	3	591	591
42	  37.7825	-122.3931	3	764	764
43	  37.7877	-122.4216	3	727	727
44	  37.7844	-122.4391	3	690	690
45	  37.7618	-122.4111	3	586	586
46	  37.7992	-122.4091	3	950	950
47	  37.7905	-122.4035	3	615	615
48	  37.7972	-122.4007	3	547	547
49	  37.7909	-122.4054	3	765	765
50	  37.7780	-122.3918	-3	788	788
51	  37.7880	-122.4015	-3	984	984
52	  37.7924	-122.3939	-3	725	725
53	  37.7921	-122.4037	-3	981	981
54	  37.8004	-122.4241	-3	765	765
55	  37.7928	-122.3964	-3	692	692
56	  37.7822	-122.4008	-3	908	908
57	  37.7837	-122.4085	-3	808	808
58	  37.7960	-122.4005	-3	547	547
59	  37.8003	-122.4397	-3	794	794
60	  37.7848	-122.4051	-3	876	876
61	  37.6161	-122.3883	-3	701	701
62	  37.6163	-122.3881	-3	556	556
63	  37.7679	-122.4289	-3	747	747
64	  37.7398	-122.4025	-3	837	837
65	  37.7868	-122.4101	-3	918	918
66	  37.7934	-122.4008	-3	645	645
67	  37.7905	-122.4034	-3	914	914
68	  37.6164	-122.3880	-3	647	647
69	  37.7914	-122.3967	-3	1007	1007
70	  37.7824	-122.4168	-3	913	913
71	  37.7914	-122.3967	-3	1007	1007
72	  37.7517	-122.4278	-3	851	851
73	  37.7905	-122.4288	-3	725	725
74	  37.7901	-122.4268	-3	787	787
75	  37.7899	-122.3948	-3	675	675
76	  37.7255	-122.4341	-3	618	618
77	  37.7722	-122.4304	-3	569	569
78	  37.7752	-122.4515	-3	678	678
79	  37.7881	-122.4084	-3	899	899
80	  37.8072	-122.4158	-3	887	887
81	  37.7666	-122.4029	-3	649	649
82	  37.7928	-122.3964	-3	692	692
83	  37.7910	-122.3899	-3	690	690
84	  37.6161	-122.3883	-3	701	701
85	  37.7255	-122.4341	-3	618	618
86	  37.7517	-122.4278	-3	851	851
87	  37.7920	-122.4003	-3	594	594
88	  37.7927	-122.4032	-3	572	572
89	  37.7761	-122.4113	-3	548	548
90	  37.7640	-122.3976	-3	696	696
91	  37.7663	-122.4248	-3	591	591
92	  37.7481	-122.4197	-3	764	764
93	  37.7874	-122.4214	-3	727	727
94	  37.7857	-122.4288	-3	690	690
95	  37.7865	-122.4048	-3	586	586
96	  37.8080	-122.4158	-3	950	950
97	  37.7913	-122.3983	-3	615	615
98	  37.7960	-122.4005	-3	547	547
99	  37.8004	-122.4241	-3	765	765
100	  37.7806	-122.4169	1	1002	1062
101	  37.7968	-122.4051	1	911	971
102	  37.7780	-122.4296	1	749	809
103	  37.6180	-122.3863	1	711	771
104	  37.7917	-122.3980	1	838	898
105	  37.7996	-122.4227	1	670	730
106	  37.8081	-122.4158	1	721	781
107	  37.6180	-122.3863	1	814	874
108	  37.8032	-122.4010	1	700	760
109	  37.7764	-122.3959	1	800	860
110	  37.8001	-122.4044	1	592	652
111	  37.7884	-122.4073	1	703	763
112	  37.7836	-122.4315	1	1001	1061
113	  37.7811	-122.4626	1	678	738
114	  37.7917	-122.3980	1	829	889
115	  37.7866	-122.4145	1	739	799
116	  37.7292	-122.3741	1	797	857
117	  37.7853	-122.4000	1	601	661
118	  37.7684	-122.4223	1	639	699
119	  37.7771	-122.4232	1	619	679
120	  37.6180	-122.3863	1	898	958
121	  37.7823	-122.3997	1	843	903
122	  37.7940	-122.4015	1	982	1042
123	  37.7855	-122.4213	1	993	1053
124	  37.8011	-122.4194	1	602	662
125	  37.7860	-122.4111	-1	1068	1140
126	  37.7975	-122.4059	-1	977	1140
127	  37.7780	-122.4297	-1	840	1140
128	  37.7680	-122.3939	-1	777	1140
129	  37.7911	-122.3988	-1	904	1140
130	  37.7963	-122.4220	-1	736	1140
131	  37.8076	-122.4158	-1	812	1140
132	  37.7680	-122.3939	-1	881	1140
133	  37.7931	-122.4004	-1	766	1140
134	  37.7757	-122.3969	-1	866	1140
135	  37.8009	-122.4016	-1	658	1140
136	  37.7860	-122.4121	-1	772	1140
137	  37.7950	-122.4215	-1	1068	1140
138	  37.7807	-122.4704	-1	744	1140
139	  37.7911	-122.3988	-1	896	1140
140	  37.7884	-122.4067	-1	808	1140
141	  37.7342	-122.3975	-1	864	1140
142	  37.7963	-122.4004	-1	673	1140
143	  37.7905	-122.4002	-1	705	1140
144	  37.7771	-122.4232	-1	710	1140
145	  37.7680	-122.3939	-1	966	1140
146	  37.7903	-122.3912	-1	912	1140
147	  37.8065	-122.4142	-1	1048	1140
148	  37.7863	-122.4215	-1	1061	1140
149	  37.7974	-122.4322	-1	675	1140
150	  37.7514	-122.3944	0	540	1140
