13	5	80	40
0	  37.7789	-122.4154	3	574	574
1	  37.7825	-122.3931	3	764	764
2	  37.7876	-122.4103	3	918	918
3	  37.7803	-122.4127	3	808	808
4	  37.7844	-122.4391	3	981	981
5	  37.8573	-122.2544	3	825	825
6	  37.8084	-122.4100	3	1014	1014
7	  37.7861	-122.4013	3	914	914
8	  37.7838	-122.4839	3	724	724
9	  37.8044	-122.4456	3	717	717
10	  37.7901	-122.3971	3	913	913
11	  37.9899	-122.3118	3	546	546
12	  37.7928	-122.4035	3	805	805
13	  37.7863	-122.4051	3	796	796
14	  37.6180	-122.3860	3	646	646
15	  37.7937	-122.3973	3	600	600
16	  37.7932	-122.3998	3	751	751
17	  37.7913	-122.4230	3	859	859
18	  37.7769	-122.4309	3	914	914
19	  37.7880	-122.4068	3	761	761
20	  37.7859	-122.4223	3	895	895
21	  37.6149	-122.3894	3	959	959
22	  37.7551	-122.4233	3	851	851
23	  37.7909	-122.4073	3	572	572
24	  37.7931	-122.3985	3	963	963
25	  37.6152	-122.3846	3	922	922
26	  37.7854	-122.3999	3	979	979
27	  37.8057	-122.4211	3	887	887
28	  37.7397	-122.3915	3	813	813
29	  37.7390	-122.4239	3	624	624
30	  37.7551	-122.4233	3	851	851
31	  37.7852	-122.4109	3	736	736
32	  37.7942	-122.4047	3	940	940
33	  37.7855	-122.4086	3	899	899
34	  37.7758	-122.3950	3	569	569
35	  37.7801	-122.4125	3	969	969
36	  37.7789	-122.4154	3	574	574
37	  37.7935	-122.4262	3	832	832
38	  37.6179	-122.3861	3	690	690
39	  37.7859	-122.4111	3	689	689
40	  37.7937	-122.3973	3	600	600
41	  37.6148	-122.3896	3	855	855
42	  37.7789	-122.4102	3	743	743
43	  37.7948	-122.4021	3	692	692
44	  37.7909	-122.4073	3	572	572
45	  37.7878	-122.4092	3	962	962
46	  37.7696	-122.4503	3	851	851
47	  37.7940	-122.3931	3	708	708
48	  37.8026	-122.4399	3	944	944
49	  37.7600	-122.3964	3	875	875
50	  37.8002	-122.4419	3	794	794
51	  37.7762	-122.4118	3	957	957
52	  37.7854	-122.3999	3	979	979
53	  37.7769	-122.3945	3	737	737
54	  37.7945	-122.4001	3	965	965
55	  37.7851	-122.4327	3	898	898
56	  37.8053	-122.4241	3	906	906
57	  37.7993	-122.4399	3	649	649
58	  37.7857	-122.4248	3	573	573
59	  37.7935	-122.4262	3	832	832
60	  37.7878	-122.4092	3	962	962
61	  37.7859	-122.4223	3	895	895
62	  37.7883	-122.4165	3	624	624
63	  37.5286	-122.2666	3	995	995
64	  37.7857	-122.4096	3	788	788
65	  37.7721	-122.4064	3	943	943
66	  37.7884	-122.4032	3	847	847
67	  37.7882	-122.4083	3	920	920
68	  37.8057	-122.4211	3	887	887
69	  37.8066	-122.4214	3	735	735
70	  37.7876	-122.4103	3	918	918
71	  37.7923	-122.4345	3	611	611
72	  37.7923	-122.4345	3	611	611
73	  37.8007	-122.4223	3	556	556
74	  37.7803	-122.4127	3	808	808
75	  37.7459	-122.4422	3	865	865
76	  37.7883	-122.4165	3	624	624
77	  37.8037	-122.4436	3	923	923
78	  37.7954	-122.4032	3	591	591
79	  37.8007	-122.4223	3	556	556
80	  37.7754	-122.4188	-3	574	574
81	  37.7481	-122.4197	-3	764	764
82	  37.7868	-122.4101	-3	918	918
83	  37.7837	-122.4085	-3	808	808
84	  37.7921	-122.4037	-3	981	981
85	  37.7572	-122.4189	-3	825	825
86	  37.8084	-122.4105	-3	1014	1014
87	  37.7905	-122.4034	-3	914	914
88	  37.7879	-122.4488	-3	724	724
89	  37.8002	-122.4412	-3	717	717
90	  37.7824	-122.4168	-3	913	913
91	  37.7837	-122.3901	-3	546	546
92	  37.7952	-122.4049	-3	805	805
93	  37.7835	-122.3993	-3	796	796
94	  37.7852	-122.4047	-3	646	646
95	  37.7929	-122.3972	-3	600	600
96	  37.7918	-122.4005	-3	751	751
97	  37.7923	-122.4109	-3	859	859
98	  37.7901	-122.4010	-3	914	914
99	  37.7875	-122.4066	-3	761	761
100	  37.7858	-122.4219	-3	895	895
101	  37.7817	-122.3920	-3	959	959
102	  37.7517	-122.4278	-3	851	851
103	  37.7927	-122.4032	-3	572	572
104	  37.8031	-122.4115	-3	963	963
105	  37.7604	-122.3934	-3	922	922
106	  37.7854	-122.4111	-3	979	979
107	  37.8072	-122.4158	-3	887	887
108	  37.7893	-122.4221	-3	813	813
109	  37.7393	-122.4239	-3	624	624
110	  37.7517	-122.4278	-3	851	851
111	  37.7919	-122.3979	-3	736	736
112	  37.7924	-122.4037	-3	940	940
113	  37.7881	-122.4084	-3	899	899
114	  37.7722	-122.4304	-3	569	569
115	  37.7823	-122.4105	-3	969	969
116	  37.7754	-122.4188	-3	574	574
117	  37.7829	-122.4275	-3	832	832
118	  37.7910	-122.3899	-3	690	690
119	  37.7859	-122.4111	-3	689	689
120	  37.7929	-122.3972	-3	600	600
121	  37.7827	-122.4612	-3	855	855
122	  37.7943	-122.3975	-3	743	743
123	  37.7928	-122.3964	-3	692	692
124	  37.7927	-122.4032	-3	572	572
125	  37.7871	-122.4093	-3	962	962
126	  37.6161	-122.3883	-3	851	851
127	  37.7936	-122.3926	-3	708	708
128	  37.7988	-122.4359	-3	944	944
129	  37.7921	-122.3945	-3	875	875
130	  37.8003	-122.4397	-3	794	794
131	  37.7774	-122.4163	-3	957	957
132	  37.7854	-122.4111	-3	979	979
133	  37.7793	-122.3934	-3	737	737
134	  37.7848	-122.4094	-3	965	965
135	  37.7852	-122.4327	-3	898	898
136	  37.7980	-122.4008	-3	906	906
137	  37.7666	-122.4029	-3	649	649
138	  37.7863	-122.4148	-3	573	573
139	  37.7829	-122.4275	-3	832	832
140	  37.7871	-122.4093	-3	962	962
141	  37.7858	-122.4219	-3	895	895
142	  37.7883	-122.4165	-3	624	624
143	  37.6146	-122.3944	-3	995	995
144	  37.7780	-122.3918	-3	788	788
145	  37.7812	-122.4114	-3	943	943
146	  37.7982	-122.4228	-3	847	847
147	  37.7891	-122.4023	-3	920	920
148	  37.8072	-122.4158	-3	887	887
149	  37.8056	-122.4221	-3	735	735
150	  37.7868	-122.4101	-3	918	918
151	  37.7970	-122.4238	-3	611	611
152	  37.7970	-122.4238	-3	611	611
153	  37.6163	-122.3881	-3	556	556
154	  37.7837	-122.4085	-3	808	808
155	  37.7687	-122.4287	-3	865	865
156	  37.7883	-122.4165	-3	624	624
157	  37.8002	-122.4413	-3	923	923
158	  37.7906	-122.3989	-3	591	591
159	  37.6163	-122.3881	-3	556	556
160	  37.7792	-122.3955	1	619	679
161	  37.8081	-122.4158	1	829	889
162	  37.7766	-122.3922	1	730	790
163	  37.8082	-122.4163	1	839	899
164	  37.8063	-122.4047	1	1000	1060
165	  37.7810	-122.4090	1	937	997
166	  37.8081	-122.4158	1	770	830
167	  37.7837	-122.3941	1	678	738
168	  37.7868	-122.4067	1	696	756
169	  37.7927	-122.3941	1	808	868
170	  37.7899	-122.4309	1	1009	1069
171	  37.6163	-122.3903	1	950	1010
172	  37.7574	-122.4126	1	690	750
173	  37.7880	-122.4042	1	624	684
174	  37.7904	-122.3966	1	984	1044
175	  37.7942	-122.3939	1	666	726
176	  37.7764	-122.3959	1	1003	1063
177	  37.7748	-122.4040	1	683	743
178	  37.7891	-122.4102	1	901	961
179	  37.8081	-122.4158	1	824	884
180	  37.7917	-122.4159	1	623	683
181	  37.7701	-122.4470	1	850	910
182	  37.7932	-122.3977	1	583	643
183	  37.8085	-122.4135	1	565	625
184	  37.7684	-122.3910	1	929	989
185	  37.7760	-122.4466	1	831	891
186	  37.7545	-122.4166	1	823	883
187	  37.7968	-122.4051	1	989	1049
188	  37.7880	-122.4042	1	578	638
189	  37.7243	-122.3983	1	790	850
190	  37.8041	-122.4385	1	562	622
191	  37.7545	-122.4166	1	589	649
192	  37.7868	-122.4067	1	542	602
193	  37.7837	-122.3941	1	684	744
194	  37.7828	-122.4644	1	820	880
195	  37.7760	-122.4466	1	1002	1062
196	  37.8031	-122.4198	1	612	672
197	  37.8016	-122.4300	1	581	641
198	  37.8016	-122.4300	1	670	730
199	  37.7899	-122.4309	1	700	760
200	  37.7844	-122.4084	-1	685	1140
201	  37.8076	-122.4158	-1	895	1140
202	  37.7821	-122.3925	-1	797	1140
203	  37.7993	-122.4189	-1	906	1140
204	  37.8077	-122.4122	-1	1078	1140
205	  37.7809	-122.5052	-1	1003	1140
206	  37.8076	-122.4158	-1	836	1140
207	  37.7820	-122.3921	-1	744	1140
208	  37.7868	-122.4066	-1	762	1140
209	  37.7924	-122.3942	-1	876	1140
210	  37.7782	-122.4283	-1	1075	1140
211	  37.6172	-122.3874	-1	1025	1140
212	  37.8014	-122.4317	-1	756	1140
213	  37.7874	-122.4048	-1	691	1140
214	  37.7868	-122.4014	-1	1050	1140
215	  37.7944	-122.3991	-1	732	1140
216	  37.7757	-122.3969	-1	1073	1140
217	  37.7574	-122.4177	-1	750	1140
218	  37.7871	-122.4169	-1	967	1140
219	  37.8076	-122.4158	-1	890	1140
220	  37.7908	-122.4174	-1	692	1140
221	  37.7784	-122.4663	-1	918	1140
222	  37.7872	-122.4090	-1	649	1140
223	  37.8081	-122.4158	-1	636	1140
224	  37.7921	-122.4004	-1	996	1140
225	  37.7739	-122.4341	-1	900	1140
226	  37.7724	-122.4188	-1	889	1140
227	  37.7975	-122.4059	-1	1055	1140
228	  37.7874	-122.4048	-1	653	1140
229	  37.7712	-122.4108	-1	861	1140
230	  37.7743	-122.4352	-1	631	1140
231	  37.7724	-122.4188	-1	655	1140
232	  37.7868	-122.4066	-1	608	1140
233	  37.7820	-122.3921	-1	753	1140
234	  37.7888	-122.4878	-1	887	1140
235	  37.7739	-122.4341	-1	1072	1140
236	  37.7887	-122.4053	-1	678	1140
237	  37.8012	-122.4279	-1	647	1140
238	  37.8012	-122.4279	-1	738	1140
239	  37.7782	-122.4283	-1	773	1140
240	  37.7514	-122.3944	0	540	1140
