10	5	60	30
0	  37.7710	-122.4252	3	747	747
1	  37.6307	-122.4021	3	821	821
2	  37.7844	-122.4312	3	701	701
3	  37.7901	-122.3971	3	913	913
4	  37.7891	-122.4014	3	1007	1007
5	  37.6178	-122.3853	3	613	613
6	  37.7838	-122.4207	3	735	735
7	  37.7699	-122.4487	3	886	886
8	  37.7818	-122.4205	3	879	879
9	  37.7862	-122.4053	3	886	886
10	  37.7802	-122.4128	3	954	954
11	  37.7885	-122.4070	3	926	926
12	  37.7838	-122.4839	3	724	724
13	  37.7710	-122.4252	3	747	747
14	  37.7884	-122.4103	3	852	852
15	  37.7918	-122.4112	3	993	993
16	  37.7981	-122.4248	3	652	652
17	  37.7935	-122.4262	3	832	832
18	  37.7617	-122.4101	3	548	548
19	  37.7896	-122.4293	3	748	748
20	  37.7818	-122.4048	3	618	618
21	  37.7548	-122.4026	3	700	700
22	  37.7931	-122.3985	3	963	963
23	  37.7634	-122.4577	3	867	867
24	  37.9899	-122.3118	3	546	546
25	  37.7803	-122.4127	3	808	808
26	  37.7721	-122.4064	3	943	943
27	  37.7548	-122.4026	3	700	700
28	  37.7854	-122.3999	3	979	979
29	  37.7940	-122.4014	3	649	649
30	  37.7905	-122.4035	3	615	615
31	  37.8028	-122.4207	3	910	910
32	  37.7942	-122.4047	3	940	940
33	  37.7912	-122.4241	3	922	922
34	  37.7855	-122.4061	3	610	610
35	  37.7923	-122.4007	3	697	697
36	  37.7931	-122.3985	3	963	963
37	  37.6179	-122.3869	3	984	984
38	  37.6178	-122.3853	3	613	613
39	  37.8084	-122.4100	3	887	887
40	  37.7846	-122.4307	3	734	734
41	  37.8026	-122.4399	3	944	944
42	  37.7812	-122.4002	3	786	786
43	  37.6180	-122.3860	3	646	646
44	  37.7843	-122.4326	3	840	840
45	  37.8573	-122.2544	3	825	825
46	  37.7942	-122.4047	3	940	940
47	  37.7859	-122.4111	3	689	689
48	  37.7821	-122.4101	3	820	820
49	  37.7938	-122.4030	3	551	551
50	  37.7862	-122.4053	3	886	886
51	  37.7928	-122.4035	3	805	805
52	  37.7861	-122.4013	3	914	914
53	  37.8084	-122.4100	3	1014	1014
54	  37.7884	-122.4103	3	852	852
55	  37.7816	-122.4145	3	891	891
56	  37.6163	-122.3860	3	647	647
57	  37.7993	-122.4399	3	649	649
58	  37.7863	-122.4051	3	796	796
59	  37.8088	-122.4159	3	817	817
60	  37.7679	-122.4289	-3	747	747
61	  37.7199	-122.3967	-3	821	821
62	  37.6161	-122.3883	-3	701	701
63	  37.7824	-122.4168	-3	913	913
64	  37.7914	-122.3967	-3	1007	1007
65	  37.7806	-122.4023	-3	613	613
66	  37.7888	-122.3990	-3	735	735
67	  37.7705	-122.4437	-3	886	886
68	  37.7802	-122.4072	-3	879	879
69	  37.7961	-122.4052	-3	886	886
70	  37.7817	-122.4110	-3	954	954
71	  37.7891	-122.4018	-3	926	926
72	  37.7879	-122.4488	-3	724	724
73	  37.7679	-122.4289	-3	747	747
74	  37.7817	-122.3918	-3	852	852
75	  37.7932	-122.4009	-3	993	993
76	  37.7964	-122.4257	-3	652	652
77	  37.7829	-122.4275	-3	832	832
78	  37.7761	-122.4113	-3	548	548
79	  37.7908	-122.4310	-3	748	748
80	  37.7255	-122.4341	-3	618	618
81	  37.7546	-122.4026	-3	700	700
82	  37.8031	-122.4115	-3	963	963
83	  37.7727	-122.4541	-3	867	867
84	  37.7837	-122.3901	-3	546	546
85	  37.7837	-122.4085	-3	808	808
86	  37.7812	-122.4114	-3	943	943
87	  37.7546	-122.4026	-3	700	700
88	  37.7854	-122.4111	-3	979	979
89	  37.7954	-122.4005	-3	649	649
90	  37.7913	-122.3983	-3	615	615
91	  37.7919	-122.4095	-3	910	910
92	  37.7924	-122.4037	-3	940	940
93	  37.7906	-122.3963	-3	922	922
94	  37.7917	-122.3977	-3	610	610
95	  37.7897	-122.4043	-3	697	697
96	  37.8031	-122.4115	-3	963	963
97	  37.7880	-122.4015	-3	984	984
98	  37.7806	-122.4023	-3	613	613
99	  37.8084	-122.4101	-3	887	887
100	  37.7882	-122.4077	-3	734	734
101	  37.7988	-122.4359	-3	944	944
102	  37.7789	-122.3958	-3	786	786
103	  37.7852	-122.4047	-3	646	646
104	  37.7836	-122.4344	-3	840	840
105	  37.7572	-122.4189	-3	825	825
106	  37.7924	-122.4037	-3	940	940
107	  37.7859	-122.4111	-3	689	689
108	  37.7928	-122.4103	-3	820	820
109	  37.7945	-122.3949	-3	551	551
110	  37.7961	-122.4052	-3	886	886
111	  37.7952	-122.4049	-3	805	805
112	  37.7905	-122.4034	-3	914	914
113	  37.8084	-122.4105	-3	1014	1014
114	  37.7817	-122.3918	-3	852	852
115	  37.7962	-122.4192	-3	891	891
116	  37.6164	-122.3880	-3	647	647
117	  37.7666	-122.4029	-3	649	649
118	  37.7835	-122.3993	-3	796	796
119	  37.8075	-122.4191	-3	817	817
120	  37.8078	-122.4108	1	633	693
121	  37.8081	-122.4158	1	728	788
122	  37.7917	-122.4159	1	608	668
123	  37.8066	-122.4140	1	597	657
124	  37.7917	-122.3980	1	943	1003
125	  37.7119	-122.2098	1	844	904
126	  37.7946	-122.4011	1	878	938
127	  37.7907	-122.4005	1	678	738
128	  37.7684	-122.4223	1	891	951
129	  37.7572	-122.4189	1	947	1007
130	  37.7837	-122.3941	1	616	676
131	  37.7618	-122.4211	1	610	670
132	  37.7837	-122.3941	1	740	800
133	  37.7890	-122.4026	1	858	918
134	  37.7701	-122.4470	1	877	937
135	  37.8016	-122.4300	1	645	705
136	  37.7243	-122.3983	1	685	745
137	  37.7618	-122.4211	1	755	815
138	  37.6179	-122.3858	1	708	768
139	  37.7811	-122.4626	1	631	691
140	  37.7867	-122.4028	1	907	967
141	  37.7932	-122.3977	1	946	1006
142	  37.7907	-122.4005	1	666	726
143	  37.7917	-122.3980	1	863	923
144	  37.7809	-122.4326	1	742	802
145	  37.7927	-122.3941	1	794	854
146	  37.7437	-122.4212	1	755	815
147	  37.7572	-122.4189	1	566	626
148	  37.7748	-122.4040	1	704	764
149	  37.7940	-122.4015	1	721	781
150	  37.7908	-122.4183	-1	699	1140
151	  37.8076	-122.4158	-1	794	1140
152	  37.7908	-122.4174	-1	674	1140
153	  37.8066	-122.4139	-1	663	1140
154	  37.7911	-122.3988	-1	1046	1140
155	  37.7927	-122.3994	-1	912	1140
156	  37.7857	-122.4060	-1	944	1140
157	  37.7907	-122.4005	-1	750	1140
158	  37.7905	-122.4002	-1	960	1140
159	  37.7632	-122.3976	-1	1013	1140
160	  37.7820	-122.3921	-1	682	1140
161	  37.7622	-122.4218	-1	676	1140
162	  37.7820	-122.3921	-1	806	1140
163	  37.7854	-122.3999	-1	927	1140
164	  37.7784	-122.4663	-1	943	1140
165	  37.8012	-122.4279	-1	720	1140
166	  37.7712	-122.4108	-1	751	1140
167	  37.7622	-122.4218	-1	830	1140
168	  37.6740	-122.3896	-1	775	1140
169	  37.7807	-122.4704	-1	698	1140
170	  37.7948	-122.4014	-1	975	1140
171	  37.7872	-122.4090	-1	1012	1140
172	  37.7907	-122.4005	-1	732	1140
173	  37.7911	-122.3988	-1	929	1140
174	  37.7757	-122.4329	-1	808	1140
175	  37.7924	-122.3942	-1	860	1140
176	  37.7434	-122.4213	-1	824	1140
177	  37.7632	-122.3976	-1	636	1140
178	  37.7574	-122.4177	-1	773	1140
179	  37.8065	-122.4142	-1	796	1140
180	  37.7514	-122.3944	0	540	1140
