DIMENSION: 27
N: 15
M: 5
K: 2

SERVICE: 
74 705 379 27 260 128 387 104 67 334 122 301 326 101 97 

DIST MATRIX: 
    0   422   412   659   512   429   703   426   426   435   665   505   483   360   381   262   471   332   402   650   533   252   250   696    76    71   272     0 
  397     0   688   979   647   652  1005   668   733   663   969   812   804   584   596   160   514   606   505   972   485   344   551   926   371   256   331     0 
   87   392     0   656   451   380   685   382   410   387   648   489   511   309   329   291   531   386   338   650   587   311   296   651   137    96   329     0 
  606   361   388     0   692   516   176   471   285   501   163   221   324   535   545   933   972   578   732    31  1095   835   539   494   658   750   866     0 
  221   237   215   558     0   174   543   185   299   184   510   368   525   104   122   491   731   505   190   561   794   514   404   449   315   302   534     0 
  410   289   262   618    72     0   551   174   384   143   528   427   670   133   112   647   916   689   116   630   970   696   588   342   503   474   714     0 
  541   437   462   230   781   599     0   555   339   587   364   323   139   592   609   832   800   407   781   200   932   700   401   665   562   674   731     0 
  276    94    76   417   303   133   400     0   161   128   367   225   434   105   124   595   782   487   297   422   865   579   390   361   368   399   604     0 
  332   161   182   255   497   316   310   273     0   306   272   119   250   305   323   664   756   392   496   250   865   589   317   445   394   476   619     0 
  131   360   344   649   384   325   662   333   394     0   627   472   538   254   272   340   599   441   270   646   651   378   347   600   202   155   395     0 
  470   175   201   161   505   328   160   283   119   313     0    40   342   349   358   805   906   534   545   174  1015   738   466   351   540   613   768     0 
  292   162   137   496   224    85   461    90   244    91   431     0   516    22    46   583   807   544   212   503   878   594   444   356   388   391   616     0 
  735   717   741   500  1055   876   659   833   619   865   641   610     0   859   879   959   813   487  1038   470   955   792   539   953   722   844   820     0 
  272   100    81   423   300   132   406   104   166   128   373   231   437     0   121   590   779   487   292   428   862   575   389   364   365   394   600     0 
  349   281   254   615   131   139   566   178   368   155   539   421   636   108     0   582   852   636    90   624   905   631   535   390   441   409   649     0 
  335   680   669   914   703   665   964   671   687   674   927   766   698   594   612     0   359   473   567   902   351   188   435   939   275   197   172     0 
  515   842   842   961   982   891  1062   880   806   894  1025   875   663   824   847   359     0   396   865   940   141   222   441  1143   419   451   211     0 
  310   516   525   569   761   617   682   590   452   615   646   509   268   566   590   473   396     0   687   547   526   309   101   823   258   378   339     0 
  386   371   344   705   143   226   654   267   456   242   628   511   712   197   187   567   865   687     0   714   905   643   587   458   470   414   657     0 
  577   343   370    30   679   501   190   456   263   487   171   203   295   517   528   902   940   547   714     0  1063   804   507   496   628   721   835     0 
  590   934   931  1083  1033   963  1174   957   909   968  1136   982   794   893   914   351   141   526   905  1063     0   286   557  1225   497   497   262     0 
  304   649   644   820   762   679   898   672   628   684   860   703   561   610   632   188   222   309   643   804   286     0   301   939   211   230    31     0 
  216   426   432   526   660   518   621   493   372   516   584   436   264   466   490   435   441   101   587   507   557   301     0   733   183   306   333     0 
  636   308   303   471   336   275   334   270   379   266   333   351   684   346   330   939  1143   823   458   496  1225   939   733     0   729   747   964     0 
   96   439   434   640   572   472   700   463   425   476   663   503   433   406   428   275   419   258   470   628   497   211   183   729     0   123   237     0 
  144   484   472   730   537   475   770   477   494   483   733   573   550   404   424   197   451   378   414   721   497   230   306   747   123     0   243     0 
  328   676   671   851   778   701   928   696   657   706   890   732   593   632   654   172   211   339   657   835   262    31   333   964   237   243     0     0 
    0     0     0     0     0     0     0     0     0     0     0     0     0     0     0     0     0     0     0     0     0     0     0     0     0     0     0     0 
