DIMENSION: 47
N: 15
M: 15
K: 2

SERVICE: 
74 705 379 27 260 128 387 104 67 334 122 301 326 101 97 

DIST MATRIX: 
    0   422   412   659   512   429   703   426   426   435   665   505   483   360   381   378   376   463   190   228   127   230   106   312   264   221   799   111   476   290   410   189   517   372   299    81    96   209   216   417   126   741   335   513   163    71   371     0 
  397     0   688   979   647   652  1005   668   733   663   969   812   804   584   596   370   673   787   431   543   422   556   391   637   587   527  1064   418   626   556   316   430   843   677   559   357   377   373   495   727   429   976   190   550   472   256   426     0 
   87   392     0   656   451   380   685   382   410   387   648   489   511   309   329   432   420   466   253   219    99   240   167   318   292   204   764   163   540   250   455   252   525   414   257   145   158   272   180   455   179   698   367   574   210    96   431     0 
  606   361   388     0   692   516   176   471   285   501   163   221   324   535   545   963   493   218   678   458   581   450   654   368   451   477   402   616   837   491  1035   679   178   467   495   679   665   766   524   424   612   489   998  1002   575   750   910     0 
  221   237   215   558     0   174   543   185   299   184   510   368   525   104   122   639   505   406   425   195   152   259   340   296   344   163   580   316   714    93   662   424   471   487    89   332   337   467    97   510   330   498   567   774   337   302   632     0 
  410   289   262   618    72     0   551   174   384   143   528   427   670   133   112   816   679   516   614   363   342   430   529   446   518   334   511   505   903   228   827   613   578   659   215   519   525   653   277   674   519   394   722   958   525   474   815     0 
  541   437   462   230   781   599     0   555   339   587   364   323   139   592   609   817   316   204   545   425   542   386   548   316   343   454   609   515   646   516   900   546   144   295   525   580   561   632   517   243   507   672   887   825   464   674   753     0 
  276    94    76   417   303   133   400     0   161   128   367   225   434   105   124   711   460   283   457   157   214   220   384   214   303   139   460   350   729    57   750   457   347   437    56   389   387   520   126   445   359   403   671   822   349   399   690     0 
  332   161   182   255   497   316   310   273     0   306   272   119   250   305   323   722   333    83   438   181   303   183   395   107   217   200   465   356   658   233   783   438   148   305   241   416   404   520   251   292   356   470   733   792   325   476   680     0 
  131   360   344   649   384   325   662   333   394     0   627   472   538   254   272   496   467   469   318   220   101   258   232   328   325   197   724   222   607   211   513   317   531   457   215   212   224   340   152   493   238   648   417   642   263   155   498     0 
  470   175   201   161   505   328   160   283   119   313     0    40   342   349   358   872   467   156   588   316   430   331   544   258   366   326   327   504   802   315   932   589   181   439   317   562   552   671   360   414   505   362   876   942   475   613   830     0 
  292   162   137   496   224    85   461    90   244    91   431     0   516    22    46   722   528   369   490   213   223   280   409   291   367   186   485   380   773    76   750   489   433   507    63   407   409   542   141   520   391   404   660   848   390   391   710     0 
  735   717   741   500  1055   876   659   833   619   865   641   610     0   859   879   878   415   483   660   660   758   603   699   555   532   691   885   677   629   773   974   662   430   413   784   733   713   735   758   367   664   958   998   825   623   844   802     0 
  272   100    81   423   300   132   406   104   166   128   373   231   437     0   121   708   461   288   455   156   209   219   381   216   303   137   465   347   728    51   746   455   352   438    50   386   383   517   121   447   356   407   666   820   347   394   687     0 
  349   281   254   615   131   139   566   178   368   155   539   421   636   108     0   751   631   494   553   317   282   383   467   408   470   286   550   445   843   188   762   552   558   613   176   456   463   589   225   632   459   442   658   894   468   409   751     0 
  436   783   778   949   879   807  1032   803   762   813   994   837   677   738   759     0   504   751   286   574   502   542   333   615   514   578  1160   371   293   665    99   286   786   522   674   323   328   201   590   575   368  1114   186   180   397   342    79     0 
  337   473   486   486   750   593   607   561   398   588   572   445   178   550   573   504     0   313   250   316   377   249   285   252   161   345   792   266   345   452   591   251   321    28   465   319   298   331   407    73   251   802   594   512   213   432   438     0 
  391   235   259   201   577   395   296   351   136   384   260   143   190   388   405   751   313     0   465   249   373   233   436   151   236   273   483   398   653   316   820   465    65   285   325   461   447   551   329   258   395   511   780   803   358   534   701     0 
  204   516   515   664   684   572   747   557   482   574   709   555   407   509   533   286   250   465     0   305   273   262    87   330   228   318   887   110   290   420   359     1   501   260   432   109    94    88   349   313    99   856   346   366   115   217   242     0 
  154   211   210   436   434   285   475   261   198   283   437   277   334   235   259   574   316   249   305     0   123    67   241   110   155    31   587   203   572   137   624   305   311   296   150   253   246   376    98   316   209   550   561   672   194   297   544     0 
   70   297   286   559   412   308   586   301   311   312   549   391   438   240   263   502   377   373   273   123     0   158   189   228   228   105   673   164   561   163   537   272   433   365   173   184   187   319    89   397   177   614   459   626   189   187   487     0 
  159   259   263   431   502   350   492   323   221   347   454   295   281   302   326   542   249   233   262    67   158     0   212    82    87    97   625   173   514   204   600   262   287   229   217   233   221   341   161   251   174   601   551   626   147   301   504     0 
  119   451   448   637   599   493   704   481   431   496   666   507   416   428   451   333   285   436    87   241   189   212     0   290   208   248   828    39   377   343   388    86   482   286   354    35    14   136   270   336    42   787   345   440    84   149   305     0 
  240   221   234   349   515   347   417   311   158   340   379   225   229   313   335   615   252   151   330   110   228    82   290     0   113   139   566   251   559   221   678   331   207   227   232   313   300   413   204   231   250   557   632   686   218   383   572     0 
  205   329   337   436   589   435   522   405   271   431   485   335   220   389   413   514   161   236   228   155   228    87   208   113     0   184   679   173   446   291   584   229   276   143   304   238   220   315   247   170   166   668   553   576   125   331   467     0 
  149   205   200   454   406   262   483   241   207   261   446   286   365   208   232   578   345   273   318    31   105    97   248   139   184     0   583   212   592   111   624   318   335   326   124   256   251   384    67   347   220   539   556   684   210   288   553     0 
  731   378   387   386   516   418   226   396   408   405   246   348   665   482   473  1160   792   483   887   587   673   625   828   566   679   583     0   790  1123   515  1207   887   499   765   509   839   833   962   586   741   795   144  1131  1250   772   859  1129     0 
   97   414   411   598   576   463   664   448   392   465   626   468   386   399   422   371   266   398   110   203   164   173    39   251   173   212   790     0   398   311   428   110   444   264   322    65    49   173   239   311    16   751   383   473    54   167   341     0 
  494   772   777   831   974   853   949   832   716   853   913   776   516   793   817   293   345   653   290   572   561   514   377   559   446   592  1123   398     0   700   390   291   665   372   712   395   384   280   633   413   384  1113   465   196   383   485   216     0 
  229   151   133   465   299   153   456   139   206   154   422   276   448    98   122   665   452   316   420   137   163   204   343   221   291   111   515   311   700     0   699   420   381   432    13   344   344   478    75   446   322   451   617   783   317   345   647     0 
  476   828   821  1020   886   834  1092   835   818   842  1054   895   761   764   783    99   591   820   359   624   537   600   388   678   584   624  1207   428   390   699     0   358   859   607   708   370   380   271   625   661   427  1150   126   253   462   359   178     0 
  203   515   515   664   683   572   747   557   483   574   709   555   408   508   532   286   251   465     1   305   272   262    86   331   229   318   887   110   291   420   358     0   502   261   432   108    93    87   349   314    98   856   344   366   115   215   242     0 
  446   293   318   167   637   456   293   411   195   443   260   182   168   451   468   786   321    65   501   311   433   287   482   207   276   335   499   444   665   381   859   502     0   293   389   509   493   589   393   256   440   543   827   825   401   588   732     0 
  329   447   461   459   730   570   579   537   371   565   544   417   156   529   552   522    28   285   260   296   365   229   286   227   143   326   765   264   372   432   607   261   293     0   444   321   300   344   390    54   251   775   605   537   210   431   458     0 
  240   150   130   470   286   141   456   128   211   142   423   279   460    85   109   674   465   325   432   150   173   217   354   232   304   124   509   322   712    13   708   432   389   444     0   354   354   488    85   459   333   442   624   794   330   352   658     0 
  115   461   456   661   587   491   723   483   448   495   685   525   449   424   447   323   319   461   109   253   184   233    35   313   238   256   839    65   395   344   370   108   509   321   354     0    21   136   269   370    73   792   319   442   116   115   303     0 
  117   455   451   647   594   493   712   482   438   496   674   515   430   427   449   328   298   447    94   246   187   221    14   300   220   251   833    49   384   344   380    93   493   300   354    21     0   134   270   350    54   789   334   440    97   135   303     0 
  250   586   584   751   721   626   830   616   561   630   792   636   494   559   582   201   331   551    88   376   319   341   136   413   315   384   962   173   280   478   271    87   589   344   488   136   134     0   404   398   167   923   264   307   195   206   169     0 
  155   213   199   500   349   224   511   213   243   227   475   320   432   160   184   590   407   329   349    98    89   161   270   204   247    67   586   239   633    75   625   349   393   390    85   269   270   404     0   412   251   526   545   709   251   273   573     0 
  369   444   460   419   744   578   547   541   359   571   513   397   105   542   565   575    73   258   313   316   397   251   336   231   170   347   741   311   413   446   661   314   256    54   459   370   350   398   412     0   299   761   659   584   257   479   510     0 
  112   420   419   596   590   474   665   458   394   475   627   470   376   411   435   368   251   395    99   209   177   174    42   250   166   220   795    16   384   322   427    98   440   251   333    73    54   167   251   299     0   759   387   464    43   181   334     0 
  679   342   340   468   387   325   321   316   404   315   326   368   701   395   380  1114   802   511   856   550   614   601   787   557   668   539   144   751  1113   451  1150   856   543   775   442   792   789   923   526   761   759     0  1064  1222   744   794  1092     0 
  407   755   744   980   777   742  1036   747   759   750   998   838   751   671   688   186   594   780   346   561   459   551   345   632   553   556  1131   383   465   617   126   344   827   605   624   319   334   264   545   659   387  1064     0   364   427   272   253     0 
  556   882   882   992  1025   932  1096   921   843   936  1059   911   690   866   889   180   512   803   366   672   626   626   440   686   576   684  1250   473   196   783   253   366   825   537   794   442   440   307   709   584   464  1222   364     0   480   494   145     0 
  132   402   403   559   597   470   635   451   368   470   597   441   333   411   435   397   213   358   115   194   189   147    84   218   125   210   772    54   383   317   462   115   401   210   330   116    97   195   251   257    43   744   427   480     0   222   357     0 
  144   484   472   730   537   475   770   477   494   483   733   573   550   404   424   342   432   534   217   297   187   301   149   383   331   288   859   167   485   345   359   215   588   431   352   115   135   206   273   479   181   794   272   494   222     0   349     0 
  418   755   752   897   881   795   988   786   725   799   950   797   614   727   749    79   438   701   242   544   487   504   305   572   467   553  1129   341   216   647   178   242   732   458   658   303   303   169   573   510   334  1092   253   145   357   349     0     0 
    0     0     0     0     0     0     0     0     0     0     0     0     0     0     0     0     0     0     0     0     0     0     0     0     0     0     0     0     0     0     0     0     0     0     0     0     0     0     0     0     0     0     0     0     0     0     0     0 
