DIMENSION: 47
N: 15
M: 15
K: 2

SERVICE: 
74 13 384 76 121 182 306 179 76 134 242 656 293 384 137 

DIST MATRIX: 
    0   704   759   535   159   667   335   535   638   419   494   263   702   588   224   105   547   542   719    72   205   532   485   604   800  1036   476   223   461   729   216   853   532   742   356    93   520   473   723   632  1167   443   686   140   576   480   581     0 
  724     0   219   439   666   300   520   262    99   430   476   515   209   148   473   689   527   261    63   651   757   458   543   170   302   347   485   480   466    54   493   325   281   530   665   743   537   304   340   324   539   323     9   599   504   502   703     0 
 1056   323     0   687   988   525   821   544   396   720   759   831   425   451   804  1020   793   540   322   980  1076   706   827   450   431   104   751   809   738   300   825   407   576   720   975  1071   786   616   496   565   370   627   341   925   733   765   968     0 
  668   409   622     0   487   654   280   179   316   187   708   342   594   280   429   662   777   175   476   535   545    88   758   247   704   699   149   410   152   395   507   734   554   867   784   598   159   529   154   656   935   214   408   466   100   156   925     0 
  300   781   893   473     0   829   280   553   696   387   699   262   840   641   340   340   759   558   815   198    30   462   701   643   949  1122   400   320   398   795   388   999   688   943   589   147   416   630   694   801  1293   465   767   202   484   396   812     0 
  832   425   197   815   889     0   822   635   501   765   380   780   215   529   670   782   369   637   354   830   984   833   430   564   115   449   841   692   818   457   631   121   322   213   617   921   904   380   754   210   394   654   417   808   888   859   512     0 
  108   698   763   508   124   677     0   519   629   394   514   238   707   577   216   139   569   525   716    45   173   505   508   591   807  1033   447   212   434   721   223   860   540   761   387    69   490   481   701   643  1171   425   680   114   547   451   610     0 
  515   440   619    85   333   616   127     0   343    37   616   188   580   292   289   512   687   182   495   381   397    86   657   276   695   767    55   267    30   440   373   734   494   807   656   443   122   455   291   608   978   134   432   311   141    72   818     0 
  609   168   356   280   516   386   356    99     0   264   480   359   325    21   346   582   544   100   222   515   604   299   539    46   436   505   320   346   300   176   389   470   301   606   617   604   376   292   251   392   705   158   158   456   350   338   708     0 
  528   552   733   139   313   725   130   291   455     0   705   212   692   405   346   536   776   293   608   385   352   123   740   387   807   875    70   319    87   551   432   847   599   909   715   426    67   556   363   714  1091   245   545   320   134    56   895     0 
  408   340   366   436   417   291   368   302   307   343     0   313   310   276   198   368   313   309   337   368   513   448   291   310   413   652   430   220   405   373   178   464   150   440   353   461   497    94   504   265   773   257   320   337   508   447   459     0 
  465   735   625   866   655   482   735   752   737   756   247     0   579   717   516   417   213   758   699   560   723   875   179   754   606   959   842   544   818   775   430   654   441   374   164   612   906   424   953   440   964   695   716   590   934   855    78     0 
  964   461   249   884  1005   302   918   703   551   850   520   884     0   590   785   915   510   704   392   953  1100   903   571   620   178   375   920   806   898   485   756   135   440   344   758  1045   979   499   789   338   259   737   460   925   954   938   649     0 
  922   235   190   668   893   332   756   496   332   667   574   746   238     0   688   881   602   495   191   867   986   688   641   401   230   146   719   700   701   239   691   208   406   519   801   961   768   455   528   374   304   559   245   821   729   736   774     0 
  264   486   503   488   327   405   356   400   443   375   255   280   446   404     0   221   320   407   485   254   417   495   270   433   539   799   460   166   436   518    59   592   271   497   247   342   524   214   606   370   910   327   466   247   553   473   415     0 
   53   699   722   596   258   616   408   566   645   477   418   329   665   600   243     0   463   573   703   162   310   597   398   622   753  1019   544   255   527   728   196   807   489   664   254   195   596   432   765   577  1127   477   680   217   646   552   481     0 
  516   540   412   748   644   269   662   605   557   653    71   593   368   548   452   463     0   611   497   561   729   761    67   587   394   747   741   481   716   581   379   443   250   203   254   638   808   253   794   227   759   569   522   566   821   757   177     0 
  592   260   456   181   465   479   282     7   163   180   543   304   423   114   331   573   611     0   319   481   545   200   598    95   535   585   224   322   206   258   392   569   380   692   649   562   277   359   199   480   798   100   253   416   251   241   767     0 
  741    71   157   498   702   253   568   319   160   483   452   556   155   205   500   703   497   319     0   679   795   518   520   230   240   318   542   510   522   104   510   262   260   481   656   772   596   295   402   282   486   373    68   631   565   559   674     0 
  143   658   733   464    97   652   263   474   587   349   503   193   677   535   179   162   561   481   679     0   169   461   503   548   780   995   404   171   390   681   199   832   513   749   396    94   448   454   656   620  1139   381   641    69   504   408   615     0 
  271   763   870   470    96   803   271   540   680   378   669   245   816   625   315   310   729   545   795   169     0   460   671   628   924  1104   397   295   393   778   359   974   662   914   559   120   418   604   688   774  1271   450   748   176   485   394   782     0 
  598   456   655    20   406   668   200   201   359   123   690   270   620   314   375   597   761   200   518   461   460     0   734   289   734   765    62   353    71   449   458   769   555   870   740   518    81   521   240   664   992   194   451   392    60    68   898     0 
  451   557   453   723   588   312   621   591   562   622    68   548   404   546   406   398    67   598   520   503   671   734     0   584   445   787   709   435   685   597   328   495   263   270   189   576   776   250   788   268   815   546   537   512   794   725   169     0 
  647   167   375   269   543   419   372    97    70   273   524   384   350    40   384   622   587    95   230   548   628   289   584     0   457   491   318   381   300   164   431   487   342   642   662   635   368   336   209   428   705   178   163   487   335   335   753     0 
  801   311    83   715   828   140   740   534   392   674   384   706   115   424   610   753   394   535   240   780   924   734   445   457     0   365   746   629   724   343   585    54   268   290   622   873   807   327   642   183   378   562   305   749   786   765   558     0 
 1058   341   335   745  1013   477   861   588   429   764   721   861   384   484   817  1019   747   585   318   995  1104   765   787   491   365     0   804   825   789   330   827   331   551   652   948  1088   846   598   571   520   268   663   356   945   798   820   918     0 
  543   484   670    74   345   670   141   223   387    88   670   216   632   337   332   544   741   224   542   404   397    62   709   318   746   804     0   308    25   481   418   785   549   862   702   458    67   510   299   662  1022   188   477   336   101    18   869     0 
  270   488   575   349   199   510   192   315   417   230   413   114   521   366    29   255   481   322   510   171   295   353   435   381   629   825   308     0   287   510   114   679   370   644   396   263   368   313   510   484   978   224   471   122   407   319   581     0 
  527   466   648    77   336   646   129   204   369    63   645   199   609   318   311   527   716   206   522   390   393    71   685   300   724   789    25   287     0   464   395   763   524   837   679   448    92   485   297   638  1004   164   458   321   120    42   845     0 
  761    41   260   429   689   352   531   261   100   435   530   534   257   155   505   728   581   258   104   681   778   449   597   164   343   330   481   510   464     0   532   359   334   582   715   771   529   356   304   377   543   334    59   626   490   498   757     0 
  232   503   543   452   269   454   305   385   450   335   314   227   486   406    86   196   379   392   510   199   359   458   328   431   585   827   418   114   395   532     0   637   317   556   284   289   480   258   589   421   951   303   484   188   514   430   468     0 
  854   332   115   750   879   193   785   568   419   715   435   754   160   456   660   807   443   569   262   832   974   769   495   487    54   331   785   679   763   359   637     0   321   322   675   925   844   380   663   236   324   603   329   800   820   803   602     0 
  535   294   234   539   567   141   508   375   307   465   195   459   177   302   348   489   250   380   260   513   662   555   263   342   268   551   549   370   524   334   317   321     0   315   399   605   615    59   551   118   639   363   275   486   614   566   424     0 
  716   543   346   854   824   230   808   688   592   777   248   749   327   602   617   664   203   692   481   749   914   870   270   642   290   652   862   644   837   582   556   322   315     0   455   831   929   353   849   214   603   677   529   744   929   880   307     0 
  303   678   618   734   492   485   586   642   658   619   240   505   565   629   370   254   254   649   656   396   559   740   189   662   622   948   702   396   679   715   284   675   399   455     0   448   764   362   848   441   998   573   658   429   798   714   227     0 
  153   750   827   524   113   744   319   556   677   416   583   262   771   624   273   195   638   562   772    94   120   518   576   635   873  1088   458   263   448   771   289   925   605   831   448     0   492   546   728   711  1234   463   734   147   554   459   674     0 
  590   536   729   101   379   735   187   277   438   155   737   268   693   392   394   596   808   277   596   448   418    81   776   368   807   846    67   368    92   529   480   844   615   929   764   492     0   577   312   728  1072   253   530   382    70    51   935     0 
  478   317   290   507   509   199   459   354   312   424   188   406   232   297   290   432   253   359   295   454   604   521   250   336   327   598   510   313   485   356   258   380    59   353   362   546   577     0   542   172   696   328   298   428   581   527   418     0 
  779   331   559   225   621   622   417   207   258   313   729   466   544   249   523   765   794   199   402   656   688   240   788   209   642   571   299   510   297   304   589   663   551   849   848   728   312   542     0   634   822   288   337   588   249   308   957     0 
  626   337   185   648   680    44   625   476   379   580   204   577   141   388   461   577   227   480   282   620   774   664   268   428   183   520   662   484   638   377   421   236   118   214   441   711   728   172   634     0   560   475   321   598   722   680   402     0 
 1174   538   408   972  1176   518  1054   800   636   968   758  1037   465   687   963  1127   759   798   486  1139  1271   992   815   705   378   268  1022   978  1004   543   951   324   639   603   998  1234  1072   696   822   560     0   859   547  1101  1032  1040   905     0 
  494   325   488   180   367   482   198    94   234   113   499   207   447   179   235   477   569   100   373   381   450   194   546   178   562   663   188   224   164   334   303   603   363   677   573   463   253   328   288   475   859     0   314   316   254   206   712     0 
  715    20   222   432   657   299   511   254    93   422   470   505   209   140   464   680   522   253    68   641   748   451   537   163   305   356   477   471   458    59   484   329   275   529   658   734   530   298   337   321   547   314     0   589   498   495   698     0 
  208   606   697   395    81   627   196   410   530   280   503   124   642   477   140   217   566   416   631    69   176   392   512   487   749   945   336   122   321   626   188   800   486   744   429   147   382   428   588   598  1101   316   589     0   436   341   639     0 
  644   501   706    74   441   725   241   253   405   179   750   317   674   364   430   646   821   251   565   504   485    60   794   335   786   798   101   407   120   490   514   820   614   929   798   554    70   581   249   722  1032   254   498   436     0    96   957     0 
  548   501   688    83   346   688   145   240   404   104   686   223   650   355   344   552   757   241   559   408   394    68   725   335   765   820    18   319    42   498   430   803   566   880   714   459    51   527   308   680  1040   206   495   341    96     0   884     0 
  530   717   585   887   709   443   771   760   728   782   230   695   543   714   552   481   177   767   674   615   782   898   169   753   558   918   869   581   845   757   468   602   424   307   227   674   935   418   957   402   905   712   698   639   957   884     0     0 
    0     0     0     0     0     0     0     0     0     0     0     0     0     0     0     0     0     0     0     0     0     0     0     0     0     0     0     0     0     0     0     0     0     0     0     0     0     0     0     0     0     0     0     0     0     0     0     0 
