DIMENSION: 37
N: 15
M: 10
K: 2

SERVICE: 
278 62 567 203 365 122 430 140 299 30 314 161 210 118 343 

DIST MATRIX: 
    0   395   533   387   566   478   529   702   530   729    93   655   423   562   529   232   352   398   403   541   551   387   367   347   560   263   606   443   143   476   815   183   496   137   433   355   564     0 
  101     0   436    69   718   543   209   700   703   705   380   654   480   429   405   158    33    96    87   214   667   257   122   293   240   101   244    93   222   115  1032   202   139   225   335   716   483     0 
  365   261     0   260   935   742   223   840   931   830   657   800   686   535   527   430   288   260   268   208   873   441   329   471   221   377    35   214   497   170  1262   477   164   502   501   992   612     0 
  273   318   705     0   978   812   412   972   959   975   577   926   749   692   671   402   248   177   343   406   933   530   393   223   432   308   285   309   390   277  1282   428   308   403   607   835   752     0 
  476   397    59   510     0   168   376   260   378   267   422   214   143   111    91   356   468   536   374   391   294   183   320   688   385   441   568   420   460   466   693   369   449   446   106   762    70     0 
  533   462   110   572   310     0   443   199   328   213   444   152   123   160   149   408   529   598   439   458   236   246   383   741   451   497   635   486   505   532   634   416   516   490   170   764    87     0 
  424   396   204   487   300   127     0   334   293   359   287   287    63   251   222   293   441   512   380   447   246   198   317   618   449   388   604   433   369   482   625   286   475   353   161   614   217     0 
  771   670   287   790   437   340   601     0   478    94   706   163   374   295   316   656   752   816   644   613   373   472   600   986   596   737   792   680   762   720   692   671   696   747   396  1011   242     0 
  418   464   405   513   334   273   552   501     0   535   139   458   234   449   418   303   468   533   458   567   323   336   400   558   578   387   690   511   307   556   598   265   562   292   338   411   420     0 
  746   666   282   781   316   248   624    21   359     0   634    65   297   310   321   621   739   807   643   638   255   454   590   954   625   710   819   685   715   729   573   627   709   700   377   914   235     0 
  118    86   369   151   632   460   219   625   618   633     0   578   396   369   342    85   105   176    90   230   583   185    69   334   251    90   310   135   185   176   948   135   188   182   263   667   415     0 
  772   725   375   828   173   222   715   153   222   197   592     0   286   418   416   641   783   854   704   730   140   509   645   965   722   735   906   753   713   800   408   633   786   696   438   816   336     0 
  546   451    64   568   394   213   403   215   416   209   507   177     0    91   100   432   530   595   426   417   320   247   378   761   405   512   597   466   541   509   712   449   488   527   171   843    17     0 
  403   322    89   434   415   217   311   335   420   341   382   289   171     0    85   287   393   461   299   327   348   107   244   616   323   368   499   346   396   393   745   305   378   383    30   737   128     0 
  789   696   309   814   399   324   636   104   442    62   702   139   366   325     0   670   775   841   671   649   339   491   624  1002   633   754   829   710   771   751   642   681   728   756   414   994   262     0 
  132   171   373   212   577   419   297   607   558   620   228   559   355   385   354     0   166   233   174   309   534   193   134   333   328    96   395   220   122   261   883    50   274   113   262   584   415     0 
   79    95   466    47   735   565   240   727   719   733   378   681   501   460   436   166     0    71   120   244   687   285   152   260   270    90   255   122   209   134  1047   204   163   215   363   704   513     0 
  121   147   531    26   806   636   271   796   789   800   435   750   573   522   499   233    71     0   173   271   758   353   217   231   298   147   231   154   256   142  1116   268   176   265   431   742   578     0 
  178    26   362   148   680   495   133   632   671   634   401   588   434   350   329   174   120   173     0   141   623   195    63   380   164   163   233    54   273   102  1002   224   104   271   269   757   410     0 
  314   158   359   252   738   542    16   632   738   623   531   592   490   327   319   309   244   271   141     0   674   249   177   499    27   303   181   122   414   133  1068   359   100   412   300   893   404     0 
  666   641   346   733    75   132   658   236   106   281   458   213   189   396   383   534   687   758   623   674     0   433   561   848   671   629   841   675   592   724   399   519   715   576   374   678   320     0 
  299   216   185   327   494   303   233   443   491   448   341   397   246   192   162   193   285   353   195   249   433     0   137   515   252   266   408   244   311   292   822   222   282   300    78   710   230     0 
  185    80   314   191   617   433   164   579   608   583   354   534   372   309   284   134   152   217    63   177   561   137     0   400   195   159   294   117   249   166   939   184   165   244   214   717   361     0 
  217   355   699   247   879   744   497   939   851   953   425   892   680   703   675   333   260   231   380   499   848   515   400     0   526   249   449   378   256   373  1155   332   407   272   590   624   744     0 
  339   182   349   279   737   540    32   620   739   609   547   582   490   315   308   328   270   298   164    27   671   252   195   526     0   327   197   149   436   160  1067   378   126   433   297   911   393     0 
   37   146   450   130   672   514   296   696   652   707   290   649   450   455   427    96    90   147   163   303   629   266   159   249   327     0   343   190   121   216   975   122   239   126   341   616   495     0 
  333   226   539   229   902   710   195   812   897   804   622   772   654   509   499   395   255   231   233   181   841   408   294   449   197   343     0   179   464   134  1229   442   130   468   470   959   584     0 
  194    49   403   132   733   546   120   676   724   675   449   632   487   386   367   220   122   154    54   122   675   244   117   378   149   190   179     0   307    49  1056   270    53   308   315   798   451     0 
  136   261   484   244   623   493   404   699   596   718   186   651   431   501   470   122   209   256   273   414   592   311   249   256   436   121   464   307     0   337   906    91   358    16   375   495   524     0 
  213    92   447   127   781   594   136   721   773   718   488   677   535   426   410   261   134   142   102   133   724   292   166   373   160   216   134    49   337     0  1105   309    34   339   362   831   494     0 
 1009  1017   744  1093   330   529  1052   561   332   603   730   566   578   794   782   883  1047  1116  1002  1068   399   822   939  1155  1067   975  1229  1056   906  1105     0   854  1100   890   770   760   715     0 
  155   221   393   249   557   412   347   611   534   629   180   563   348   411   379    50   204   268   224   359   519   222   184   332   378   122   442   270    91   309   854     0   323    78   284   534   432     0 
  240   102   427   160   774   585   104   701   768   697   502   659   527   404   389   274   163   176   104   100   715   282   165   407   126   239   130    53   358    34  1100   323     0   360   348   851   474     0 
  144   261   471   252   607   477   402   684   579   703   174   636   414   489   457   113   215   265   271   412   576   300   244   272   433   126   468   308    16   339   890    78   360     0   362   492   510     0 
  375   291   111   404   440   243   284   365   443   370   373   320   193   130    97   262   363   431   269   300   374    78   214   590   297   341   470   315   375   362   770   284   348   362     0   733   154     0 
  627   750   813   735   651   672   881   893   602   932   370   855   643   854   822   584   704   742   757   893   678   710   717   624   911   616   959   798   495   831   760   534   851   492   733     0   830     0 
  529   435    48   552   394   209   390   228   414   224   492   189   201    82    85   415   513   578   410   404   320   230   361   744   393   495   584   451   524   494   715   432   474   510   154   830     0     0 
    0     0     0     0     0     0     0     0     0     0     0     0     0     0     0     0     0     0     0     0     0     0     0     0     0     0     0     0     0     0     0     0     0     0     0     0     0     0 
