DIMENSION: 27
N: 15
M: 5
K: 2

SERVICE: 
74 13 384 76 121 182 306 179 76 134 242 656 293 384 137 

DIST MATRIX: 
    0   704   759   535   159   667   335   535   638   419   494   263   702   588   224   475   237  1092   641   267   743   336   878  1119    29   480   465     0 
  724     0   219   439   666   300   520   262    99   430   476   515   209   148   473   409   769   454    57   706   377   578   487   442   715   502   507     0 
 1056   323     0   687   988   525   821   544   396   720   759   831   425   451   804   702  1084   301   386  1014   553   875   590   201  1046   765   796     0 
  668   409   622     0   487   654   280   179   316   187   708   342   594   280   429   637   539   850   375   457   747   310   878   807   609   156   717     0 
  300   781   893   473     0   829   280   553   696   387   699   262   840   641   340   665    10  1213   719    93   915   239  1057  1217   210   396   676     0 
  832   425   197   815   889     0   822   635   501   765   380   780   215   529   670   371  1005   353   438   968    98   879    73   453   869   859   421     0 
  108   698   763   508   124   677     0   519   629   394   514   238   707   577   216   491   204  1095   634   232   756   304   892  1118    29   451   487     0 
  515   440   619    85   333   616   127     0   343    37   616   188   580   292   289   551   394   893   388   314   712   166   852   870   454    72   619     0 
  609   168   356   280   516   386   356    99     0   264   480   359   325    21   346   407   612   621   115   545   478   413   608   605   585   338   500     0 
  528   552   733   139   313   725   130   291   455     0   705   212   692   405   346   644   340  1006   502   257   821   123   962   980   452    56   703     0 
  408   340   366   436   417   291   368   302   307   343     0   313   310   276   198   175   534   698   282   497   380   422   523   729   419   447   251     0 
  465   735   625   866   655   482   735   752   737   756   247     0   579   717   516   314   755   916   694   767   490   771   564   998   547   855   215     0 
  964   461   249   884  1005   302   918   703   551   850   520   884     0   590   785   506  1120   233   492  1077   236   977   158   350   996   938   561     0 
  922   235   190   668   893   332   756   496   332   667   574   746   238     0   688   525   999   219   291   939   352   814   395   215   926   736   614     0 
  264   486   503   488   327   405   356   400   443   375   255   280   446   404     0   220   443   837   426   427   482   397   619   874   289   473   238     0 
  462   422   342   610   545   213   535   465   426   517    73   471   288   412   337     0   662   667   381   639   272   585   403   726   504   621    99     0 
  303   774   887   463   117   824   271   544   688   378   697   254   834   633   336   662     0  1206   712    83   911   230  1053  1210   213   386   674     0 
 1101   454   334   887  1096   454   970   715   551   884   699   956   392   602   885   667  1206     0   507  1150   426  1029   389   126  1117   954   742     0 
  671    64   247   393   609   303   465   213    63   377   451   458   225    99   418   381   712   507     0   649   388   523   509   499   660   453   479     0 
  340   710   838   381   112   786   195   472   621   301   682   195   787   566   304   639    83  1150   649     0   876   149  1019  1148   249   303   664     0 
  734   388   178   746   794    96   737   569   451   687   284   690   168   471   576   272   911   426   388   876     0   794   143   512   771   784   326     0 
  408   580   731   234   190   699    59   331   488   156   640   117   684   433   259   585   230  1029   523   149   794     0   937  1018   330   159   631     0 
  863   497   270   882   935   238   880   703   572   827   399   834   285   599   718   403  1053   389   509  1019   143   937     0   499   906   923   438     0 
 1136   438   385   852  1106   520   961   691   530   866   768   956   439   584   903   726  1210   126   499  1148   512  1018   499     0  1142   926   810     0 
   91   724   784   537   146   694   334   547   656   423   524   267   728   604   242   504   213  1117   660   249   771   330   906  1142     0   479   495     0 
  548   501   688    83   346   688   145   240   404   104   686   223   650   355   344   621   386   954   453   303   784   159   923   926   479     0   686     0 
  437   521   427   684   561   290   585   551   523   583    42   514   377   506   373    99   674   742   479   664   326   631   438   810   495   686     0     0 
    0     0     0     0     0     0     0     0     0     0     0     0     0     0     0     0     0     0     0     0     0     0     0     0     0     0     0     0 
