DIMENSION: 47
N: 15
M: 15
K: 2

SERVICE: 
74 13 384 76 121 182 306 179 76 134 242 656 293 384 137 

DIST MATRIX: 
    0   704   759   535   159   667   335   535   638   419   494   263   702   588   224   623   275   290   261   498   360   110   326   283   345   118   216   529   412   409   694   978   666   281   500   475   478   365   335   634   192   410   758   371   499   480   758     0 
  724     0   219   439   666   300   520   262    99   430   476   515   209   148   473    81   422   412   666   502   424   707   422   430   430   669   509   496   354   375    16   316    51   687   255   435   617   339   412   119   549   339   799   335   371   502    64     0 
 1056   323     0   687   988   525   821   544   396   720   759   831   425   451   804   409   753   741   988   759   731  1038   739   761   741  1001   840   768   661   677   335   156   362  1007   557   706   903   666   738   407   879   651  1022   661   642   765   269     0 
  668   409   622     0   487   654   280   179   316   187   708   342   594   280   429   414   399   372   733   143   250   678   293   486   266   653   539   744   225   214   427   512   363   760   221   132   812   327   526   295   572   242  1069   322   118   156   436     0 
  300   781   893   473     0   829   280   553   696   387   699   262   840   641   340   718   382   380   495   412   361   343   354   443   351   352   404   737   431   416   779  1011   736   515   535   424   704   442   508   685   396   441   989   446   474   396   831     0 
  832   425   197   815   889     0   822   635   501   765   380   780   215   529   670   395   632   640   676   864   728   795   703   569   726   759   625   362   673   697   399   625   459   682   605   792   495   599   509   522   650   652   515   599   736   859   429     0 
  108   698   763   508   124   677     0   519   629   394   514   238   707   577   216   619   267   280   292   469   338   145   307   289   323   150   228   550   394   389   689   966   659   313   485   449   505   355   345   623   209   393   787   360   476   451   751     0 
  515   440   619    85   333   616   127     0   343    37   616   188   580   292   289   410   269   243   596    82   107   528   153   365   122   504   405   655   121    98   449   619   390   623   189    24   702   222   417   326   435   143   975   218    76    72   481     0 
  609   168   356   280   516   386   356    99     0   264   480   359   325    21   346   145   297   279   595   338   262   600   267   337   270   565   413   511   191   210   175   409   119   619    89   270   605   204   345    66   453   179   834   198   207   338   214     0 
  528   552   733   139   313   725   130   291   455     0   705   212   692   405   346   524   341   317   644    67   185   550   226   440   194   533   464   745   226   202   562   712   503   670   303   118   778   317   499   437   487   248  1058   315   183    56   592     0 
  408   340   366   436   417   291   368   302   307   343     0   313   310   276   198   248   160   172   340   458   286   385   250   111   279   347   187   280   257   278   322   639   315   363   254   390   348   155    85   312   224   236   604   158   357   447   392     0 
  465   735   625   866   655   482   735   752   737   756   247     0   579   717   516   646   525   551   259   870   688   418   643   428   675   402   399   235   686   702   710  1034   730   242   703   812   105   582   383   747   383   668   243   587   793   855   779     0 
  964   461   249   884  1005   302   918   703   551   850   520   884     0   590   785   460   744   749   814   940   821   929   802   691   822   893   752   503   761   785   441   593   505   822   681   870   636   699   634   572   780   741   635   698   809   938   449     0 
  922   235   190   668   893   332   756   496   332   667   574   746   238     0   688   289   639   633   827   734   659   897   655   624   665   859   701   579   590   611   230   303   285   843   491   670   717   565   589   350   737   574   821   561   605   736   198     0 
  264   486   503   488   327   405   356   400   443   375   255   280   446   404     0   395   143   169   206   488   306   238   260    54   293   200    46   295   312   325   470   782   458   231   353   432   298   214    74   446    77   296   583   219   420   473   539     0 
  648    93   211   425   604   253   475   243   112   395   401   459   181   134   403     0   352   345   585   480   377   629   368   352   381   591   431   424   310   333    74   397    87   606   221   410   541   276   332   131   470   292   735   272   349   478   144     0 
  312   430   512   346   262   450   222   280   364   232   370   156   459   315    51   352     0    27   334   345   163   306   118    99   151   273   140   410   175   185   422   705   392   361   237   289   437    94   161   360   175   162   717   100   281   331   484     0 
  332   419   513   319   262   458   201   256   349   205   391   141   461   299    68   345    27     0   361   319   137   328    92   124   125   296   167   431   148   158   412   688   379   388   215   262   462    76   182   344   201   137   741    81   254   305   472     0 
  207   678   651   677   402   527   514   605   645   559   297   432   595   609   306   585   334   361     0   665   489   160   444   260   474   143   194   321   509   519   659   979   656    27   558   618   230   417   255   649   161   496   500   423   615   648   730     0 
  566   500   691    73   364   694   163   240   403   116   698   240   654   355   360   480   345   319   665     0   182   584   227   443   195   564   478   736   202   180   512   647   451   692   260    72   781   303   497   384   505   224  1055   300   131    18   537     0 
  419   427   575   188   267   550    98   193   338    69   521   106   529   283   183   377   163   137   489   182     0   428    46   261    16   402   299   560    71    56   429   652   380   516   174   128   599   133   316   325   328    85   876   132   139   168   475     0 
   47   717   738   612   267   630   423   584   663   493   429   344   681   618   261   629   306   328   160   584   428     0   388   277   412    38   198   460   468   471   703  1005   685   176   543   551   387   400   310   662   160   461   659   406   566   567   770     0 
  382   427   558   233   250   523   120   213   343   115   480    92   510   288   138   368   118    92   444   227    46   388     0   216    33   361   253   520    87    84   426   668   382   471   185   174   555   104   273   333   283    90   833   104   178   213   477     0 
  298   440   476   439   322   391   320   346   393   328   275   249   419   352   110   352    99   124   260   443   261   277   216     0   249   240    80   315   261   275   426   733   410   285   299   384   339   161    67   394   119   244   619   166   368   428   494     0 
  403   434   576   203   254   547    96   205   346    84   511    93   529   291   168   381   151   125   474   195    16   412    33   249     0   387   284   551    80    68   435   663   387   501   184   143   587   128   306   334   313    91   865   128   155   180   483     0 
   74   680   700   589   264   593   404   552   628   469   396   324   643   583   230   591   273   296   143   564   402    38   361   240   387     0   160   428   439   443   665   969   648   163   510   528   364   367   272   627   122   431   641   373   539   547   733     0 
  221   520   547   485   287   451   337   413   471   368   295   257   490   429   118   431   140   167   194   478   299   198   253    80   284   160     0   333   315   325   505   812   489   221   368   427   323   225   119   472    40   301   610   231   421   462   573     0 
  502   510   390   716   621   248   632   572   524   621    40   564   344   515   425   424   410   431   321   736   560   460   520   315   551   428   333     0   537   558   483   804   511   324   525   670   139   434   250   538   342   516   326   437   636   725   550     0 
  465   357   513   181   333   499   166   126   267    92   499   173   469   212   210   310   175   148   509   202    71   468    87   261    80   439   315   537     0    24   360   584   309   535   104   133   592   105   305   254   349    22   859   101   108   193   404     0 
  465   377   536   164   322   523   146   137   286    68   519   161   493   231   216   333   185   158   519   180    56   471    84   275    68   443   325   558    24     0   381   596   329   545   122   112   609   124   323   272   358    46   879   121    97   170   424     0 
  721    28   203   450   668   285   526   272   111   438   463   518   193   157   472    74   422   412   659   512   429   703   426   426   435   665   505   483   360   381     0   326    64   679   262   445   605   341   406   132   544   345   784   336   381   512    71     0 
 1017   304   451   574   917   579   733   459   342   627   787   756   476   390   755   397   705   688   979   647   652  1005   668   733   663   969   812   804   584   596   326     0   324  1001   484   603   930   613   724   345   852   578  1087   607   543   656   256     0 
  699    50   265   388   628   333   475   212    48   382   487   474   249    99   443    87   392   379   656   451   380   685   382   410   387   648   489   511   309   329    64   324     0   677   208   385   625   305   400    68   529   296   821   300   321   452    96     0 
  223   699   665   704   425   538   540   631   668   586   303   458   610   633   333   606   361   388    27   692   516   176   471   285   501   163   221   324   535   545   679  1001   677     0   584   645   223   443   277   672   188   522   484   449   642   675   750     0 
  546   257   431   211   434   440   267    49   164   176   490   275   394   109   283   221   237   215   558   260   174   543   185   299   184   510   368   525   104   122   262   484   208   584     0   189   602   144   324   151   406    95   851   138   131   257   302     0 
  539   435   620    61   356   622   149   174   338    59   631   211   582   287   311   410   289   262   618    72   128   551   174   384   143   528   427   670   133   112   445   603   385   645   189     0   720   237   434   319   457   155   991   233    65    68   474     0 
  434   631   528   772   597   387   654   651   632   666   144   578   480   613   435   541   437   462   230   781   599   387   555   339   587   364   323   139   592   609   605   930   625   223   602   720     0   487   287   642   315   573   288   491   697   767   674     0 
  406   346   457   286   328   419   223   189   274   188   395   187   407   223   143   276    94    76   417   303   133   400   104   161   128   367   225   434   105   124   341   613   305   443   144   237   487     0   200   268   263    86   754     6   211   292   399     0 
  338   424   429   486   387   333   383   372   391   381   209   314   372   358   177   332   161   182   255   497   316   310   273    67   306   272   119   250   305   323   406   724   400   277   324   434   287   200     0   396   151   286   559   205   411   483   476     0 
  672   117   330   320   582   384   417   146    21   321   510   424   308    46   411   131   360   344   649   384   325   662   333   394   334   627   472   538   254   272   132   345    68   672   151   319   642   268   396     0   512   244   856   263   254   386   155     0 
  187   559   580   516   284   479   358   451   511   398   305   277   523   469   146   470   175   201   161   505   328   160   283   119   313   122    40   342   349   358   544   852   529   188   406   457   315   263   151   512     0   337   603   269   455   489   613     0 
  461   343   493   201   339   477   183   125   255   114   478   180   449   200   201   292   162   137   496   224    85   461    90   244    91   431   301   516    22    46   345   578   296   522    95   155   573    86   286   244   337     0   838    81   125   215   391     0 
  706   812   641  1039   885   508   938   898   841   940   362   863   612   837   720   735   717   741   500  1055   876   659   833   619   865   641   610   326   859   879   784  1087   821   484   851   991   288   754   559   856   603   838     0   758   960  1043   844     0 
  412   342   455   282   332   419   223   183   268   185   398   189   406   217   149   272   100    81   423   300   132   406   104   166   128   373   231   437   101   121   336   607   300   449   138   233   491     6   205   263   269    81   758     0   206   289   394     0 
  558   370   560    82   395   570   194   109   273    88   599   240   524   224   313   349   281   254   615   131   139   566   178   368   155   539   421   636   108    97   381   543   321   642   131    65   697   211   411   254   455   125   960   206     0   131   409     0 
  548   501   688    83   346   688   145   240   404   104   686   223   650   355   344   478   331   305   648    18   168   567   213   428   180   547   462   725   193   170   512   656   452   675   257    68   767   292   483   386   489   215  1043   289   131     0   539     0 
  787    54   234   470   724   338   570   301   139   475   532   570   239   193   535   144   484   472   730   537   475   770   477   494   483   733   573   550   404   424    71   256    96   750   302   474   674   399   476   155   613   391   844   394   409   539     0     0 
    0     0     0     0     0     0     0     0     0     0     0     0     0     0     0     0     0     0     0     0     0     0     0     0     0     0     0     0     0     0     0     0     0     0     0     0     0     0     0     0     0     0     0     0     0     0     0     0 
