DIMENSION: 47
N: 15
M: 15
K: 2

SERVICE: 
224 289 314 199 415 112 374 191 432 223 315 221 354 436 241 

DIST MATRIX: 
    0   742   447   468   373   571   391   650   387   211   553   427   461   412   202   494   589   808   361   765   796   583   510   791   532   827   679   508   459   385   696   806   728   320   501   749   825   534   956   657  1001   782   233   471    90   357   834     0 
  812     0   643   640   870   578   735   586   735   924   629   726   572   660   928   703   469   242   679   242   207   490   512   458  1083   177   474   534   611   656   385   407   276   725   553   292   619   533   385  1100    50   425   771   533  1000   781   800     0 
   93   658     0   333   248   435   254   624   249    99   416   289   398   279    92   356   465   724   234   670   694   456   394   745   444   724   630   385   414   259   572   675   630   289   444   666   687   478   899   559   903   730   163   371    99   219   699     0 
  370   278   197     0   426   178   288   477   287   475   225   284   269   210   480   279    51   335   232   249   252    75    70   488   656   277   397    84   334   208   125   264   208   374   293   293   401   305   575   699   462   454   361   138   562   333   529     0 
  467   452   243   224     0   121   312   690   315   529   152   284   478   279   536   231   166   492   335   395   370   149   253   685   586   378   604   221   543   314   148   135   363   560   506   467   187   519   744   590   542   649   509   338   646   358   327     0 
  289   375    94    97   324     0   186   532   186   382   145   182   293   112   388   183    84   434   149   350   354    74    74   567   555   378   467    29   356   124   190   300   309   357   330   389   380   351   669   603   563   537   309   151   479   232   478     0 
  482   898   442   429   267   453     0  1018   378   403   402   356   762   452   412   342   580   955   487   865   857   555   593  1084   118   873   976   551   810   494   642   641   826   730   809   912   493   838  1193    79  1050  1056   605   646   519   355   372     0 
  607   145   545   558   755   561   621     0   618   736   607   633   279   538   737   648   433   158   519   221   274   458   395   106  1003   297    81   439   281   505   438   562   232   419   236   131   756   203   223  1066   363    71   516   346   765   654   906     0 
  544   938   489   474   329   487   427  1071     0   468   436   406   815   503   476   384   617   992   541   901   889   591   638  1131   169   904  1025   594   865   546   670   656   862   790   861   952   491   890  1234    65  1077  1102   666   695   584   412   351     0 
  143   591   344   367   352   466   314   513   309     0   460   352   310   306   217   417   460   656   247   616   648   458   374   645   567   680   531   380   311   268   565   686   579   176   351   597   736   384   807   678   850   635    85   326   186   296   774     0 
  322   780   316   310   109   364   234   871   237   246     0   227   615   317   255   238   477   841   342   758   758   454   470   948   148   778   837   431   659   352   557   590   716   573   663   794   494   694  1068   228   961   922   446   510   369   205   427     0 
  144   433   172   196   302   283   192   461   187   270   290     0   207   138   271   273   261   500    80   442   467   260   176   551   551   497   436   181   250    88   366   489   402   189   255   442   558   288   691   635   676   530   119   144   326   206   626     0 
  657    87   551   559   775   538   636   319   634   783   588   640     0   553   784   643   407    41   548   136   177   433   397   202  1015   190   207   436   376   529   381   485   166   506   322    73   693   294   215  1064   236   165   584   374   830   675   855     0 
  481   873   422   408   266   424   360  1004   365   412   373   339   748     0   421   318   553   928   474   838   828   528   571  1064   156   843   958   528   798   479   610   604   798   725   794   887   453   823  1169   109  1018  1035   602   628   533   347   331     0 
  338   843   382   379   154   444   293   908   295   234   395   294   655   376     0   317   550   905   389   825   829   528   532   996   111   851   883   497   693   404   635   675   784   593   704   855   580   736  1125   231  1035   973   462   563   337   255   506     0 
  280   557   111    92   184   127   104   699   109   309    80    67   447   137   317     0   242   614   194   526   522   218   254   748   382   541   644   210   504   187   318   366   486   462   490   571   332   516   851   421   723   718   365   316   435   139   358     0 
  372   322   174   171   401   131   266   527   266   466   181   256   313   196   472   242     0   376   231   285   281    26    94   537   623   302   447    81   378   206   107   231   245   406   340   337   353   354   620   659   486   504   379   176   562   313   479     0 
  643    67   525   532   752   506   613   347   611   767   556   615   354   529   769   614   376     0   529    97   136   401   373   241   989   149   233   410   382   509   344   444   131   507   326    60   653   301   252  1034   216   203   577   358   820   653   817     0 
  141   463    99   123   237   219   114   531   110   245   218   141   275    62   249   194   231   529     0   459   475   222   167   608   487   503   496   152   324    25   338   446   418   268   322   475   491   353   737   563   686   584   179   175   332   137   549     0 
  584    77   444   448   673   414   534   393   532   702   465   532   331   452   705   526   285    97   459     0    55   310   296   319   905    83   281   328   374   438   247   351    42   484   316    90   557   300   349   944   235   281   532   299   768   576   720     0 
  606   131   449   450   678   404   540   448   539   720   455   535   375   461   724   522   281   136   475    55     0   304   309   370   903    33   336   336   422   453   223   310    72   525   364   143   522   350   383   935   211   331   564   325   793   585   690     0 
  363   348   157   151   381   105   248   549   248   453   155   236   329   182   458   218    26   401   222   310   304     0   104   562   599   324   471    79   394   198   118   229   271   415   358   363   335   373   646   634   508   529   379   189   553   296   456     0 
  303   311   154   164   379   182   239   460   238   412   219   243   227   157   416   254    94   373   167   296   309   104     0   494   618   336   393    45   292   144   192   325   254   312   260   324   437   279   600   672   520   464   291    85   493   281   547     0 
  684   245   642   656   845   665   714   168   711   813   709   728   349   632   812   748   537   241   608   319   370   562   494     0  1094   388   116   539   334   596   544   665   335   471   301   230   862   267   175  1162   419    38   582   439   828   744  1011     0 
  447   929   464   458   250   505   382  1012   385   345   454   375   757   465   352   382   623   989   487   905   903   599   618  1094     0   923   982   579   799   498   698   718   864   703   806   942   592   838  1217   130  1105  1069   572   657   442   350   485     0 
  635   156   472   472   701   420   564   475   564   748   472   557   408   487   752   541   302   149   503    83    33   324   336   388   923     0   362   360   454   480   234   307   105   558   396   167   521   382   388   951   185   350   596   356   823   610   693     0 
  568   206   536   552   733   570   604   114   601   698   611   620   234   524   697   644   447   233   496   281   336   471   393   116   982   362     0   438   220   485   471   604   283   358   186   195   787   152   278  1054   443   104   467   330   714   633   926     0 
  292   350   115   122   344   139   205   504   204   392   174   205   267   126   397   210    81   410   152   328   336    79    45   539   579   360   438     0   331   127   188   308   287   338   302   363   402   322   642   630   545   509   300   124   483   250   505     0 
  363   323   393   415   551   469   438   215   434   490   496   463    65   369   488   504   378   382   324   374   422   394   292   334   799   454   220   331     0   321   449   592   350   138    58   324   729    81   497   885   594   324   251   207   495   455   834     0 
  165   444    84   109   250   200   120   525   116   268   203   141   269    50   272   187   206   509    25   438   453   198   144   596   498   480   485   127   321     0   313   422   396   276   315   456   474   345   722   571   664   571   197   159   356   149   538     0 
  479   306   274   266   492   193   364   566   364   570   244   348   386   300   576   318   107   344   338   247   223   118   192   544   698   234   471   188   449   313     0   143   216   499   402   321   318   408   596   719   409   507   483   263   669   411   474     0 
  584   421   363   347   549   248   440   703   443   657   286   415   529   396   664   366   231   444   446   351   310   229   325   665   718   307   604   308   592   422   143     0   330   636   545   436   216   551   693   713   444   627   608   402   769   487   394     0 
  543    91   402   406   631   375   492   391   491   661   426   491   303   410   665   486   245   131   418    42    72   271   254   335   864   105   283   287   350   396   216   330     0   453   292   107   531   280   382   905   273   297   496   259   729   535   690     0 
  256   444   359   384   464   462   375   337   370   374   476   407   154   326   371   462   406   507   268   484   525   415   312   471   703   558   358   338   138   276   499   636   453     0   185   448   736   216   636   801   713   462   132   235   361   379   814     0 
  383   266   379   399   557   441   435   210   431   512   473   456    49   360   511   490   340   326   322   316   364   358   260   301   806   396   186   302    58   315   402   545   292   185     0   267   692    34   457   885   537   286   282   179   530   458   807     0 
  586    16   477   486   701   469   563   309   561   711   518   567   294   479   713   571   337    60   475    90   143   363   324   230   942   167   195   363   324   456   321   436   107   448   267     0   638   244   282   992   271   192   517   302   761   602   795     0 
  606   622   393   369   494   275   434   876   438   638   276   398   664   430   647   332   353   653   491   557   522   335   437   862   592   521   787   402   729   474   318   216   531   736   692   638     0   706   905   554   659   825   670   523   767   471   181     0 
  417   244   405   424   588   461   464   183   460   546   495   484    82   387   545   516   354   301   353   300   350   373   279   267   838   382   152   322    81   345   408   551   280   216    34   244   706     0   423   915   515   252   316   202   564   489   826     0 
  830   298   754   764   972   751   835   342   832   959   800   843   501   751   960   851   620   252   737   349   383   646   600   175  1217   388   278   642   497   722   596   693   382   636   457   282   905   423     0  1272   336   174   738   563   987   871  1069     0 
  549   977   521   508   337   532   451  1095   455   461   480   434   838   530   468   421   659  1034   563   944   935   634   672  1162   130   951  1054   630   885   571   719   713   905   801   885   992   554   915  1272     0  1127  1134   674   724   567   430   416     0 
  816   271   657   656   886   600   749   553   749   931   652   742   560   672   935   723   486   216   686   235   211   508   520   419  1105   185   443   545   594   664   409   444   273   713   537   271   659   515   336  1127     0   387   768   533  1002   795   838     0 
  666   207   614   627   821   632   688   182   685   795   677   701   333   606   795   718   504   203   584   281   331   529   464    38  1069   350   104   509   324   571   507   627   297   462   286   192   825   252   174  1134   387     0   568   412   816   720   976     0 
  125   510   278   303   338   397   268   463   263   243   397   303   237   241   240   365   379   577   179   532   564   379   291   582   572   596   467   300   251   197   483   608   496   132   282   517   670   316   738   674   768   568     0   241   249   261   724     0 
  286   292   206   224   410   263   276   385   273   409   294   290   143   194   411   316   176   358   175   299   325   189    85   439   657   356   330   124   207   159   263   402   259   235   179   302   523   202   563   724   533   412   241     0   469   309   629     0 
  191   754   406   423   296   526   337   698   334   133   501   370   486   373   124   435   562   820   332   768   793   553   493   828   442   823   714   483   495   356   669   769   729   361   530   761   767   564   987   567  1002   816   249   469     0   296   761     0 
  153   590   139   146   101   239    48   666    47   172   208    75   410   124   180   139   313   653   137   576   585   296   281   744   350   610   633   250   455   149   411   487   535   379   458   602   471   489   871   430   795   720   261   309   296     0   482     0 
  633   779   455   430   467   366   460  1004   465   628   340   423   771   488   638   358   479   817   549   720   690   456   547  1011   485   693   926   505   834   538   474   394   690   814   807   795   181   826  1069   416   838   976   724   629   761   482     0     0 
    0     0     0     0     0     0     0     0     0     0     0     0     0     0     0     0     0     0     0     0     0     0     0     0     0     0     0     0     0     0     0     0     0     0     0     0     0     0     0     0     0     0     0     0     0     0     0     0 
