DIMENSION: 47
N: 15
M: 15
K: 2

SERVICE: 
99 251 65 260 150 184 221 136 204 170 220 144 383 196 317 

DIST MATRIX: 
    0   591   820   359   624   537   600   388   678   584   624  1207   428   390   699  1075   781   655   378  1057  1170   836   825   561   390    71   875   888   859   398   885   349   600   670   992  1151   917   649   641   557   213   731   422  1009   869   178   947     0 
  286     0   465     1   305   272   262    86   331   229   318   887   110   291   420   731   431   446   141   738   872   646   470   364   100   317   663   578   642   243   550   123   245   367   634   832   722   299   544   203   402   483   207   700   697   242   604     0 
  786   321     0   501   311   433   287   482   207   276   335   499   444   665   381   282   184   527   518   379   548   640   124   531   500   813   609   320   585   577   209   553   262   382   138   454   674   223   724   318   878   460   520   390   700   732   262     0 
  522    28   285     0   296   365   229   286   227   143   326   765   264   372   432   567   173   532   346   626   785   710   223   485   222   574   704   503   679   441   427   272   156   160   405   714   771   198   693    64   593   518   385   611   769   458   344     0 
  674   465   325   432     0   173   217   354   232   304   124   509   322   712    13   438   493   143   336   365   462   270   471   186   504   642   260   196   235   318   251   547   289   603   507   454   326   252   342   403   820    76   286   308   330   658   637     0 
  323   319   461   109   253     0   233    35   313   238   256   839    65   395   344   706   477   347    34   689   810   547   503   261   207   313   569   522   548   137   514   229   248   451   646   783   624   288   436   257   465   396   100   644   595   303   654     0 
  328   298   447    94   246   187     0    14   300   220   251   833    49   384   344   695   457   356    52   683   807   555   485   271   191   325   575   517   554   156   505   216   231   431   630   777   632   274   451   237   466   399   115   639   605   303   634     0 
  201   331   551    88   376   319   341     0   413   315   384   962   173   280   478   814   516   480   161   812   940   679   557   390   145   231   703   648   683   243   629   134   331   434   721   906   757   383   546   289   332   531   228   771   725   169   687     0 
  590   407   329   349    98    89   161   270     0   247    67   586   239   633    75   493   465   146   251   439   545   323   454   140   424   560   325   268   302   242   298   466   236   550   523   530   389   213   334   342   735   138   204   385   380   573   624     0 
  575    73   258   313   316   397   251   336   231     0   347   741   311   413   446   535   120   558   394   607   770   728   173   518   275   629   717   496   692   486   411   324   178   149   359   692   784   207   727   114   642   534   428   598   787   510   290     0 
  368   251   395    99   209   177   174    42   250   166     0   795    16   384   322   649   404   356    95   645   776   555   430   280   179   375   569   482   546   193   462   216   178   389   576   739   629   223   474   187   496   386   141   605   607   334   581     0 
 1114   802   511   856   550   614   601   787   557   668   539     0   751  1113   451   315   724   523   776   166    24   436   667   607   909  1084   373   280   369   758   350   959   649   906   561   131   394   591   664   762  1254   429   728   164   461  1092   782     0 
  186   594   780   346   561   459   551   345   632   553   556  1131     0   465   617  1018   775   554   316   984  1084   725   811   462   406    68   768   813   754   306   824   378   565   695   964  1076   806   607   520   547   334   638   343   930   754   253   949     0 
  180   512   803   366   672   626   626   440   686   576   684  1250   473     0   783  1082   699   784   467  1101  1238   981   757   692   328   296  1008   944   988   535   910   275   595   537   942  1195  1060   653   825   508    69   838   531  1066  1024   145   842     0 
  397   213   358   115   194   189   147    84   218   125   210   772    54   383     0   618   361   369   137   623   759   565   388   301   174   413   574   465   551   231   435   219   139   353   536   717   636   188   501   146   517   389   176   586   620   357   538     0 
 1015   595   282   731   457   568   475   687   401   507   465   228   648   936   438     0   463   573   703   162   310   597   398   622   753  1019   544   255   527   728   196   807   489   664   254   195   596   432   765   577  1127   477   680   217   646   972   481     0 
  695   192   215   430   367   471   314   443   262   251   398   683   414   521   481   463     0   611   497   561   729   761    67   587   394   747   741   481   716   581   379   443   250   203   254   638   808   253   794   227   759   569   522   566   821   630   177     0 
  641   548   462   447   245   181   306   361   349   390   213   614   341   738   148   573   611     0   319   481   545   200   598    95   535   585   224   322   206   258   392   569   380   692   649   562   277   359   199   480   798   100   253   416   251   641   767     0 
  338   346   468   143   247   163   236    64   317   252   246   828    83   427   326   703   497   319     0   679   795   518   520   230   240   318   542   510   522   104   510   262   260   481   656   772   596   295   402   282   486   373    68   631   565   326   674     0 
 1010   653   352   738   437   525   476   678   419   532   434   150   640   978   370   162   561   481   679     0   169   461   503   548   780   995   404   171   390   681   199   832   513   749   396    94   448   454   656   620  1139   381   641    69   504   979   615     0 
 1133   813   518   872   567   634   616   804   570   681   557   125   768  1127   470   310   729   545   795   169     0   460   671   628   924  1104   397   295   393   778   359   974   662   914   559   120   418   604   688   774  1271   450   748   176   485  1109   782     0 
  831   729   578   647   414   377   481   560   502   568   384   560   540   937   282   597   761   200   518   461   460     0   734   289   734   765    62   353    71   449   458   769   555   870   740   518    81   521   240   664   992   194   451   392    60   837   898     0 
  743   246   167   469   360   473   315   472   250   268   389   620   439   583   460   398    67   598   520   503   671   734     0   584   445   787   709   435   685   597   328   495   263   270   189   576   776   250   788   268   815   546   537   512   794   681   169     0 
  547   497   468   365   225   121   274   278   335   348   197   688   265   655   184   622   587    95   230   548   628   289   584     0   457   491   318   381   300   164   431   487   342   642   662   635   368   336   209   428   705   178   163   487   335   548   753     0 
  301   203   475    98   364   356   309   181   361   249   383   927   194   209   491   753   394   535   240   780   924   734   445   457     0   365   746   629   724   343   585    54   268   290   622   873   807   327   642   183   378   562   305   749   786   236   558     0 
  119   561   770   318   564   472   546   335   625   537   563  1144   374   403   634  1019   747   585   318   995  1104   765   787   491   365     0   804   825   789   330   827   331   551   652   948  1088   846   598   571   520   268   663   356   945   798   188   918     0 
  864   725   548   664   409   391   476   579   488   563   381   499   555   953   273   544   741   224   542   404   397    62   709   318   746   804     0   308    25   481   418   785   549   862   702   458    67   510   299   662  1022   188   477   336   101   865   869     0 
  844   529   268   578   273   354   321   513   279   389   266   319   476   833   200   255   481   322   510   171   295   353   435   381   629   825   308     0   287   510   114   679   370   644   396   263   368   313   510   484   978   224   471   122   407   817   581     0 
  847   700   524   642   384   370   452   557   463   539   356   490   533   931   248   527   716   206   522   390   393    71   685   300   724   789    25   287     0   464   395   763   524   837   679   448    92   485   297   638  1004   164   458   321   120   846   845     0 
  383   444   521   244   277   160   290   168   371   331   264   827   178   520   312   728   581   258   104   681   778   449   597   164   343   330   481   510   464     0   532   359   334   582   715   771   529   356   304   377   543   334    59   626   490   390   757     0 
  830   455   164   550   263   372   288   498   224   336   269   343   459   780   249   196   379   392   510   199   359   458   328   431   585   827   418   114   395   532     0   637   317   556   284   289   480   258   589   421   951   303   484   188   514   792   468     0 
  256   251   529   122   412   393   359   209   414   302   429   979   230   168   535   807   443   569   262   832   974   769   495   487    54   331   785   679   763   359   637     0   321   322   675   925   844   380   663   236   324   603   329   800   820   187   602     0 
  531   176   220   245   141   223    74   220    93    19   171   659   183   465   276   489   250   380   260   513   662   555   263   342   268   551   549   370   524   334   317   321     0   315   399   605   615    59   551   118   639   363   275   486   614   484   424     0 
  575   145   397   365   456   522   389   417   379   303   486   878   404   345   590   664   203   692   481   749   914   870   270   642   290   652   862   644   837   582   556   322   315     0   455   831   929   353   849   214   603   677   529   744   929   500   307     0 
  915   430   196   633   446   569   425   618   345   411   468   482   581   771   501   254   254   649   656   396   559   740   189   662   622   948   702   396   679   715   284   675   399   455     0   448   764   362   848   441   998   573   658   429   798   857   227     0 
 1104   741   434   832   531   617   570   772   512   625   527    56   734  1069   460   195   638   562   772    94   120   518   576   635   873  1088   458   263   448   771   289   925   605   831   448     0   492   546   728   711  1234   463   734   147   554  1073   674     0 
  912   791   614   722   475   451   542   636   555   629   446   528   614  1012   339   596   808   277   596   448   418    81   776   368   807   846    67   368    92   529   480   844   615   929   764   492     0   577   312   728  1072   253   530   382    70   917   935     0 
  584   222   173   299   115   223    66   263    34    78   146   600   225   524   239   432   253   359   295   454   604   521   250   336   327   598   510   313   485   356   258   380    59   353   362   546   577     0   542   172   696   328   298   428   581   540   418     0 
  657   704   659   545   428   329   481   461   537   557   398   776   458   825   347   765   794   199   402   656   688   240   788   209   642   571   299   510   297   304   589   663   551   849   848   728   312   542     0   634   822   288   337   588   249   681   957     0 
  476    70   296   202   253   308   186   223   205   100   281   763   200   360   390   577   227   480   282   620   774   664   268   428   183   520   662   484   638   377   421   236   118   214   441   711   728   172   634     0   560   475   321   598   722   416   402     0 
  165   569   852   402   705   649   664   468   729   621   715  1289   503   264   809  1127   759   798   486  1139  1271   992   815   705   378   268  1022   978  1004   543   951   324   639   603   998  1234  1072   696   822   560     0   859   547  1101  1032   162   905     0 
  707   538   396   484   222   213   289   401   309   376   193   515   374   770    88   477   569   100   373   381   450   194   546   178   562   663   188   224   164   334   303   603   363   677   573   463   253   328   288   475   859     0   314   316   254   698   712     0 
  393   389   464   209   225   116   232   124   313   271   215   789   126   495   278   680   522   253    68   641   748   451   537   163   305   356   477   471   458    59   484   329   275   529   658   734   530   298   337   321   547   314     0   589   498   388   698     0 
  966   638   351   700   395   473   441   635   394   506   388   201   598   951   314   217   566   416   631    69   176   392   512   487   749   945   336   122   321   626   188   800   486   744   429   147   382   428   588   598  1101   316   589     0   436   939   639     0 
  870   788   637   698   473   431   540   611   562   626   443   592   592   988   342   646   821   251   565   504   485    60   794   335   786   798   101   407   120   490   514   820   614   929   798   554    70   581   249   722  1032   254   498   436     0   880   957     0 
   79   438   701   242   544   487   504   305   572   467   553  1129   341   216   647   972   630   641   326   979  1109   837   681   548   236   188   865   817   846   390   792   187   484   500   857  1073   917   540   681   416   162   698   388   939   880     0   789     0 
  858   357   321   603   529   640   482   621   420   427   559   709   592   652   628   481   177   767   674   615   782   898   169   753   558   918   869   581   845   757   468   602   424   307   227   674   935   418   957   402   905   712   698   639   957   789     0     0 
    0     0     0     0     0     0     0     0     0     0     0     0     0     0     0     0     0     0     0     0     0     0     0     0     0     0     0     0     0     0     0     0     0     0     0     0     0     0     0     0     0     0     0     0     0     0     0     0 
