DIMENSION: 27
N: 15
M: 5
K: 2

SERVICE: 
318 231 131 268 316 143 335 279 175 130 185 104 300 207 356 

DIST MATRIX: 
    0   107   344   338   247   223   118   192   544   698   234   471   188   449   313   309   357   382   661   270   642   446   478   511   368   474   545     0 
  366     0   444   446   351   310   229   325   665   718   307   604   308   592   422   221   459   470   756   400   616   536   560   567   387   394   687     0 
  486   245     0   418    42    72   271   254   335   864   105   283   287   350   396   524   142   179   732   304   841   237   274   649   269   690   397     0 
  462   406   507     0   484   525   415   312   471   703   558   358   338   138   276   711   502   563   384   241   804   582   626   474   721   814   252     0 
  490   340   326   322     0   364   358   260   301   806   396   186   302    58   315   673   319   380   547   225   862   396   441   571   551   807   154     0 
  571   337    60   475    90     0   363   324   230   942   167   195   363   324   456   630    58   118   770   356   935   155   199   719   293   795   333     0 
  332   353   653   491   557   522     0   437   862   592   521   787   402   729   474    33   667   683   744   498   440   749   775   508   598   181   844     0 
  516   354   301   353   300   350   373     0   267   838   382   152   322    81   345   688   294   354   581   251   889   367   411   603   533   826   138     0 
  851   620   252   737   349   383   646   600     0  1217   388   278   642   497   722   901   240   224  1002   619  1217   158   147   989   401  1069   419     0 
  421   659  1034   563   944   935   634   672  1162     0   951  1054   630   885   571   528  1042  1083   529   669   128  1140  1179   327  1082   416  1025     0 
  723   486   216   686   235   211   508   520   419  1105     0   443   545   594   664   665   227   173  1005   576  1045   205   193   905    70   838   595     0 
  718   504   203   584   281   331   529   464    38  1069   350     0   509   324   571   815   187   219   833   469  1091   185   215   837   434   976   250     0 
  365   379   577   179   532   564   379   291   582   572   596   467     0   251   197   642   575   635   264   215   684   664   709   346   763   724   380     0 
  316   176   358   175   299   325   189    85   439   657   356   330   124     0   159   501   360   416   474    57   690   456   501   426   524   629   333     0 
  435   562   820   332   768   793   553   493   828   442   823   714   483   495     0   735   819   878    38   427   623   910   956   290   990   761   612     0 
  300   334   649   463   552   519   315   416   852   562   521   774   379   708   446     0   662   681   712   474   417   746   774   475   606   173   825     0 
  622   385    16   532   110   151   411   379   224   996   165   219   417   375   513   662     0    61   828   413   982    99   141   775   260   830   369     0 
  664   424    58   585   139   162   449   428   254  1042   164   270   463   436   565   681    61     0   886   467  1018    66    96   824   215   852   424     0 
  414   555   828   326   772   795   544   491   847   404   824   731   478   514   351   712   828   886     0   428   587   921   966   258   990   732   636     0 
  265   169   410   119   345   367   175    77   495   601   396   385    98   243   103   474   413   467   428     0   638   510   554   370   563   592   376     0 
  375   597   972   547   879   863   572   627  1122   228   876  1019   583   870   548   417   982  1018   587   638     0  1078  1114   348   995   291  1009     0 
  720   482   106   629   200   227   507   477   214  1094   230   258   515   448   611   746    99    66   921   510  1078     0    45   873   260   916   415     0 
  759   520   146   673   236   256   545   520   240  1136   254   297   556   492   654   774   141    96   966   554  1114    45     0   916   255   945   454     0 
  201   420   770   253   691   697   399   397   861   235   720   749   363   564   267   475   775   824   258   370   348   873   916     0   874   475   704     0 
  686   455   246   667   237   199   475   500   468  1066   168   479   521   609   644   606   260   215   990   563   995   260   255   874     0   779   625     0 
  358   479   817   549   720   690   456   547  1011   485   693   926   505   834   538   173   830   852   732   592   291   916   945   475   779     0   961     0 
  641   491   381   464   408   462   511   414   245   938   491   157   456   140   460   825   369   424   636   376  1009   415   454   704   625   961     0     0 
    0     0     0     0     0     0     0     0     0     0     0     0     0     0     0     0     0     0     0     0     0     0     0     0     0     0     0     0 
