0.0 0.0 10.000044999898751 18.000277775634462 22.000227271553356 29.000043103416242 5.000089999190014 33.00001363636082 
0.0 0.0 10.000044999898751 18.000277775634462 22.000227271553356 29.000043103416242 5.000089999190014 33.00001363636082 
10.000044999898751 10.000044999898751 0.0 8.000306244138407 12.000204164929862 19.000010526312874 5.000359987040933 23.0 
18.000277775634462 18.000277775634462 8.000306244138407 0.0 4.0 11.000113635776678 13.000649983750812 15.000163332444084 
22.000227271553356 22.000227271553356 12.000204164929862 4.0 0.0 7.000178569150933 17.00049705155705 11.000222725017888 
29.000043103416242 29.000043103416242 19.000010526312874 11.000113635776678 7.000178569150933 0.0 24.000133332962964 4.000049999687504 
5.000089999190014 5.000089999190014 5.000359987040933 13.000649983750812 17.00049705155705 24.000133332962964 0.0 28.000064285640487 
33.00001363636082 33.00001363636082 23.0 15.000163332444084 11.000222725017888 4.000049999687504 28.000064285640487 0.0 
