0.0 7.111961360974903 8.623907701848392 6.227091398879577 20.826620978209597 1.643281610071749 7.962791281956348 14.7644569131411 12.432977936520277 18.485425342685517 0.7038094131226148 7.2037900614884665 10.46615242101891 8.051355096503942 20.208034264123764 2.4629416578555006 6.518334604022718 13.890895851600067 13.503056217390196 19.335007592447436 18.21343499288369 10.288113845598714 4.975924240781808 5.909642885995734 10.494710994115081 15.358522775319248 19.864075525933746 10.550664742090898 14.274030378628176 13.656859818420926 17.847345927616242 13.256426888494504 8.668647014384655 2.309021985603429 8.931058208297602 4.260820217986205 15.718469097529825 4.666138678822138 15.169266479629133 5.968356819929586 2.955974614234703 13.094148865046558 
7.111961360974903 0.0 2.4650376812535746 9.19539583976677 13.763296460150817 7.4788642700613295 7.5263538184169905 11.733541358856668 6.61183615420104 11.375655238270893 7.73346429034233 0.2862341174633101 3.400086660660283 7.395723235086612 13.258113052014604 5.700250304153318 4.152072360881973 11.680966064499971 6.796149651824923 12.223725581016614 11.112539569333377 7.622775118026242 4.0802164121526685 9.241732417680138 8.882713507144086 13.493189289415605 12.756847859091211 7.468275068581768 11.640863306902972 8.41676201041707 10.742018652934838 10.344448552242891 8.255736014432632 6.580415990649831 5.330463251913478 3.0257336779696913 8.674938462605947 4.499077799949674 8.79349238073247 9.040779179362806 5.791474354600908 6.121002703805971 
8.623907701848392 2.4650376812535746 0.0 9.002885618511433 12.376162359148333 9.334666410750842 9.980574985941441 9.456398888054585 4.200551354286721 10.425524706699417 9.305492266398376 2.6651650980755393 2.5424694157452508 6.229884539861071 11.628216186930823 7.7230118800892695 6.6113398884038626 9.58213711705275 4.881118367751392 11.142174161715477 9.928754583028027 5.679842336720271 4.281362224806492 9.1674551959636 11.212165090650423 11.409498779964 11.601707023106558 9.629222619194136 13.701736171011321 5.955272894670739 9.863820140797378 8.138285068735307 7.018053046963951 8.599785291505828 7.55200592756653 4.380820051086325 8.183459151239164 6.870384388081936 9.331245501003604 11.406260576543042 7.921777596600399 4.633598244345317 
6.227091398879577 9.19539583976677 9.002885618511433 0.0 20.83156259141402 7.868070682193952 13.596243072628557 10.342665107698304 11.071677185503559 19.299907646670228 6.630861592583576 9.444781578204973 11.526962346169089 3.977354884844951 19.76217162282526 8.116766452227143 11.14945013262986 9.026647686156803 13.14989266344026 19.922958579739102 18.664319350300456 6.722511766445634 5.115375759413966 0.4522835504415348 15.943474364140334 10.096046812985763 20.315810347854697 15.421722001449774 19.514708317574208 11.381857674826197 18.780239551454073 9.010363395557363 3.9822713631795605 8.368020556858115 13.415964477069846 6.662925341019514 17.186322541486298 9.69601974523567 17.951986410979703 12.178052415719028 8.679443660166243 13.403377485171415 
20.826620978209597 13.763296460150817 12.376162359148333 20.83156259141402 0.0 21.22816711682853 18.898056084423075 14.984304490032232 9.881090888156026 3.243873334456819 21.47224033071538 13.719606887225305 10.37023569114994 17.164425868638894 1.706918641880745 19.402415446536548 16.431827692012842 16.382226211660004 7.697112400114735 2.250975399687879 2.7987381746065494 14.928534115913727 16.625895898868126 21.096011314227155 18.44096332624736 17.66278538764484 1.6481289300294433 16.284493445299425 18.35382485478163 10.377693645988979 3.874028994470744 14.869907153711486 17.628823064799306 20.266876409550637 15.408862394414458 16.587106535499192 6.235002930231869 17.749032325735396 9.542270636488992 21.906765523006815 19.40545970210446 7.759787853414551 
1.643281610071749 7.4788642700613295 9.334666410750842 7.868070682193952 21.22816711682853 0.0 6.722155863262917 16.18095457412819 13.344833782404335 18.711774197280167 1.3573596870395117 7.509297969850443 10.878473906297701 9.560823153892136 20.732185728716598 1.8906564204000682 5.910188128985405 15.38128073113549 14.151190448863304 19.607371314125714 18.542051223367928 11.662180926824965 6.17091650405351 7.5447737388208 9.290967334998008 16.893073172457402 20.16395068556755 9.614589832644969 13.106107541905796 14.718595919788001 18.053528529625446 14.665684200200142 10.216996876284146 1.1835532349666404 8.229982960492688 4.996678068477096 15.821858825055925 4.0501744456257684 14.885802537989008 4.3562755583181385 2.1186341567151223 13.591457290886801 
7.962791281956348 7.5263538184169905 9.980574985941441 13.596243072628557 18.898056084423075 6.722155863262917 0.0 19.125148332496668 14.006205359411235 15.848139742569154 8.007594413430292 7.3154138809776175 9.900015358573944 13.696053799908935 18.945373346017757 5.592872286222886 3.3764360219023852 18.867532190511824 13.539945546788584 16.860846408172986 16.10352411244197 14.770799602594302 9.648395205939691 13.395485121487763 2.571604022784222 20.625296197630714 17.48934997362681 3.480446882226476 6.390762806582637 15.896577370616606 15.162767091134784 17.677643820656648 14.532798707062586 5.684065106066257 3.4912718198387243 7.649295570835266 12.737453865274645 3.9941581803929602 10.422066346459323 3.826310798928911 5.045781735271554 12.42353690782138 
14.7644569131411 11.733541358856668 9.456398888054585 10.342665107698304 14.984304490032232 16.18095457412819 19.125148332496668 0.0 6.818036005331741 15.094978028470262 15.418587410330428 11.987285736562718 10.941493004156243 6.827492310504641 13.409672874458945 15.297003146041382 15.77885803377418 1.6781843343327931 9.25686036677663 15.20172464228977 14.018102902318846 4.544849185616614 10.128642176027347 10.785529221136994 20.614623391418043 2.6934019714851325 15.28811726276326 19.085587296177184 23.135893854571513 5.124784709624395 14.90077455704904 1.517563748249144 6.452048852883864 16.007423535659946 16.99842635128323 11.875373672015545 14.648524190852813 15.461680369545864 17.378827396864267 19.633158056970863 15.725789852977178 10.493093204579857 
12.432977936520277 6.61183615420104 4.200551354286721 11.071677185503559 9.881090888156026 13.344833782404335 14.006205359411235 6.818036005331741 0.0 8.966655901170734 13.134046958953665 6.769979193468766 4.492103472761953 7.295602759196803 8.706844232556362 11.840854388936634 10.682731504629329 7.625095423009472 2.610960781015294 9.34792976064754 8.07474821712727 5.115952494892814 7.579289925843977 11.37411673801531 14.941261411942433 9.323023621658374 9.619870007957488 13.124556669465067 16.916924160733238 2.017741482450118 8.617720269885766 5.976453036709986 7.748776693775606 12.70537609754233 11.214807900717693 8.350189937959495 7.944329550062738 11.068761341722025 10.563741785939298 15.606649291247626 12.078187127628052 3.6968683895967946 
18.485425342685517 11.375655238270893 10.425524706699417 19.299907646670228 3.243873334456819 18.711774197280167 15.848139742569154 15.094978028470262 8.966655901170734 0.0 19.09576116341006 11.283634326315259 8.103927553970358 15.927602340904922 4.087167180334076 16.84415532373173 13.580945484390988 16.271767420289656 6.409081716595598 1.0263698845932678 1.188061050619872 14.054906452908178 14.695243550550632 19.510102528177548 15.261517141162605 17.776586039507134 1.6648503836681552 13.110242385249785 15.111340764141348 10.063600127191062 0.6871055231913065 14.6558543336784 16.51580068903715 17.684421403314275 12.359261114645971 14.338678523838936 3.110808777472507 15.032691489217756 6.300139354807955 19.01149466112541 16.786354215850444 5.898050542340238 
0.7038094131226148 7.73346429034233 9.305492266398376 6.630861592583576 21.47224033071538 1.3573596870395117 8.007594413430292 15.418587410330428 13.134046958953665 19.09576116341006 0.0 7.812784274508032 11.105078894361803 8.675292835403308 20.873189693240466 2.7235215916162665 6.851709672775111 14.516689769021033 14.181743617764354 19.955443603438134 18.84435337839959 10.957830411628024 5.677669382766137 6.284660869927668 10.566504917899769 15.958720870107353 20.490309755833366 10.762615736427646 14.371078006190071 14.360316829722107 18.452904971575613 13.913829417525575 9.267604279963619 2.333893420874227 9.240463385025667 4.932532761168445 16.298735334988418 4.977541614090233 15.64171085399548 5.691898707812711 3.1384273402454292 13.751027982300087 
7.2037900614884665 0.2862341174633101 2.6651650980755393 9.444781578204973 13.719606887225305 7.509297969850443 7.3154138809776175 11.987285736562718 6.769979193468766 11.283634326315259 7.812784274508032 0.0 3.3813096471633584 7.680912171090096 13.248967774509833 5.704365740378153 3.9476434134810097 11.950886265461653 6.852177750175487 12.144916444751688 11.04907744429371 7.898152263029625 4.331844930280861 9.484058391321723 8.627338362438325 13.764790663500843 12.685706683113875 7.192104313064432 11.36052052064517 8.60144796240726 10.643671320085001 10.605153797093186 8.541238784274796 6.580240684047962 5.057493166579665 3.1889846221015232 8.542733419696534 4.3982561362430905 8.567158898958278 8.929952135370044 5.767800853878365 6.12287929735676 
10.46615242101891 3.400086660660283 2.5424694157452508 11.526962346169089 10.37023569114994 10.878473906297701 9.900015358573944 10.941493004156243 4.492103472761953 8.103927553970358 11.105078894361803 3.3813096471633584 0.0 8.717473212462426 9.867670112037596 9.085403199088082 6.7626540152517025 11.378277216696734 3.658702984665469 8.90150886198514 7.752694892745363 7.791688905494109 6.6598150522368105 11.676771270346952 10.553595380248382 13.186904753580349 9.41170072834873 8.665055245063357 12.426721907647245 6.509002408971747 7.501759678902012 9.80847689756162 9.475932496593671 9.961544320535847 6.841792941912229 6.256566643934993 5.673492082483242 7.660698224705108 6.916855847131702 12.109936923452574 9.142022705069156 2.752309938942199 
8.051355096503942 7.395723235086612 6.229884539861071 3.977354884844951 17.164425868638894 9.560823153892136 13.696053799908935 6.827492310504641 7.295602759196803 15.927602340904922 8.675292835403308 7.680912171090096 8.717473212462426 0.0 15.995954596397178 8.986352541493126 10.631092911831782 5.841447852202396 9.587546010319846 16.453941505001165 15.178947708256988 2.76058924325949 4.048561630999334 4.358999097269922 15.675446498266005 7.338031243460334 16.79256186202689 14.639572565140007 18.849580138560114 7.42370620175664 15.46791511645962 5.36604424879259 0.867333874583485 9.576009962400832 12.4978936453308 6.0468524126193115 14.158985049077495 9.73557926884682 15.5598611028505 13.384521300367824 9.485770704059844 10.077573381027795 
20.208034264123764 13.258113052014604 11.628216186930823 19.76217162282526 1.706918641880745 20.732185728716598 18.945373346017757 13.409672874458945 8.706844232556362 4.087167180334076 20.873189693240466 13.248967774509833 9.867670112037596 15.995954596397178 0.0 18.952665016034025 16.267341320879698 14.850089794341311 6.787276674042395 3.3081260102964665 3.177598782099465 13.642065444792442 15.796595642416122 20.05010244412731 18.71924711760599 16.074095336907764 2.890226793869298 16.56520312945181 18.96980627866294 8.971154683762844 4.564873820819148 13.37485534912434 16.40601782883342 19.82920845747505 15.485549946320926 15.947582380097616 6.64162215802736 17.444924942515517 10.218069418926454 21.745209415639113 19.004149875750823 7.140929356883458 
2.4629416578555006 5.700250304153318 7.7230118800892695 8.116766452227143 19.402415446536548 1.8906564204000682 5.592872286222886 15.297003146041382 11.840854388936634 16.84415532373173 2.7235215916162665 5.704365740378153 9.085403199088082 8.986352541493126 18.952665016034025 0.0 4.131219280067326 14.666441326034066 12.45387671128954 17.748416858131318 16.69816990002198 10.75291651274202 5.170589173392139 7.8773720497384145 8.083969314637457 16.28375463736788 18.310846081216454 8.088704223174439 11.838372105994978 13.344924911366117 16.182785121541965 13.781889112890148 9.737452289485171 0.8830474958913594 6.517266344871905 3.5750369648438602 13.938288340395317 2.2552424836367377 13.020370920215752 4.399499139674879 0.5630129749837032 11.820132962450126 
6.518334604022718 4.152072360881973 6.6113398884038626 11.14945013262986 16.431827692012842 5.910188128985405 3.3764360219023852 15.77885803377418 10.682731504629329 13.580945484390988 6.851709672775111 3.9476434134810097 6.7626540152517025 10.631092911831782 16.267341320879698 4.131219280067326 0.0 15.580089709947114 10.419978166963691 14.552813557865708 13.643967783969591 11.48031563546926 6.641915026556724 11.030556472363486 5.044826651134803 17.358619974237584 15.156597883760062 4.27725807147523 8.387191550215125 12.544799828215675 12.897547489736176 14.345651999822108 11.488543304092124 4.730161191756577 2.4211244598326616 4.673257202423167 10.523344810467819 1.8766329955534728 9.062483361639899 5.482046743689805 3.7928924912261888 9.421065405250088 
13.890895851600067 11.680966064499971 9.58213711705275 9.026647686156803 16.382226211660004 15.38128073113549 18.867532190511824 1.6781843343327931 7.625095423009472 16.271767420289656 14.516689769021033 11.950886265461653 11.378277216696734 5.841447852202396 14.850089794341311 14.666441326034066 15.580089709947114 0.0 10.187384599100987 16.453248221551878 15.237073898882294 4.100023524322755 9.521352631322923 9.476735524430339 20.528566073888356 1.8275901619345636 16.582989690040815 19.133765574502057 23.262607878094833 6.208262405858824 16.026499281502495 1.6491852928036907 5.308857920494764 15.320466648571772 17.00757961498343 11.393460972417467 15.565512372228548 15.067519220163614 18.059161050558245 19.052594438815934 15.130413193300438 11.315953178588181 
13.503056217390196 6.796149651824923 4.881118367751392 13.14989266344026 7.697112400114735 14.151190448863304 13.539945546788584 9.25686036677663 2.610960781015294 6.409081716595598 14.181743617764354 6.852177750175487 3.658702984665469 9.587546010319846 6.787276674042395 12.45387671128954 10.419978166963691 10.187384599100987 0.0 6.871700841130965 5.594983511146393 7.648660097690313 9.009337024443031 13.405421876613955 14.034620733742683 11.84000828589237 7.206386723594565 12.039509907384106 15.490875059208244 4.158901938012003 6.026760178570242 8.539351526901795 10.135667429922906 13.336919768072388 10.376050329966603 9.250685849168157 5.3951984022832775 11.233597927645443 8.314476416467848 15.729185106037757 12.580192504488952 1.4156996750723658 
19.335007592447436 12.223725581016614 11.142174161715477 19.922958579739102 2.250975399687879 19.607371314125714 16.860846408172986 15.20172464228977 9.34792976064754 1.0263698845932678 19.955443603438134 12.144916444751688 8.90150886198514 16.453941505001165 3.3081260102964665 17.748416858131318 14.552813557865708 16.453248221551878 6.871700841130965 0.0 1.2773452000144658 14.462737589405402 15.422953155929637 20.149410541254053 16.287860931687746 17.89378740568916 0.6385838237851024 14.13643458938639 16.109076176180928 10.26673773406139 1.7018325710833 14.862100312203522 17.006796291483003 18.595718175160645 13.370687684633127 15.15581178591236 4.1251709794867875 15.974338247639555 7.298427899897345 19.99642406456714 17.705906974792338 6.542210349721261 
18.21343499288369 11.112539569333377 9.928754583028027 18.664319350300456 2.7987381746065494 18.542051223367928 16.10352411244197 14.018102902318846 8.07474821712727 1.188061050619872 18.84435337839959 11.04907744429371 7.752694892745363 15.178947708256988 3.177598782099465 16.69816990002198 13.643967783969591 15.237073898882294 5.594983511146393 1.2773452000144658 0.0 13.188418805148707 14.209603807636581 18.89540653174734 15.699200072933653 16.706417394522383 1.6729913149804445 13.541290911135468 15.80633042201763 9.037799892672997 1.436652477114768 13.635624049158881 15.729683135397229 17.555084666557438 12.615808270578626 14.007474415111384 3.5150070796514763 14.991957596324772 7.040827003271704 19.114935455030967 16.679981376488406 5.3079464974696196 
10.288113845598714 7.622775118026242 5.679842336720271 6.722511766445634 14.928534115913727 11.662180926824965 14.770799602594302 4.544849185616614 5.115952494892814 14.054906452908178 10.957830411628024 7.898152263029625 7.791688905494109 2.76058924325949 13.642065444792442 10.75291651274202 11.48031563546926 4.100023524322755 7.648660097690313 14.462737589405402 13.188418805148707 0.0 5.583834271358704 7.114267283424203 16.439140861066917 5.886648664562886 14.733820529652178 15.090256512067645 19.248663577765598 4.8079658942217955 13.670938901187437 3.0289801336423476 2.8652784925727555 11.463620815867907 12.952834152416218 7.361760284741686 12.703258634303248 11.000522417140015 14.68204310884558 15.098348094079697 11.185771323426918 8.43636900568011 
4.975924240781808 4.0802164121526685 4.281362224806492 5.115375759413966 16.625895898868126 6.17091650405351 9.648395205939691 10.128642176027347 7.579289925843977 14.695243550550632 5.677669382766137 4.331844930280861 6.6598150522368105 4.048561630999334 15.796595642416122 5.170589173392139 6.641915026556724 9.521352631322923 9.009337024443031 15.422953155929637 14.209603807636581 5.583834271358704 0.0 5.17300701430029 11.672731116581073 11.181957950645316 15.882469639511356 10.770277306086413 14.964875361993498 8.690476698662737 14.121257216338778 8.612633218708435 4.8855010152491 5.885048458594034 8.662066446870517 2.0012259292743537 12.319867441656992 5.689562578968616 12.84814637603417 9.536239848074294 5.615270028235508 8.909061122811988 
5.909642885995734 9.241732417680138 9.1674551959636 0.4522835504415348 21.096011314227155 7.5447737388208 13.395485121487763 10.785529221136994 11.37411673801531 19.510102528177548 6.284660869927668 9.484058391321723 11.676771270346952 4.358999097269922 20.05010244412731 7.8773720497384145 11.030556472363486 9.476735524430339 13.405421876613955 20.149410541254053 18.89540653174734 7.114267283424203 5.17300701430029 0.0 15.771371383934879 10.54769016230568 20.551860420409632 15.30734537207546 19.37428898850226 11.738200138862856 18.981088576264533 9.445364514405997 4.405804891276961 8.089691740109755 13.326353106532935 6.617815250518859 17.34559677756865 9.529061053954896 18.0210407493574 11.873710871079858 8.440345414732741 13.618664472700692 
10.494710994115081 8.882713507144086 11.212165090650423 15.943474364140334 18.44096332624736 9.290967334998008 2.571604022784222 20.614623391418043 14.941261411942433 15.261517141162605 10.566504917899769 8.627338362438325 10.553595380248382 15.675446498266005 18.71924711760599 8.083969314637457 5.044826651134803 20.528566073888356 14.034620733742683 16.287860931687746 15.699200072933653 16.439140861066917 11.672731116581073 15.771371383934879 0.0 22.325780520510367 16.92617166550074 2.157911362869198 3.8193606375936797 16.917714304538897 14.593452857017766 19.225001747724242 16.53195193224321 8.236603787969893 3.7265199221257355 9.68570724005222 12.206336492985928 6.247619426629634 9.315159005620892 6.124803925024865 7.551838825743039 12.772089400329142 
15.358522775319248 13.493189289415605 11.409498779964 10.096046812985763 17.66278538764484 16.893073172457402 20.625296197630714 2.6934019714851325 9.323023621658374 17.776586039507134 15.958720870107353 13.764790663500843 13.186904753580349 7.338031243460334 16.074095336907764 16.28375463736788 17.358619974237584 1.8275901619345636 11.84000828589237 17.89378740568916 16.706417394522383 5.886648664562886 11.181957950645316 10.54769016230568 22.325780520510367 0.0 17.981458370777382 20.951744164627442 25.086238725046048 7.759847613194475 17.570035237870187 3.391760541370807 6.6914248004442225 16.903574701523937 18.822256974125075 13.095287009073148 17.23382250836999 16.788413565611254 19.821857583233715 20.681282152951734 16.764042961052088 13.019739899859752 
19.864075525933746 12.756847859091211 11.601707023106558 20.315810347854697 1.6481289300294433 20.16395068556755 17.48934997362681 15.28811726276326 9.619870007957488 1.6648503836681552 20.490309755833366 12.685706683113875 9.41170072834873 16.79256186202689 2.890226793869298 18.310846081216454 15.156597883760062 16.582989690040815 7.206386723594565 0.6385838237851024 1.6729913149804445 14.733820529652178 15.882469639511356 20.551860420409632 16.92617166550074 17.981458370777382 0.0 14.774509162743783 16.734634936263173 10.428163654258597 2.337171487075778 15.010299199216515 17.323443449845644 19.1620636761806 13.998629890814316 15.668178998530749 4.7570595297935885 16.559695098944303 7.925919298731221 20.607215870417814 18.27749501490836 6.9790304340932625 
10.550664742090898 7.468275068581768 9.629222619194136 15.421722001449774 16.284493445299425 9.614589832644969 3.480446882226476 19.085587296177184 13.124556669465067 13.110242385249785 10.762615736427646 7.192104313064432 8.665055245063357 14.639572565140007 16.56520312945181 8.088704223174439 4.27725807147523 19.133765574502057 12.039509907384106 14.13643458938639 13.541290911135468 15.090256512067645 10.770277306086413 15.30734537207546 2.157911362869198 20.951744164627442 14.774509162743783 0.0 4.2100706704282285 15.126930851960685 12.440395763801085 17.749829932988092 15.506332679263657 8.462216478559267 2.1502240859966206 8.866677096297124 10.049587661690405 5.941932056999643 7.24231926457264 7.302541566468485 7.626922762162995 10.739329457652373 
14.274030378628176 11.640863306902972 13.701736171011321 19.514708317574208 18.35382485478163 13.106107541905796 6.390762806582637 23.135893854571513 16.916924160733238 15.111340764141348 14.371078006190071 11.36052052064517 12.426721907647245 18.849580138560114 18.96980627866294 11.838372105994978 8.387191550215125 23.262607878094833 15.490875059208244 16.109076176180928 15.80633042201763 19.248663577765598 14.964875361993498 19.37428898850226 3.8193606375936797 25.086238725046048 16.734634936263173 4.2100706704282285 0.0 18.93457812178555 14.506221260204189 21.83999137454042 19.71628913487525 12.03801343245637 6.356166486963663 13.038238544374007 12.338011746630817 9.870077329990885 8.811554270388397 9.805824836289906 11.320310722325603 14.108103451917271 
13.656859818420926 8.41676201041707 5.955272894670739 11.381857674826197 10.377693645988979 14.718595919788001 15.896577370616606 5.124784709624395 2.017741482450118 10.063600127191062 14.360316829722107 8.60144796240726 6.509002408971747 7.42370620175664 8.971154683762844 13.344924911366117 12.544799828215675 6.208262405858824 4.158901938012003 10.26673773406139 9.037799892672997 4.8079658942217955 8.690476698662737 11.738200138862856 16.917714304538897 7.759847613194475 10.428163654258597 15.126930851960685 18.93457812178555 0.0 9.824582071518362 4.597841251065548 7.664277661984852 14.185940105964074 13.193448508255907 9.78367414676102 9.534272719510389 12.785533833594902 12.410965859674258 17.291575418393776 13.63378624814105 5.4633860453019425 
17.847345927616242 10.742018652934838 9.863820140797378 18.780239551454073 3.874028994470744 18.053528529625446 15.162767091134784 14.90077455704904 8.617720269885766 0.6871055231913065 18.452904971575613 10.643671320085001 7.501759678902012 15.46791511645962 4.564873820819148 16.182785121541965 12.897547489736176 16.026499281502495 6.026760178570242 1.7018325710833 1.436652477114768 13.670938901187437 14.121257216338778 18.981088576264533 14.593452857017766 17.570035237870187 2.337171487075778 12.440395763801085 14.506221260204189 9.824582071518362 0.0 14.398236768785267 16.076510193446833 17.020101170380862 11.673475442215143 13.71809089961136 2.4253705387012507 14.357803949420678 5.70331040098643 18.325451979419224 16.1190392176457 5.400682819792326 
13.256426888494504 10.344448552242891 8.138285068735307 9.010363395557363 14.869907153711486 14.665684200200142 17.677643820656648 1.517563748249144 5.976453036709986 14.6558543336784 13.913829417525575 10.605153797093186 9.80847689756162 5.36604424879259 13.37485534912434 13.781889112890148 14.345651999822108 1.6491852928036907 8.539351526901795 14.862100312203522 13.635624049158881 3.0289801336423476 8.612633218708435 9.445364514405997 19.225001747724242 3.391760541370807 15.010299199216515 17.749829932988092 21.83999137454042 4.597841251065548 14.398236768785267 0.0 5.059344863715066 14.490209243485756 15.643443152004615 10.372666998414633 13.916327105238654 13.977725260570836 16.43414836065441 18.12330244188404 14.21326192012235 9.668757130572681 
8.668647014384655 8.255736014432632 7.018053046963951 3.9822713631795605 17.628823064799306 10.216996876284146 14.532798707062586 6.452048852883864 7.748776693775606 16.51580068903715 9.267604279963619 8.541238784274796 9.475932496593671 0.867333874583485 16.40601782883342 9.737452289485171 11.488543304092124 5.308857920494764 10.135667429922906 17.006796291483003 15.729683135397229 2.8652784925727555 4.8855010152491 4.405804891276961 16.53195193224321 6.6914248004442225 17.323443449845644 15.506332679263657 19.71628913487525 7.664277661984852 16.076510193446833 5.059344863715066 0.0 10.295099700828546 13.365007762811063 6.886566599547266 14.846150068283697 10.562554721751741 16.347649810599687 14.128112380994143 10.24785593673135 10.708063378594657 
2.309021985603429 6.580415990649831 8.599785291505828 8.368020556858115 20.266876409550637 1.1835532349666404 5.684065106066257 16.007423535659946 12.70537609754233 17.684421403314275 2.333893420874227 6.580240684047962 9.961544320535847 9.576009962400832 19.82920845747505 0.8830474958913594 4.730161191756577 15.320466648571772 13.336919768072388 18.595718175160645 17.555084666557438 11.463620815867907 5.885048458594034 8.089691740109755 8.236603787969893 16.903574701523937 19.1620636761806 8.462216478559267 12.03801343245637 14.185940105964074 17.020101170380862 14.490209243485756 10.295099700828546 0.0 7.047066789097432 4.403246150285038 14.757891549269498 2.878621423528978 13.728526636897348 3.870617568295788 0.9477400751260859 12.698983742410256 
8.931058208297602 5.330463251913478 7.55200592756653 13.415964477069846 15.408862394414458 8.229982960492688 3.4912718198387243 16.99842635128323 11.214807900717693 12.359261114645971 9.240463385025667 5.057493166579665 6.841792941912229 12.4978936453308 15.485549946320926 6.517266344871905 2.4211244598326616 17.00757961498343 10.376050329966603 13.370687684633127 12.615808270578626 12.952834152416218 8.662066446870517 13.326353106532935 3.7265199221257355 18.822256974125075 13.998629890814316 2.1502240859966206 6.356166486963663 13.193448508255907 11.673475442215143 15.643443152004615 13.365007762811063 7.047066789097432 0.0 6.797653525298269 9.248455668380531 4.268838517676675 7.1357932404183355 6.881036175606112 6.134607358258555 9.162565707267808 
4.260820217986205 3.0257336779696913 4.380820051086325 6.662925341019514 16.587106535499192 4.996678068477096 7.649295570835266 11.875373672015545 8.350189937959495 14.338678523838936 4.932532761168445 3.1889846221015232 6.256566643934993 6.0468524126193115 15.947582380097616 3.5750369648438602 4.673257202423167 11.393460972417467 9.250685849168157 15.15581178591236 14.007474415111384 7.361760284741686 2.0012259292743537 6.617815250518859 9.68570724005222 13.095287009073148 15.668178998530749 8.866677096297124 13.038238544374007 9.78367414676102 13.71809089961136 10.372666998414633 6.886566599547266 4.403246150285038 6.797653525298269 0.0 11.694569440556588 3.707834262746921 11.679234853362612 7.775092386589371 3.9188433459376766 8.841172119690919 
15.718469097529825 8.674938462605947 8.183459151239164 17.186322541486298 6.235002930231869 15.821858825055925 12.737453865274645 14.648524190852813 7.944329550062738 3.110808777472507 16.298735334988418 8.542733419696534 5.673492082483242 14.158985049077495 6.64162215802736 13.938288340395317 10.523344810467819 15.565512372228548 5.3951984022832775 4.1251709794867875 3.5150070796514763 12.703258634303248 12.319867441656992 17.34559677756865 12.206336492985928 17.23382250836999 4.7570595297935885 10.049587661690405 12.338011746630817 9.534272719510389 2.4253705387012507 13.916327105238654 14.846150068283697 14.757891549269498 9.248455668380531 11.694569440556588 0.0 12.039427064441233 3.704987195659385 15.92571626332706 13.841906468763618 4.292372245041197 
4.666138678822138 4.499077799949674 6.870384388081936 9.69601974523567 17.749032325735396 4.0501744456257684 3.9941581803929602 15.461680369545864 11.068761341722025 15.032691489217756 4.977541614090233 4.3982561362430905 7.660698224705108 9.73557926884682 17.444924942515517 2.2552424836367377 1.8766329955534728 15.067519220163614 11.233597927645443 15.974338247639555 14.991957596324772 11.000522417140015 5.689562578968616 9.529061053954896 6.247619426629634 16.788413565611254 16.559695098944303 5.941932056999643 9.870077329990885 12.785533833594902 14.357803949420678 13.977725260570836 10.562554721751741 2.878621423528978 4.268838517676675 3.707834262746921 12.039427064441233 0.0 10.854589333549198 4.543931621404529 1.9326609247356354 10.40638654529035 
15.169266479629133 8.79349238073247 9.331245501003604 17.951986410979703 9.542270636488992 14.885802537989008 10.422066346459323 17.378827396864267 10.563741785939298 6.300139354807955 15.64171085399548 8.567158898958278 6.916855847131702 15.5598611028505 10.218069418926454 13.020370920215752 9.062483361639899 18.059161050558245 8.314476416467848 7.298427899897345 7.040827003271704 14.68204310884558 12.84814637603417 18.0210407493574 9.315159005620892 19.821857583233715 7.925919298731221 7.24231926457264 8.811554270388397 12.410965859674258 5.70331040098643 16.43414836065441 16.347649810599687 13.728526636897348 7.1357932404183355 11.679234853362612 3.704987195659385 10.854589333549198 0.0 14.011508536199806 12.78078669918249 6.950928425037909 
5.968356819929586 9.040779179362806 11.406260576543042 12.178052415719028 21.906765523006815 4.3562755583181385 3.826310798928911 19.633158056970863 15.606649291247626 19.01149466112541 5.691898707812711 8.929952135370044 12.109936923452574 13.384521300367824 21.745209415639113 4.399499139674879 5.482046743689805 19.052594438815934 15.729185106037757 19.99642406456714 19.114935455030967 15.098348094079697 9.536239848074294 11.873710871079858 6.124803925024865 20.681282152951734 20.607215870417814 7.302541566468485 9.805824836289906 17.291575418393776 18.325451979419224 18.12330244188404 14.128112380994143 3.870617568295788 6.881036175606112 7.775092386589371 15.92571626332706 4.543931621404529 14.011508536199806 0.0 3.9222126829125425 14.827275029822575 
2.955974614234703 5.791474354600908 7.921777596600399 8.679443660166243 19.40545970210446 2.1186341567151223 5.045781735271554 15.725789852977178 12.078187127628052 16.786354215850444 3.1384273402454292 5.767800853878365 9.142022705069156 9.485770704059844 19.004149875750823 0.5630129749837032 3.7928924912261888 15.130413193300438 12.580192504488952 17.705906974792338 16.679981376488406 11.185771323426918 5.615270028235508 8.440345414732741 7.551838825743039 16.764042961052088 18.27749501490836 7.626922762162995 11.320310722325603 13.63378624814105 16.1190392176457 14.21326192012235 10.24785593673135 0.9477400751260859 6.134607358258555 3.9188433459376766 13.841906468763618 1.9326609247356354 12.78078669918249 3.9222126829125425 0.0 11.889502385718252 
13.094148865046558 6.121002703805971 4.633598244345317 13.403377485171415 7.759787853414551 13.591457290886801 12.42353690782138 10.493093204579857 3.6968683895967946 5.898050542340238 13.751027982300087 6.12287929735676 2.752309938942199 10.077573381027795 7.140929356883458 11.820132962450126 9.421065405250088 11.315953178588181 1.4156996750723658 6.542210349721261 5.3079464974696196 8.43636900568011 8.909061122811988 13.618664472700692 12.772089400329142 13.019739899859752 6.9790304340932625 10.739329457652373 14.108103451917271 5.4633860453019425 5.400682819792326 9.668757130572681 10.708063378594657 12.698983742410256 9.162565707267808 8.841172119690919 4.292372245041197 10.40638654529035 6.950928425037909 14.827275029822575 11.889502385718252 0.0 
