DIMENSION: 27
N: 15
M: 5
K: 2

SERVICE: 
318 395 85 77 343 324 256 452 281 175 189 141 456 68 131 

DIST MATRIX: 
    0   749   926   534   432  1059   702   888   872   282   406   688   324   810   575   835  1013  1119   437   937   682  1040   584   402   807   545    18     0 
  449     0   407   142   203   615   273   375   402   272   232   382   323   397   106   336   521   684   243   578   224   579   384   118   288   191   522     0 
  732   415     0   364   473   427   305    94   240   590   507   458   614   341   293   142   264   509   506   510   252   370   556   444    48   382   848     0 
  467   495   479     0   256   716   248   457   500   198   276   476   344   500   208   428   612   674   140   680   326   677   292   100   351   280   476     0 
  564   137   296   456     0   290   500   228   109   585   371   191   472    71   232   148   260   788   576   259   110   267   698   421   292   228   769     0 
  508    46   469   578   358     0   654   400   253   643   375    85   451   125   335   322   385   964   676   164   244   335   823   492   467   268   765     0 
  913   864   592   379   705   958     0   625   758   561   728   872   793   825   594   657   791   351   400  1012   666   901   246   551   492   698   838     0 
  993   782   395   470   744   772   297     0   611   717   775   815   867   713   580   515   589   143   567   882   597   710   488   636   358   690  1006     0 
  621   164   506   690   485   254   749   441     0   769   501   210   574   179   449   373   373  1022   795    46   344   287   935   616   535   392   888     0 
  315   431   549   229   125   706   396   509   505     0   134   392   191   465   198   459   640   819   243   625   313   679   423    52   435   202   378     0 
  123   381   719   537   216   709   691   658   573   431     0   309   143   469   382   583   724  1099   551   544   420   709   734   366   644   282   417     0 
  303   201   522   433   142   523   558   459   372   434   152     0   227   276   218   382   523   938   498   389   223   516   666   301   460   108   540     0 
  549   133   303   445   326   306   493   235   124   569   355   182     0    80   217   154   275   789   563   267    97   283   687   406   292   211   752     0 
  616   162   278   496   397   238   525   209    63   636   426   228   526     0   280   136   211   786   620   237   158   213   735   472   298   282   823     0 
  439   418   434   128   202   644   275   403   430   244   228   401   313   424     0   365   550   692   217   603   251   608   366    93   312   206   498     0 
  670   284   149   422   422   308   414    81   101   608   456   337   563   202   260     0   185   650   559   368   166   259   646   447   168   314   833     0 
  824   366   201   602   591   184   568   172   151   792   622   436   727   267   441   185     0   705   741   347   333   122   815   631   309   477  1011     0 
 1131   922   521   599   884   889   426   582   742   839   915   957  1006   850   723   650   705     0   683  1013   740   827   577   770   498   833  1128     0 
  526   633   591   142   366   853   277   578   636   162   377   610   415   640   348   559   741   683     0   819   466   812   184   198   459   413   447     0 
  665   195   494   709   520   214   758   431   271   801   538   249   614   188   472   368   347  1013   819     0   361   252   953   644   534   423   928     0 
  504   198   299   349   259   396   410   238   192   478   292   218   398   175   122   166   333   740   466   361     0   366   592   314   245   148   678     0 
  818   330   318   679   609    62   668   276   177   843   637   403   736   240   486   259   122   827   812   252   366     0   904   679   411   495  1035     0 
  709   778   636   245   542   953   259   643   737   334   557   766   599   767   488   646   815   577   184   953   592   904     0   374   508   572   597     0 
  367   452   525   177   168   710   346   491   502   164   182   420   243   476   193   447   631   770   198   644   314   679   374     0   405   224   404     0 
  707   424   133   317   446   466   259   137   269   547   481   460   586   358   266   168   309   498   459   534   245   411   508   405     0   363   809     0 
  357   229   441   333   115   515   451   384   330   378   145   198   251   268   110   314   477   833   413   423   148   495   572   224   363     0   541     0 
  304   741   927   540   426  1053   709   887   868   290   400   680   314   804   573   833  1011  1128   447   928   678  1035   597   404   809   541     0     0 
    0     0     0     0     0     0     0     0     0     0     0     0     0     0     0     0     0     0     0     0     0     0     0     0     0     0     0     0 
