DIMENSION: 27
N: 15
M: 5
K: 2

SERVICE: 
278 62 567 203 365 122 430 140 299 30 314 161 210 118 343 

DIST MATRIX: 
    0   395   533   387   566   478   529   702   530   729    93   655   423   562   529   633   441   502   403   159   756   527   572   443   646   355   260     0 
  101     0   436    69   718   543   209   700   703   705   380   654   480   429   405   619    81   140   747   333   917   177   221   698   309   716   320     0 
  365   261     0   260   935   742   223   840   931   830   657   800   686   535   527   763   198   138  1023   602  1125   127    93   953   191   992   542     0 
  273   318   705     0   978   812   412   972   959   975   577   926   749   692   671   891   237   248   922   560  1179   193   206   929   454   835   320     0 
  476   397    59   510     0   168   376   260   378   267   422   214   143   111    91   179   485   507   667   338   538   571   601   473   458   762   661     0 
  533   462   110   572   310     0   443   199   328   213   444   152   123   160   149   119   550   573   653   365   474   638   668   441   522   764   708     0 
  424   396   204   487   300   127     0   334   293   359   287   287    63   251   222   263   485   523   521   212   497   581   619   347   534   614   572     0 
  771   670   287   790   437   340   601     0   478    94   706   163   374   295   316   166   751   758   876   629   508   823   844   633   638  1011   962     0 
  418   464   405   513   334   273   552   501     0   535   139   458   234   449   418   443   540   592   331   131   526   638   681   239   668   411   484     0 
  746   666   282   781   316   248   624    21   359     0   634    65   297   310   321    94   753   769   767   563   391   835   861   519   681   914   919     0 
  118    86   369   151   632   460   219   625   618   633     0   578   396   369   342   544   159   211   680   257   832   258   300   616   334   667   336     0 
  772   725   375   828   173   222   715   153   222   197   592     0   286   418   416   193   814   842   647   538   227   905   937   390   791   816   913     0 
  546   451    64   568   394   213   403   215   416   209   507   177     0    91   100   140   535   549   740   423   545   614   640   532   466   843   739     0 
  403   322    89   434   415   217   311   335   420   341   382   289   171     0    85   254   410   434   662   295   597   498   529   493   402   737   594     0 
  789   696   309   814   399   324   636   104   442    62   702   139   366   325     0   154   780   790   850   628   458   855   878   602   680   994   973     0 
  652   575   196   688   296   173   541    81   330    96   548    37   212   232   236     0   662   681   712   474   417   746   774   475   606   845   825     0 
  169    90   472    75   784   603   184   743   773   743   461   699   542   456   437   662     0    61   828   413   982    99   141   775   260   794   369     0 
  230   130   487   131   822   636   165   761   814   757   519   718   577   465   449   681    61     0   886   467  1018    66    96   824   215   855   424     0 
  676   765   724   783   475   543   873   747   426   789   367   714   531   772   743   712   828   886     0   428   587   921   966   258   990   208   636     0 
  288   341   380   383   439   325   445   545   411   571    87   498   267   413   380   474   413   467   428     0   638   510   554   370   563   454   376     0 
  909   893   583   982   201   383   908   379   228   421   665   388   441   631   623   417   982  1018   587   638     0  1078  1114   348   995   785  1009     0 
  249   185   552   141   881   697   228   826   871   823   555   783   637   531   515   746    99    66   921   510  1078     0    45   873   260   876   415     0 
  294   224   579   185   919   732   244   853   909   848   600   811   673   554   540   774   141    96   966   554  1114    45     0   916   255   920   454     0 
  658   694   532   752   217   320   764   499   168   543   362   471   330   584   560   475   775   824   258   370   348   873   916     0   874   442   704     0 
  410   257   416   334   817   618   118   678   821   663   636   643   572   375   375   606   260   215   990   563   995   260   255   874     0   999   625     0 
  627   750   813   735   651   672   881   893   602   932   370   855   643   854   822   845   794   855   208   454   785   876   920   442   999     0   521     0 
  224   380   681   294   813   695   530   902   781   921   346   854   633   692   662   825   369   424   636   376  1009   415   454   704   625   521     0     0 
    0     0     0     0     0     0     0     0     0     0     0     0     0     0     0     0     0     0     0     0     0     0     0     0     0     0     0     0 
